0,0,0
0,1,0
0,2,0
0,3,0
0,4,0
0,5,0
0,6,0
0,7,0
0,8,0
0,9,0
0,10,0
0,11,0
0,12,0
0,13,0
0,14,0
0,15,0
0,16,0
0,17,0
0,18,0
0,19,0
0,20,0
0,21,0
0,22,0
0,23,0
0,24,0
0,25,0
0,26,0
0,27,0
0,28,0
0,29,0
0,30,0
0,31,0
0,32,0
0,33,0
0,34,0
0,35,0
0,36,0
0,37,0
0,38,0
0,39,0
0,40,0
0,41,0
0,42,0
0,43,0
0,44,0
0,45,0
0,46,0
0,47,0
0,48,0
0,49,0
1,0,0
1,1,0
1,2,0
1,3,0
1,4,2.02562e-17
1,5,1.72692e-15
1,6,6.79442e-14
1,7,1.6375e-12
1,8,2.70668e-11
1,9,3.25668e-10
1,10,2.95618e-09
1,11,2.07232e-08
1,12,1.1407e-07
1,13,4.99701e-07
1,14,1.76505e-06
1,15,5.1043e-06
1,16,1.23192e-05
1,17,2.53922e-05
1,18,4.57888e-05
1,19,7.37894e-05
1,20,0.00010804
1,21,0.000145517
1,22,0.000181941
1,23,0.000212524
1,24,0.000232915
1,25,0.000240074
1,26,0.000232915
1,27,0.000212524
1,28,0.000181941
1,29,0.000145517
1,30,0.00010804
1,31,7.37894e-05
1,32,4.57888e-05
1,33,2.53922e-05
1,34,1.23192e-05
1,35,5.1043e-06
1,36,1.76505e-06
1,37,4.99701e-07
1,38,1.1407e-07
1,39,2.07232e-08
1,40,2.95618e-09
1,41,3.25668e-10
1,42,2.70668e-11
1,43,1.6375e-12
1,44,6.79442e-14
1,45,1.72692e-15
1,46,2.02562e-17
1,47,0
1,48,0
1,49,0
2,0,0
2,1,0
2,2,0
2,3,2.20977e-17
2,4,1.97363e-15
2,5,8.15414e-14
2,6,2.0689e-12
2,7,3.60978e-11
2,8,4.59724e-10
2,9,4.42913e-09
2,10,3.30383e-08
2,11,1.93915e-07
2,12,9.06866e-07
2,13,3.41857e-06
2,14,1.05252e-05
2,15,2.69175e-05
2,16,5.84276e-05
2,17,0.000110306
2,18,0.000185387
2,19,0.000282615
2,20,0.000396297
2,21,0.000516508
2,22,0.000630405
2,23,0.000724336
2,24,0.000786245
2,25,0.000807859
2,26,0.000786245
2,27,0.000724336
2,28,0.000630405
2,29,0.000516508
2,30,0.000396297
2,31,0.000282615
2,32,0.000185387
2,33,0.000110306
2,34,5.84276e-05
2,35,2.69175e-05
2,36,1.05252e-05
2,37,3.41857e-06
2,38,9.06866e-07
2,39,1.93915e-07
2,40,3.30383e-08
2,41,4.42913e-09
2,42,4.59724e-10
2,43,3.60978e-11
2,44,2.0689e-12
2,45,8.15414e-14
2,46,1.97363e-15
2,47,2.20977e-17
2,48,0
2,49,0
3,0,0
3,1,0
3,2,2.20977e-17
3,3,2.06334e-15
3,4,8.93033e-14
3,5,2.37869e-12
3,6,4.36666e-11
3,7,5.86421e-10
3,8,5.97064e-09
3,9,4.71588e-08
3,10,2.93523e-07
3,11,1.45652e-06
3,12,5.82102e-06
3,13,1.89458e-05
3,14,5.09524e-05
3,15,0.000115484
3,16,0.000226056
3,17,0.000392022
3,18,0.000615447
3,19,0.000888802
3,20,0.00119468
3,21,0.00150744
3,22,0.00179641
3,23,0.00203052
3,24,0.00218303
3,25,0.002236
3,26,0.00218303
3,27,0.00203052
3,28,0.00179641
3,29,0.00150744
3,30,0.00119468
3,31,0.000888802
3,32,0.000615447
3,33,0.000392022
3,34,0.000226056
3,35,0.000115484
3,36,5.09524e-05
3,37,1.89458e-05
3,38,5.82102e-06
3,39,1.45652e-06
3,40,2.93523e-07
3,41,4.71588e-08
3,42,5.97064e-09
3,43,5.86421e-10
3,44,4.36666e-11
3,45,2.37869e-12
3,46,8.93033e-14
3,47,2.06334e-15
3,48,2.20977e-17
3,49,0
4,0,0
4,1,2.02562e-17
4,2,1.97363e-15
4,3,8.93033e-14
4,4,2.49177e-12
4,5,4.80166e-11
4,6,6.78328e-10
4,7,7.28018e-09
4,8,6.07298e-08
4,9,3.99813e-07
4,10,2.1001e-06
4,11,8.88e-06
4,12,3.05042e-05
4,13,8.61603e-05
4,14,0.000203606
4,15,0.000412167
4,16,0.000734487
4,17,0.00118135
4,18,0.00174723
4,19,0.00240754
4,20,0.00312021
4,21,0.00382896
4,22,0.00447037
4,23,0.00498236
4,24,0.0053127
4,25,0.0054269
4,26,0.0053127
4,27,0.00498236
4,28,0.00447037
4,29,0.00382896
4,30,0.00312021
4,31,0.00240754
4,32,0.00174723
4,33,0.00118135
4,34,0.000734487
4,35,0.000412167
4,36,0.000203606
4,37,8.61603e-05
4,38,3.05042e-05
4,39,8.88e-06
4,40,2.1001e-06
4,41,3.99813e-07
4,42,6.07298e-08
4,43,7.28018e-09
4,44,6.78328e-10
4,45,4.80166e-11
4,46,2.49177e-12
4,47,8.93033e-14
4,48,1.97363e-15
4,49,1.08033e-17
5,0,0
5,1,1.72692e-15
5,2,8.15414e-14
5,3,2.37869e-12
5,4,4.80166e-11
5,5,7.12007e-10
5,6,8.03711e-09
5,7,7.06465e-08
5,8,4.90864e-07
5,9,2.72384e-06
5,10,1.21658e-05
5,11,4.40627e-05
5,12,0.000130658
5,13,0.000321875
5,14,0.000673329
5,15,0.00123034
5,16,0.00202083
5,17,0.00305049
5,18,0.00429407
5,19,0.00569441
5,20,0.00716495
5,21,0.00859624
5,22,0.00987085
5,23,0.0108759
5,24,0.0115195
5,25,0.0117409
5,26,0.0115195
5,27,0.0108759
5,28,0.00987085
5,29,0.00859624
5,30,0.00716495
5,31,0.0056944
5,32,0.00429407
5,33,0.00305049
5,34,0.00202083
5,35,0.00123034
5,36,0.000673329
5,37,0.000321875
5,38,0.000130658
5,39,4.40627e-05
5,40,1.21658e-05
5,41,2.72384e-06
5,42,4.90865e-07
5,43,7.06465e-08
5,44,8.03711e-09
5,45,7.12007e-10
5,46,4.80166e-11
5,47,2.37869e-12
5,48,8.15338e-14
5,49,9.57427e-16
6,0,0
6,1,6.79442e-14
6,2,2.0689e-12
6,3,4.36666e-11
6,4,6.78328e-10
6,5,8.03711e-09
6,6,7.42936e-08
6,7,5.43755e-07
6,8,3.18213e-06
6,9,1.49935e-05
6,10,5.72186e-05
6,11,0.000178155
6,12,0.000457907
6,13,0.000990611
6,14,0.00185535
6,15,0.00310718
6,16,0.00477928
6,17,0.00686445
6,18,0.00930127
6,19,0.0119771
6,20,0.0147276
6,21,0.0173585
6,22,0.019668
6,23,0.0214689
6,24,0.022614
6,25,0.023006
6,26,0.022614
6,27,0.0214689
6,28,0.019668
6,29,0.0173585
6,30,0.0147276
6,31,0.0119771
6,32,0.00930127
6,33,0.00686445
6,34,0.00477928
6,35,0.00310718
6,36,0.00185535
6,37,0.000990611
6,38,0.000457907
6,39,0.000178155
6,40,5.72186e-05
6,41,1.49935e-05
6,42,3.18213e-06
6,43,5.43755e-07
6,44,7.42936e-08
6,45,8.03711e-09
6,46,6.78328e-10
6,47,4.36666e-11
6,48,2.06832e-12
6,49,3.92509e-14
7,0,0
7,1,1.6375e-12
7,2,3.60978e-11
7,3,5.86421e-10
7,4,7.28018e-09
7,5,7.06465e-08
7,6,5.43755e-07
7,7,3.35114e-06
7,8,1.66405e-05
7,9,6.68921e-05
7,10,0.000218837
7,11,0.000587855
7,12,0.00131809
7,13,0.0025345
7,14,0.00432922
7,15,0.0067858
7,16,0.00995285
7,17,0.0137902
7,18,0.0181714
7,19,0.0228778
7,20,0.0276142
7,21,0.0320633
7,22,0.0359034
7,23,0.0388621
7,24,0.0407246
7,25,0.0413609
7,26,0.0407246
7,27,0.0388621
7,28,0.0359034
7,29,0.0320633
7,30,0.0276142
7,31,0.0228778
7,32,0.0181714
7,33,0.0137902
7,34,0.00995285
7,35,0.0067858
7,36,0.00432922
7,37,0.0025345
7,38,0.00131809
7,39,0.000587855
7,40,0.000218837
7,41,6.68921e-05
7,42,1.66405e-05
7,43,3.35114e-06
7,44,5.43755e-07
7,45,7.06465e-08
7,46,7.28018e-09
7,47,5.8642e-10
7,48,3.60772e-11
7,49,9.88325e-13
8,0,0
8,1,2.70668e-11
8,2,4.59724e-10
8,3,5.97064e-09
8,4,6.07298e-08
8,5,4.90864e-07
8,6,3.18213e-06
8,7,1.66405e-05
8,8,7.04608e-05
8,9,0.000242465
8,10,0.000682374
8,11,0.00159149
8,12,0.00315326
8,13,0.00550729
8,14,0.00881202
8,15,0.0132297
8,16,0.0187881
8,17,0.0253562
8,18,0.0326693
8,19,0.0403056
8,20,0.0477954
8,21,0.05466
8,22,0.0604606
8,23,0.0648592
8,24,0.0675922
8,25,0.0685242
8,26,0.0675922
8,27,0.0648592
8,28,0.0604606
8,29,0.05466
8,30,0.0477954
8,31,0.0403056
8,32,0.0326693
8,33,0.0253562
8,34,0.0187881
8,35,0.0132297
8,36,0.00881202
8,37,0.0055073
8,38,0.00315326
8,39,0.00159149
8,40,0.000682374
8,41,0.000242465
8,42,7.04608e-05
8,43,1.66405e-05
8,44,3.18213e-06
8,45,4.90865e-07
8,46,6.07298e-08
8,47,5.97063e-09
8,48,4.59286e-10
8,49,1.71187e-11
9,0,0
9,1,3.25668e-10
9,2,4.42913e-09
9,3,4.71588e-08
9,4,3.99813e-07
9,5,2.72384e-06
9,6,1.49935e-05
9,7,6.68921e-05
9,8,0.000242465
9,9,0.00071705
9,10,0.00174773
9,11,0.00358821
9,12,0.00643877
9,13,0.0105511
9,14,0.0162639
9,15,0.0237452
9,16,0.0328584
9,17,0.0432878
9,18,0.0544771
9,19,0.065735
9,20,0.0764192
9,21,0.0858906
9,22,0.0936986
9,23,0.0994804
9,24,0.10303
9,25,0.104225
9,26,0.10303
9,27,0.0994804
9,28,0.0936986
9,29,0.0858906
9,30,0.0764192
9,31,0.065735
9,32,0.0544771
9,33,0.0432878
9,34,0.0328584
9,35,0.0237452
9,36,0.0162639
9,37,0.0105511
9,38,0.00643877
9,39,0.00358821
9,40,0.00174773
9,41,0.00071705
9,42,0.000242465
9,43,6.68921e-05
9,44,1.49935e-05
9,45,2.72384e-06
9,46,3.99813e-07
9,47,4.71585e-08
9,48,4.42283e-09
9,49,2.16558e-10
10,0,0
10,1,2.95618e-09
10,2,3.30383e-08
10,3,2.93523e-07
10,4,2.1001e-06
10,5,1.21658e-05
10,6,5.72186e-05
10,7,0.000218837
10,8,0.000682374
10,9,0.00174773
10,10,0.00374495
10,11,0.00695267
10,12,0.0117229
10,13,0.0186074
10,14,0.0280034
10,15,0.0397809
10,16,0.0535305
10,17,0.0685937
10,18,0.0839774
10,19,0.0988179
10,20,0.112293
10,21,0.123777
10,22,0.13294
10,23,0.139514
10,24,0.143498
10,25,0.144801
10,26,0.143498
10,27,0.139514
10,28,0.13294
10,29,0.123777
10,30,0.112293
10,31,0.0988179
10,32,0.0839774
10,33,0.0685937
10,34,0.0535305
10,35,0.0397809
10,36,0.0280034
10,37,0.0186074
10,38,0.0117229
10,39,0.00695267
10,40,0.00374495
10,41,0.00174773
10,42,0.000682374
10,43,0.000218837
10,44,5.72186e-05
10,45,1.21658e-05
10,46,2.1001e-06
10,47,2.93519e-07
10,48,3.29739e-08
10,49,2.0744e-09
11,0,0
11,1,2.07232e-08
11,2,1.93915e-07
11,3,1.45652e-06
11,4,8.88e-06
11,5,4.40627e-05
11,6,0.000178155
11,7,0.000587855
11,8,0.00159149
11,9,0.00358821
11,10,0.00695267
11,11,0.0121361
11,12,0.0198866
11,13,0.0309017
11,14,0.0451368
11,15,0.0620358
11,16,0.0808798
11,17,0.100376
11,18,0.119243
11,19,0.136524
11,20,0.151298
11,21,0.163316
11,22,0.172381
11,23,0.178669
11,24,0.182333
11,25,0.183532
11,26,0.182333
11,27,0.178669
11,28,0.172381
11,29,0.163316
11,30,0.151298
11,31,0.136524
11,32,0.119243
11,33,0.100376
11,34,0.0808798
11,35,0.0620358
11,36,0.0451368
11,37,0.0309017
11,38,0.0198866
11,39,0.0121361
11,40,0.00695268
11,41,0.00358821
11,42,0.00159149
11,43,0.000587855
11,44,0.000178155
11,45,4.40627e-05
11,46,8.88e-06
11,47,1.45649e-06
11,48,1.93433e-07
11,49,1.54068e-08
12,0,0
12,1,1.1407e-07
12,2,9.06866e-07
12,3,5.82102e-06
12,4,3.05042e-05
12,5,0.000130658
12,6,0.000457907
12,7,0.00131809
12,8,0.00315326
12,9,0.00643877
12,10,0.0117229
12,11,0.0198866
12,12,0.0319321
12,13,0.048066
12,14,0.0676286
12,15,0.0898211
12,16,0.11317
12,17,0.13573
12,18,0.156275
12,19,0.173612
12,20,0.18731
12,21,0.197569
12,22,0.204586
12,23,0.209176
12,24,0.211577
12,25,0.212428
12,26,0.211577
12,27,0.209176
12,28,0.204586
12,29,0.197569
12,30,0.18731
12,31,0.173612
12,32,0.156275
12,33,0.13573
12,34,0.11317
12,35,0.0898211
12,36,0.0676286
12,37,0.048066
12,38,0.0319321
12,39,0.0198866
12,40,0.0117229
12,41,0.00643877
12,42,0.00315326
12,43,0.00131809
12,44,0.000457907
12,45,0.000130658
12,46,3.05042e-05
12,47,5.82079e-06
12,48,9.04198e-07
12,49,9.02224e-08
13,0,0
13,1,4.99701e-07
13,2,3.41857e-06
13,3,1.89458e-05
13,4,8.61603e-05
13,5,0.000321875
13,6,0.000990611
13,7,0.0025345
13,8,0.00550729
13,9,0.0105511
13,10,0.0186074
13,11,0.0309017
13,12,0.048066
13,13,0.0695729
13,14,0.0944837
13,15,0.12124
13,16,0.147192
13,17,0.17042
13,18,0.189595
13,19,0.203767
13,20,0.213588
13,21,0.219462
13,22,0.222675
13,23,0.224112
13,24,0.224615
13,25,0.224751
13,26,0.224615
13,27,0.224112
13,28,0.222675
13,29,0.219462
13,30,0.213588
13,31,0.203767
13,32,0.189595
13,33,0.17042
13,34,0.147192
13,35,0.12124
13,36,0.0944837
13,37,0.0695729
13,38,0.048066
13,39,0.0309017
13,40,0.0186074
13,41,0.0105511
13,42,0.00550729
13,43,0.0025345
13,44,0.000990611
13,45,0.000321875
13,46,8.61602e-05
13,47,1.89446e-05
13,48,3.40773e-06
13,49,4.22135e-07
14,0,0
14,1,1.76505e-06
14,2,1.05252e-05
14,3,5.09524e-05
14,4,0.000203606
14,5,0.000673329
14,6,0.00185535
14,7,0.00432922
14,8,0.00881203
14,9,0.0162639
14,10,0.0280034
14,11,0.0451368
14,12,0.0676286
14,13,0.0944837
14,14,0.123993
14,15,0.153071
14,16,0.178744
14,17,0.199335
14,18,0.213441
14,19,0.221597
14,20,0.224977
14,21,0.224831
14,22,0.223186
14,23,0.220817
14,24,0.219244
14,25,0.218473
14,26,0.219244
14,27,0.220817
14,28,0.223186
14,29,0.224831
14,30,0.224977
14,31,0.221597
14,32,0.213441
14,33,0.199335
14,34,0.178744
14,35,0.153071
14,36,0.123993
14,37,0.0944837
14,38,0.0676286
14,39,0.0451368
14,40,0.0280034
14,41,0.0162639
14,42,0.00881203
14,43,0.00432922
14,44,0.00185535
14,45,0.000673329
14,46,0.000203606
14,47,5.09481e-05
14,48,1.04941e-05
14,49,1.59757e-06
15,0,0
15,1,5.1043e-06
15,2,2.69175e-05
15,3,0.000115484
15,4,0.000412167
15,5,0.00123034
15,6,0.00310718
15,7,0.0067858
15,8,0.0132297
15,9,0.0237452
15,10,0.0397809
15,11,0.0620358
15,12,0.0898211
15,13,0.12124
15,14,0.153071
15,15,0.181467
15,16,0.203736
15,17,0.218128
15,18,0.224578
15,19,0.224916
15,20,0.220703
15,21,0.214538
15,22,0.207957
15,23,0.202427
15,24,0.19883
15,25,0.197531
15,26,0.19883
15,27,0.202427
15,28,0.207957
15,29,0.214538
15,30,0.220703
15,31,0.224916
15,32,0.224578
15,33,0.218128
15,34,0.203736
15,35,0.181467
15,36,0.153071
15,37,0.12124
15,38,0.0898211
15,39,0.0620358
15,40,0.0397809
15,41,0.0237452
15,42,0.0132297
15,43,0.0067858
15,44,0.00310718
15,45,0.00123034
15,46,0.000412165
15,47,0.000115474
15,48,2.68632e-05
15,49,4.95688e-06
16,0,0
16,1,1.23192e-05
16,2,5.84276e-05
16,3,0.000226056
16,4,0.000734487
16,5,0.00202083
16,6,0.00477928
16,7,0.00995285
16,8,0.0187881
16,9,0.0328584
16,10,0.0535305
16,11,0.0808798
16,12,0.11317
16,13,0.147192
16,14,0.178744
16,15,0.203736
16,16,0.219479
16,17,0.225387
16,18,0.223138
16,19,0.215137
16,20,0.204221
16,21,0.192966
16,22,0.182814
16,23,0.175183
16,24,0.170284
16,25,0.168747
16,26,0.170285
16,27,0.175183
16,28,0.182814
16,29,0.192966
16,30,0.204221
16,31,0.215137
16,32,0.223138
16,33,0.225387
16,34,0.21948
16,35,0.203736
16,36,0.178744
16,37,0.147192
16,38,0.11317
16,39,0.0808798
16,40,0.0535305
16,41,0.0328584
16,42,0.0187881
16,43,0.00995285
16,44,0.00477928
16,45,0.00202083
16,46,0.000734484
16,47,0.000226043
16,48,5.84212e-05
16,49,1.28184e-05
17,0,0
17,1,2.53922e-05
17,2,0.000110306
17,3,0.000392022
17,4,0.00118135
17,5,0.00305049
17,6,0.00686445
17,7,0.0137902
17,8,0.0253562
17,9,0.0432878
17,10,0.0685937
17,11,0.100376
17,12,0.13573
17,13,0.17042
17,14,0.199335
17,15,0.218128
17,16,0.225387
17,17,0.222244
17,18,0.2114
17,19,0.196542
17,20,0.180795
17,21,0.166373
17,22,0.154609
17,23,0.146042
17,24,0.140907
17,25,0.139184
17,26,0.140907
17,27,0.146042
17,28,0.154609
17,29,0.166373
17,30,0.180795
17,31,0.196542
17,32,0.2114
17,33,0.222244
17,34,0.225387
17,35,0.218128
17,36,0.199335
17,37,0.17042
17,38,0.13573
17,39,0.100376
17,40,0.0685937
17,41,0.0432878
17,42,0.0253562
17,43,0.0137902
17,44,0.00686445
17,45,0.00305049
17,46,0.00118135
17,47,0.000392041
17,48,0.000110619
17,49,2.81784e-05
18,0,0
18,1,4.57888e-05
18,2,0.000185387
18,3,0.000615447
18,4,0.00174723
18,5,0.00429407
18,6,0.00930127
18,7,0.0181714
18,8,0.0326693
18,9,0.0544771
18,10,0.0839774
18,11,0.119243
18,12,0.156275
18,13,0.189595
18,14,0.213441
18,15,0.224578
18,16,0.223138
18,17,0.2114
18,18,0.193764
18,19,0.17433
18,20,0.155951
18,21,0.140595
18,22,0.128599
18,23,0.120374
18,24,0.115421
18,25,0.113893
18,26,0.115421
18,27,0.120374
18,28,0.128599
18,29,0.140595
18,30,0.155951
18,31,0.17433
18,32,0.193764
18,33,0.2114
18,34,0.223138
18,35,0.224578
18,36,0.213441
18,37,0.189595
18,38,0.156275
18,39,0.119243
18,40,0.0839774
18,41,0.0544771
18,42,0.0326693
18,43,0.0181714
18,44,0.00930127
18,45,0.00429407
18,46,0.00174724
18,47,0.000615595
18,48,0.000186621
18,49,5.37998e-05
19,0,0
19,1,7.37894e-05
19,2,0.000282615
19,3,0.000888802
19,4,0.00240754
19,5,0.00569441
19,6,0.0119771
19,7,0.0228778
19,8,0.0403056
19,9,0.065735
19,10,0.0988179
19,11,0.136524
19,12,0.173612
19,13,0.203767
19,14,0.221597
19,15,0.224916
19,16,0.215137
19,17,0.196542
19,18,0.17433
19,19,0.152427
19,20,0.133566
19,21,0.118507
19,22,0.107426
19,23,0.0999173
19,24,0.095537
19,25,0.094148
19,26,0.095537
19,27,0.0999174
19,28,0.107426
19,29,0.118508
19,30,0.133566
19,31,0.152427
19,32,0.17433
19,33,0.196542
19,34,0.215137
19,35,0.224916
19,36,0.221597
19,37,0.203767
19,38,0.173612
19,39,0.136524
19,40,0.0988179
19,41,0.065735
19,42,0.0403056
19,43,0.0228778
19,44,0.0119771
19,45,0.00569441
19,46,0.0024076
19,47,0.000889265
19,48,0.000285715
19,49,9.10301e-05
20,0,0
20,1,0.00010804
20,2,0.000396297
20,3,0.00119468
20,4,0.00312021
20,5,0.00716495
20,6,0.0147276
20,7,0.0276142
20,8,0.0477954
20,9,0.0764192
20,10,0.112293
20,11,0.151298
20,12,0.18731
20,13,0.213588
20,14,0.224977
20,15,0.220703
20,16,0.204221
20,17,0.180794
20,18,0.155951
20,19,0.133566
20,20,0.115248
20,21,0.101386
20,22,0.0914192
20,23,0.084706
20,24,0.0808047
20,25,0.0795025
20,26,0.0808046
20,27,0.084706
20,28,0.0914191
20,29,0.101386
20,30,0.115248
20,31,0.133566
20,32,0.155951
20,33,0.180795
20,34,0.204221
20,35,0.220703
20,36,0.224977
20,37,0.213588
20,38,0.18731
20,39,0.151298
20,40,0.112293
20,41,0.0764192
20,42,0.0477954
20,43,0.0276142
20,44,0.0147276
20,45,0.00716497
20,46,0.00312036
20,47,0.00119571
20,48,0.000402398
20,49,0.000138779
21,0,0
21,1,0.000145517
21,2,0.000516508
21,3,0.00150744
21,4,0.00382896
21,5,0.00859624
21,6,0.0173585
21,7,0.0320633
21,8,0.05466
21,9,0.0858906
21,10,0.123777
21,11,0.163316
21,12,0.197569
21,13,0.219462
21,14,0.224831
21,15,0.214538
21,16,0.192966
21,17,0.166373
21,18,0.140595
21,19,0.118507
21,20,0.101386
21,21,0.0887217
21,22,0.0796259
21,23,0.0733811
21,24,0.0695196
21,25,0.0682191
21,26,0.0695196
21,27,0.073381
21,28,0.079626
21,29,0.0887216
21,30,0.101386
21,31,0.118507
21,32,0.140595
21,33,0.166373
21,34,0.192966
21,35,0.214538
21,36,0.224831
21,37,0.219462
21,38,0.197569
21,39,0.163316
21,40,0.123777
21,41,0.0858906
21,42,0.05466
21,43,0.0320633
21,44,0.0173585
21,45,0.00859628
21,46,0.00382925
21,47,0.00150929
21,48,0.000526609
21,49,0.00019307
22,0,0
22,1,0.000181941
22,2,0.000630405
22,3,0.00179641
22,4,0.00447037
22,5,0.00987085
22,6,0.019668
22,7,0.0359034
22,8,0.0604606
22,9,0.0936986
22,10,0.13294
22,11,0.172381
22,12,0.204586
22,13,0.222675
22,14,0.223186
22,15,0.207957
22,16,0.182814
22,17,0.154609
22,18,0.128599
22,19,0.107426
22,20,0.0914191
22,21,0.0796261
22,22,0.070965
22,23,0.0644933
22,24,0.0601567
22,25,0.0583454
22,26,0.0601567
22,27,0.0644934
22,28,0.070965
22,29,0.0796259
22,30,0.0914192
22,31,0.107426
22,32,0.128599
22,33,0.154609
22,34,0.182814
22,35,0.207957
22,36,0.223186
22,37,0.222675
22,38,0.204586
22,39,0.172381
22,40,0.13294
22,41,0.0936986
22,42,0.0604606
22,43,0.0359034
22,44,0.019668
22,45,0.00987092
22,46,0.00447084
22,47,0.00179922
22,48,0.000644988
22,49,0.000247441
23,0,0
23,1,0.000212524
23,2,0.000724336
23,3,0.00203052
23,4,0.00498236
23,5,0.0108759
23,6,0.0214689
23,7,0.0388621
23,8,0.0648592
23,9,0.0994804
23,10,0.139514
23,11,0.178669
23,12,0.209176
23,13,0.224112
23,14,0.220817
23,15,0.202427
23,16,0.175183
23,17,0.146042
23,18,0.120374
23,19,0.0999174
23,20,0.084706
23,21,0.0733811
23,22,0.0644933
23,23,0.0571686
23,24,0.0510758
23,25,0.0477723
23,26,0.0510757
23,27,0.0571684
23,28,0.0644934
23,29,0.0733811
23,30,0.0847061
23,31,0.0999174
23,32,0.120374
23,33,0.146042
23,34,0.175183
23,35,0.202427
23,36,0.220817
23,37,0.224112
23,38,0.209176
23,39,0.178669
23,40,0.139514
23,41,0.0994804
23,42,0.0648592
23,43,0.0388621
23,44,0.0214689
23,45,0.010876
23,46,0.00498301
23,47,0.00203426
23,48,0.000743075
23,49,0.000294113
24,0,0
24,1,0.000232915
24,2,0.000786245
24,3,0.00218303
24,4,0.0053127
24,5,0.0115195
24,6,0.022614
24,7,0.0407246
24,8,0.0675922
24,9,0.10303
24,10,0.143498
24,11,0.182333
24,12,0.211577
24,13,0.224615
24,14,0.219244
24,15,0.19883
24,16,0.170285
24,17,0.140907
24,18,0.115421
24,19,0.095537
24,20,0.0808047
24,21,0.0695196
24,22,0.0601566
24,23,0.0510756
24,24,0.0413645
24,25,0.032331
24,26,0.0413647
24,27,0.0510756
24,28,0.0601566
24,29,0.0695196
24,30,0.0808047
24,31,0.095537
24,32,0.115421
24,33,0.140907
24,34,0.170284
24,35,0.19883
24,36,0.219244
24,37,0.224615
24,38,0.211577
24,39,0.182333
24,40,0.143498
24,41,0.10303
24,42,0.0675922
24,43,0.0407246
24,44,0.022614
24,45,0.0115196
24,46,0.00531349
24,47,0.00218746
24,48,0.000807935
24,49,0.000325685
25,0,0
25,1,0.000240074
25,2,0.000807859
25,3,0.002236
25,4,0.0054269
25,5,0.0117409
25,6,0.023006
25,7,0.0413609
25,8,0.0685242
25,9,0.104225
25,10,0.144801
25,11,0.183532
25,12,0.212428
25,13,0.224751
25,14,0.218473
25,15,0.197531
25,16,0.168747
25,17,0.139184
25,18,0.113893
25,19,0.0941481
25,20,0.0795025
25,21,0.0682191
25,22,0.0583453
25,23,0.0477724
25,24,0.0323312
25,25,8.36483e-05
25,26,0.0323311
25,27,0.0477725
25,28,0.0583455
25,29,0.068219
25,30,0.0795026
25,31,0.0941479
25,32,0.113893
25,33,0.139184
25,34,0.168747
25,35,0.197531
25,36,0.218473
25,37,0.224751
25,38,0.212428
25,39,0.183532
25,40,0.144801
25,41,0.104225
25,42,0.0685242
25,43,0.0413609
25,44,0.0230061
25,45,0.0117411
25,46,0.00542774
25,47,0.00224067
25,48,0.000830618
25,49,0.00033685
26,0,0
26,1,0.000232915
26,2,0.000786245
26,3,0.00218303
26,4,0.0053127
26,5,0.0115195
26,6,0.022614
26,7,0.0407246
26,8,0.0675922
26,9,0.10303
26,10,0.143498
26,11,0.182333
26,12,0.211577
26,13,0.224615
26,14,0.219244
26,15,0.19883
26,16,0.170285
26,17,0.140907
26,18,0.115421
26,19,0.095537
26,20,0.0808047
26,21,0.0695196
26,22,0.0601566
26,23,0.0510756
26,24,0.0413645
26,25,0.032331
26,26,0.0413647
26,27,0.0510756
26,28,0.0601566
26,29,0.0695196
26,30,0.0808047
26,31,0.095537
26,32,0.115421
26,33,0.140907
26,34,0.170284
26,35,0.19883
26,36,0.219244
26,37,0.224615
26,38,0.211577
26,39,0.182333
26,40,0.143498
26,41,0.10303
26,42,0.0675922
26,43,0.0407246
26,44,0.022614
26,45,0.0115196
26,46,0.00531349
26,47,0.00218746
26,48,0.000807935
26,49,0.000325685
27,0,0
27,1,0.000212524
27,2,0.000724336
27,3,0.00203052
27,4,0.00498236
27,5,0.0108759
27,6,0.0214689
27,7,0.0388621
27,8,0.0648592
27,9,0.0994804
27,10,0.139514
27,11,0.178669
27,12,0.209176
27,13,0.224112
27,14,0.220817
27,15,0.202427
27,16,0.175183
27,17,0.146042
27,18,0.120374
27,19,0.0999174
27,20,0.084706
27,21,0.0733811
27,22,0.0644933
27,23,0.0571686
27,24,0.0510758
27,25,0.0477723
27,26,0.0510757
27,27,0.0571684
27,28,0.0644934
27,29,0.0733811
27,30,0.0847061
27,31,0.0999174
27,32,0.120374
27,33,0.146042
27,34,0.175183
27,35,0.202427
27,36,0.220817
27,37,0.224112
27,38,0.209176
27,39,0.178669
27,40,0.139514
27,41,0.0994804
27,42,0.0648592
27,43,0.0388621
27,44,0.0214689
27,45,0.010876
27,46,0.00498301
27,47,0.00203426
27,48,0.000743075
27,49,0.000294113
28,0,0
28,1,0.000181941
28,2,0.000630405
28,3,0.00179641
28,4,0.00447037
28,5,0.00987085
28,6,0.019668
28,7,0.0359034
28,8,0.0604606
28,9,0.0936986
28,10,0.13294
28,11,0.172381
28,12,0.204586
28,13,0.222675
28,14,0.223186
28,15,0.207957
28,16,0.182814
28,17,0.154609
28,18,0.128599
28,19,0.107426
28,20,0.0914191
28,21,0.0796261
28,22,0.070965
28,23,0.0644933
28,24,0.0601567
28,25,0.0583454
28,26,0.0601567
28,27,0.0644934
28,28,0.070965
28,29,0.0796259
28,30,0.0914192
28,31,0.107426
28,32,0.128599
28,33,0.154609
28,34,0.182814
28,35,0.207957
28,36,0.223186
28,37,0.222675
28,38,0.204586
28,39,0.172381
28,40,0.13294
28,41,0.0936986
28,42,0.0604606
28,43,0.0359034
28,44,0.019668
28,45,0.00987092
28,46,0.00447084
28,47,0.00179922
28,48,0.000644988
28,49,0.000247441
29,0,0
29,1,0.000145517
29,2,0.000516508
29,3,0.00150744
29,4,0.00382896
29,5,0.00859624
29,6,0.0173585
29,7,0.0320633
29,8,0.05466
29,9,0.0858906
29,10,0.123777
29,11,0.163316
29,12,0.197569
29,13,0.219462
29,14,0.224831
29,15,0.214538
29,16,0.192966
29,17,0.166373
29,18,0.140595
29,19,0.118507
29,20,0.101386
29,21,0.0887217
29,22,0.0796259
29,23,0.0733811
29,24,0.0695196
29,25,0.0682191
29,26,0.0695196
29,27,0.073381
29,28,0.079626
29,29,0.0887216
29,30,0.101386
29,31,0.118507
29,32,0.140595
29,33,0.166373
29,34,0.192966
29,35,0.214538
29,36,0.224831
29,37,0.219462
29,38,0.197569
29,39,0.163316
29,40,0.123777
29,41,0.0858906
29,42,0.05466
29,43,0.0320633
29,44,0.0173585
29,45,0.00859628
29,46,0.00382925
29,47,0.00150929
29,48,0.000526609
29,49,0.00019307
30,0,0
30,1,0.00010804
30,2,0.000396297
30,3,0.00119468
30,4,0.00312021
30,5,0.00716495
30,6,0.0147276
30,7,0.0276142
30,8,0.0477954
30,9,0.0764192
30,10,0.112293
30,11,0.151298
30,12,0.18731
30,13,0.213588
30,14,0.224977
30,15,0.220703
30,16,0.204221
30,17,0.180794
30,18,0.155951
30,19,0.133566
30,20,0.115248
30,21,0.101386
30,22,0.0914192
30,23,0.084706
30,24,0.0808047
30,25,0.0795025
30,26,0.0808046
30,27,0.084706
30,28,0.0914191
30,29,0.101386
30,30,0.115248
30,31,0.133566
30,32,0.155951
30,33,0.180795
30,34,0.204221
30,35,0.220703
30,36,0.224977
30,37,0.213588
30,38,0.18731
30,39,0.151298
30,40,0.112293
30,41,0.0764192
30,42,0.0477954
30,43,0.0276142
30,44,0.0147276
30,45,0.00716497
30,46,0.00312036
30,47,0.00119571
30,48,0.000402398
30,49,0.000138779
31,0,0
31,1,7.37894e-05
31,2,0.000282615
31,3,0.000888802
31,4,0.00240754
31,5,0.00569441
31,6,0.0119771
31,7,0.0228778
31,8,0.0403056
31,9,0.065735
31,10,0.0988179
31,11,0.136524
31,12,0.173612
31,13,0.203767
31,14,0.221597
31,15,0.224916
31,16,0.215137
31,17,0.196542
31,18,0.17433
31,19,0.152427
31,20,0.133566
31,21,0.118507
31,22,0.107426
31,23,0.0999173
31,24,0.095537
31,25,0.094148
31,26,0.095537
31,27,0.0999174
31,28,0.107426
31,29,0.118508
31,30,0.133566
31,31,0.152427
31,32,0.17433
31,33,0.196542
31,34,0.215137
31,35,0.224916
31,36,0.221597
31,37,0.203767
31,38,0.173612
31,39,0.136524
31,40,0.0988179
31,41,0.065735
31,42,0.0403056
31,43,0.0228778
31,44,0.0119771
31,45,0.00569441
31,46,0.0024076
31,47,0.000889265
31,48,0.000285715
31,49,9.10301e-05
32,0,0
32,1,4.57888e-05
32,2,0.000185387
32,3,0.000615447
32,4,0.00174723
32,5,0.00429407
32,6,0.00930127
32,7,0.0181714
32,8,0.0326693
32,9,0.0544771
32,10,0.0839774
32,11,0.119243
32,12,0.156275
32,13,0.189595
32,14,0.213441
32,15,0.224578
32,16,0.223138
32,17,0.2114
32,18,0.193764
32,19,0.17433
32,20,0.155951
32,21,0.140595
32,22,0.128599
32,23,0.120374
32,24,0.115421
32,25,0.113893
32,26,0.115421
32,27,0.120374
32,28,0.128599
32,29,0.140595
32,30,0.155951
32,31,0.17433
32,32,0.193764
32,33,0.2114
32,34,0.223138
32,35,0.224578
32,36,0.213441
32,37,0.189595
32,38,0.156275
32,39,0.119243
32,40,0.0839774
32,41,0.0544771
32,42,0.0326693
32,43,0.0181714
32,44,0.00930127
32,45,0.00429407
32,46,0.00174724
32,47,0.000615595
32,48,0.000186621
32,49,5.37998e-05
33,0,0
33,1,2.53922e-05
33,2,0.000110306
33,3,0.000392022
33,4,0.00118135
33,5,0.00305049
33,6,0.00686445
33,7,0.0137902
33,8,0.0253562
33,9,0.0432878
33,10,0.0685937
33,11,0.100376
33,12,0.13573
33,13,0.17042
33,14,0.199335
33,15,0.218128
33,16,0.225387
33,17,0.222244
33,18,0.2114
33,19,0.196542
33,20,0.180795
33,21,0.166373
33,22,0.154609
33,23,0.146042
33,24,0.140907
33,25,0.139184
33,26,0.140907
33,27,0.146042
33,28,0.154609
33,29,0.166373
33,30,0.180795
33,31,0.196542
33,32,0.2114
33,33,0.222244
33,34,0.225387
33,35,0.218128
33,36,0.199335
33,37,0.17042
33,38,0.13573
33,39,0.100376
33,40,0.0685937
33,41,0.0432878
33,42,0.0253562
33,43,0.0137902
33,44,0.00686445
33,45,0.00305049
33,46,0.00118135
33,47,0.000392041
33,48,0.000110619
33,49,2.81784e-05
34,0,0
34,1,1.23192e-05
34,2,5.84276e-05
34,3,0.000226056
34,4,0.000734487
34,5,0.00202083
34,6,0.00477928
34,7,0.00995285
34,8,0.0187881
34,9,0.0328584
34,10,0.0535305
34,11,0.0808798
34,12,0.11317
34,13,0.147192
34,14,0.178744
34,15,0.203736
34,16,0.219479
34,17,0.225387
34,18,0.223138
34,19,0.215137
34,20,0.204221
34,21,0.192966
34,22,0.182814
34,23,0.175183
34,24,0.170284
34,25,0.168747
34,26,0.170285
34,27,0.175183
34,28,0.182814
34,29,0.192966
34,30,0.204221
34,31,0.215137
34,32,0.223138
34,33,0.225387
34,34,0.21948
34,35,0.203736
34,36,0.178744
34,37,0.147192
34,38,0.11317
34,39,0.0808798
34,40,0.0535305
34,41,0.0328584
34,42,0.0187881
34,43,0.00995285
34,44,0.00477928
34,45,0.00202083
34,46,0.000734484
34,47,0.000226043
34,48,5.84212e-05
34,49,1.28184e-05
35,0,0
35,1,5.1043e-06
35,2,2.69175e-05
35,3,0.000115484
35,4,0.000412167
35,5,0.00123034
35,6,0.00310718
35,7,0.0067858
35,8,0.0132297
35,9,0.0237452
35,10,0.0397809
35,11,0.0620358
35,12,0.0898211
35,13,0.12124
35,14,0.153071
35,15,0.181467
35,16,0.203736
35,17,0.218128
35,18,0.224578
35,19,0.224916
35,20,0.220703
35,21,0.214538
35,22,0.207957
35,23,0.202427
35,24,0.19883
35,25,0.197531
35,26,0.19883
35,27,0.202427
35,28,0.207957
35,29,0.214538
35,30,0.220703
35,31,0.224916
35,32,0.224578
35,33,0.218128
35,34,0.203736
35,35,0.181467
35,36,0.153071
35,37,0.12124
35,38,0.0898211
35,39,0.0620358
35,40,0.0397809
35,41,0.0237452
35,42,0.0132297
35,43,0.0067858
35,44,0.00310718
35,45,0.00123034
35,46,0.000412165
35,47,0.000115474
35,48,2.68632e-05
35,49,4.95688e-06
36,0,0
36,1,1.76505e-06
36,2,1.05252e-05
36,3,5.09524e-05
36,4,0.000203606
36,5,0.000673329
36,6,0.00185535
36,7,0.00432922
36,8,0.00881203
36,9,0.0162639
36,10,0.0280034
36,11,0.0451368
36,12,0.0676286
36,13,0.0944837
36,14,0.123993
36,15,0.153071
36,16,0.178744
36,17,0.199335
36,18,0.213441
36,19,0.221597
36,20,0.224977
36,21,0.224831
36,22,0.223186
36,23,0.220817
36,24,0.219244
36,25,0.218473
36,26,0.219244
36,27,0.220817
36,28,0.223186
36,29,0.224831
36,30,0.224977
36,31,0.221597
36,32,0.213441
36,33,0.199335
36,34,0.178744
36,35,0.153071
36,36,0.123993
36,37,0.0944837
36,38,0.0676286
36,39,0.0451368
36,40,0.0280034
36,41,0.0162639
36,42,0.00881203
36,43,0.00432922
36,44,0.00185535
36,45,0.000673329
36,46,0.000203606
36,47,5.09481e-05
36,48,1.04941e-05
36,49,1.59757e-06
37,0,0
37,1,4.99701e-07
37,2,3.41857e-06
37,3,1.89458e-05
37,4,8.61603e-05
37,5,0.000321875
37,6,0.000990611
37,7,0.0025345
37,8,0.00550729
37,9,0.0105511
37,10,0.0186074
37,11,0.0309017
37,12,0.048066
37,13,0.0695729
37,14,0.0944837
37,15,0.12124
37,16,0.147192
37,17,0.17042
37,18,0.189595
37,19,0.203767
37,20,0.213588
37,21,0.219462
37,22,0.222675
37,23,0.224112
37,24,0.224615
37,25,0.224751
37,26,0.224615
37,27,0.224112
37,28,0.222675
37,29,0.219462
37,30,0.213588
37,31,0.203767
37,32,0.189595
37,33,0.17042
37,34,0.147192
37,35,0.12124
37,36,0.0944837
37,37,0.0695729
37,38,0.048066
37,39,0.0309017
37,40,0.0186074
37,41,0.0105511
37,42,0.00550729
37,43,0.0025345
37,44,0.000990611
37,45,0.000321875
37,46,8.61602e-05
37,47,1.89446e-05
37,48,3.40773e-06
37,49,4.22135e-07
38,0,0
38,1,1.1407e-07
38,2,9.06866e-07
38,3,5.82102e-06
38,4,3.05042e-05
38,5,0.000130658
38,6,0.000457907
38,7,0.00131809
38,8,0.00315326
38,9,0.00643877
38,10,0.0117229
38,11,0.0198866
38,12,0.0319321
38,13,0.048066
38,14,0.0676286
38,15,0.0898211
38,16,0.11317
38,17,0.13573
38,18,0.156275
38,19,0.173612
38,20,0.18731
38,21,0.197569
38,22,0.204586
38,23,0.209176
38,24,0.211577
38,25,0.212428
38,26,0.211577
38,27,0.209176
38,28,0.204586
38,29,0.197569
38,30,0.18731
38,31,0.173612
38,32,0.156275
38,33,0.13573
38,34,0.11317
38,35,0.0898211
38,36,0.0676286
38,37,0.048066
38,38,0.0319321
38,39,0.0198866
38,40,0.0117229
38,41,0.00643877
38,42,0.00315326
38,43,0.00131809
38,44,0.000457907
38,45,0.000130658
38,46,3.05042e-05
38,47,5.82079e-06
38,48,9.04198e-07
38,49,9.02224e-08
39,0,0
39,1,2.07232e-08
39,2,1.93915e-07
39,3,1.45652e-06
39,4,8.88e-06
39,5,4.40627e-05
39,6,0.000178155
39,7,0.000587855
39,8,0.00159149
39,9,0.00358821
39,10,0.00695267
39,11,0.0121361
39,12,0.0198866
39,13,0.0309017
39,14,0.0451368
39,15,0.0620358
39,16,0.0808798
39,17,0.100376
39,18,0.119243
39,19,0.136524
39,20,0.151298
39,21,0.163316
39,22,0.172381
39,23,0.178669
39,24,0.182333
39,25,0.183532
39,26,0.182333
39,27,0.178669
39,28,0.172381
39,29,0.163316
39,30,0.151298
39,31,0.136524
39,32,0.119243
39,33,0.100376
39,34,0.0808798
39,35,0.0620358
39,36,0.0451368
39,37,0.0309017
39,38,0.0198866
39,39,0.0121361
39,40,0.00695268
39,41,0.00358821
39,42,0.00159149
39,43,0.000587855
39,44,0.000178155
39,45,4.40627e-05
39,46,8.88e-06
39,47,1.45649e-06
39,48,1.93433e-07
39,49,1.54068e-08
40,0,0
40,1,2.95618e-09
40,2,3.30383e-08
40,3,2.93523e-07
40,4,2.1001e-06
40,5,1.21658e-05
40,6,5.72186e-05
40,7,0.000218837
40,8,0.000682374
40,9,0.00174773
40,10,0.00374495
40,11,0.00695267
40,12,0.0117229
40,13,0.0186074
40,14,0.0280034
40,15,0.0397809
40,16,0.0535305
40,17,0.0685937
40,18,0.0839774
40,19,0.0988179
40,20,0.112293
40,21,0.123777
40,22,0.13294
40,23,0.139514
40,24,0.143498
40,25,0.144801
40,26,0.143498
40,27,0.139514
40,28,0.13294
40,29,0.123777
40,30,0.112293
40,31,0.0988179
40,32,0.0839774
40,33,0.0685937
40,34,0.0535305
40,35,0.0397809
40,36,0.0280034
40,37,0.0186074
40,38,0.0117229
40,39,0.00695267
40,40,0.00374495
40,41,0.00174773
40,42,0.000682374
40,43,0.000218837
40,44,5.72186e-05
40,45,1.21658e-05
40,46,2.1001e-06
40,47,2.93519e-07
40,48,3.29739e-08
40,49,2.0744e-09
41,0,0
41,1,3.25668e-10
41,2,4.42913e-09
41,3,4.71588e-08
41,4,3.99813e-07
41,5,2.72384e-06
41,6,1.49935e-05
41,7,6.68921e-05
41,8,0.000242465
41,9,0.00071705
41,10,0.00174773
41,11,0.00358821
41,12,0.00643877
41,13,0.0105511
41,14,0.0162639
41,15,0.0237452
41,16,0.0328584
41,17,0.0432878
41,18,0.0544771
41,19,0.065735
41,20,0.0764192
41,21,0.0858906
41,22,0.0936986
41,23,0.0994804
41,24,0.10303
41,25,0.104225
41,26,0.10303
41,27,0.0994804
41,28,0.0936986
41,29,0.0858906
41,30,0.0764192
41,31,0.065735
41,32,0.0544771
41,33,0.0432878
41,34,0.0328584
41,35,0.0237452
41,36,0.0162639
41,37,0.0105511
41,38,0.00643877
41,39,0.00358821
41,40,0.00174773
41,41,0.00071705
41,42,0.000242465
41,43,6.68921e-05
41,44,1.49935e-05
41,45,2.72384e-06
41,46,3.99813e-07
41,47,4.71585e-08
41,48,4.42283e-09
41,49,2.16558e-10
42,0,0
42,1,2.70668e-11
42,2,4.59724e-10
42,3,5.97064e-09
42,4,6.07298e-08
42,5,4.90864e-07
42,6,3.18213e-06
42,7,1.66405e-05
42,8,7.04608e-05
42,9,0.000242465
42,10,0.000682374
42,11,0.00159149
42,12,0.00315326
42,13,0.00550729
42,14,0.00881202
42,15,0.0132297
42,16,0.0187881
42,17,0.0253562
42,18,0.0326693
42,19,0.0403056
42,20,0.0477954
42,21,0.05466
42,22,0.0604606
42,23,0.0648592
42,24,0.0675922
42,25,0.0685242
42,26,0.0675922
42,27,0.0648592
42,28,0.0604606
42,29,0.05466
42,30,0.0477954
42,31,0.0403056
42,32,0.0326693
42,33,0.0253562
42,34,0.0187881
42,35,0.0132297
42,36,0.00881202
42,37,0.0055073
42,38,0.00315326
42,39,0.00159149
42,40,0.000682374
42,41,0.000242465
42,42,7.04608e-05
42,43,1.66405e-05
42,44,3.18213e-06
42,45,4.90865e-07
42,46,6.07298e-08
42,47,5.97063e-09
42,48,4.59286e-10
42,49,1.71187e-11
43,0,0
43,1,1.6375e-12
43,2,3.60978e-11
43,3,5.86421e-10
43,4,7.28018e-09
43,5,7.06465e-08
43,6,5.43755e-07
43,7,3.35114e-06
43,8,1.66405e-05
43,9,6.68921e-05
43,10,0.000218837
43,11,0.000587855
43,12,0.00131809
43,13,0.0025345
43,14,0.00432922
43,15,0.0067858
43,16,0.00995285
43,17,0.0137902
43,18,0.0181714
43,19,0.0228778
43,20,0.0276142
43,21,0.0320633
43,22,0.0359034
43,23,0.0388621
43,24,0.0407246
43,25,0.0413609
43,26,0.0407246
43,27,0.0388621
43,28,0.0359034
43,29,0.0320633
43,30,0.0276142
43,31,0.0228778
43,32,0.0181714
43,33,0.0137902
43,34,0.00995285
43,35,0.0067858
43,36,0.00432922
43,37,0.0025345
43,38,0.00131809
43,39,0.000587855
43,40,0.000218837
43,41,6.68921e-05
43,42,1.66405e-05
43,43,3.35114e-06
43,44,5.43755e-07
43,45,7.06465e-08
43,46,7.28018e-09
43,47,5.8642e-10
43,48,3.60772e-11
43,49,9.88325e-13
44,0,0
44,1,6.79442e-14
44,2,2.0689e-12
44,3,4.36666e-11
44,4,6.78328e-10
44,5,8.03711e-09
44,6,7.42936e-08
44,7,5.43755e-07
44,8,3.18213e-06
44,9,1.49935e-05
44,10,5.72186e-05
44,11,0.000178155
44,12,0.000457907
44,13,0.000990611
44,14,0.00185535
44,15,0.00310718
44,16,0.00477928
44,17,0.00686445
44,18,0.00930127
44,19,0.0119771
44,20,0.0147276
44,21,0.0173585
44,22,0.019668
44,23,0.0214689
44,24,0.022614
44,25,0.0230061
44,26,0.022614
44,27,0.0214689
44,28,0.019668
44,29,0.0173585
44,30,0.0147276
44,31,0.0119771
44,32,0.00930127
44,33,0.00686445
44,34,0.00477928
44,35,0.00310718
44,36,0.00185535
44,37,0.000990611
44,38,0.000457907
44,39,0.000178155
44,40,5.72186e-05
44,41,1.49935e-05
44,42,3.18213e-06
44,43,5.43755e-07
44,44,7.42936e-08
44,45,8.03711e-09
44,46,6.78328e-10
44,47,4.36666e-11
44,48,2.06832e-12
44,49,3.92509e-14
45,0,0
45,1,1.72692e-15
45,2,8.15414e-14
45,3,2.37869e-12
45,4,4.80166e-11
45,5,7.12007e-10
45,6,8.03711e-09
45,7,7.06465e-08
45,8,4.90864e-07
45,9,2.72384e-06
45,10,1.21658e-05
45,11,4.40627e-05
45,12,0.000130658
45,13,0.000321875
45,14,0.000673329
45,15,0.00123034
45,16,0.00202083
45,17,0.00305049
45,18,0.00429407
45,19,0.00569441
45,20,0.00716497
45,21,0.00859628
45,22,0.00987092
45,23,0.010876
45,24,0.0115196
45,25,0.0117411
45,26,0.0115196
45,27,0.010876
45,28,0.00987092
45,29,0.00859628
45,30,0.00716496
45,31,0.00569441
45,32,0.00429407
45,33,0.00305049
45,34,0.00202083
45,35,0.00123034
45,36,0.000673329
45,37,0.000321875
45,38,0.000130658
45,39,4.40627e-05
45,40,1.21658e-05
45,41,2.72384e-06
45,42,4.90865e-07
45,43,7.06465e-08
45,44,8.03711e-09
45,45,7.12007e-10
45,46,4.80166e-11
45,47,2.37869e-12
45,48,8.15338e-14
45,49,9.57427e-16
46,0,0
46,1,2.02562e-17
46,2,1.97363e-15
46,3,8.93033e-14
46,4,2.49177e-12
46,5,4.80166e-11
46,6,6.78328e-10
46,7,7.28018e-09
46,8,6.07298e-08
46,9,3.99813e-07
46,10,2.1001e-06
46,11,8.87999e-06
46,12,3.05042e-05
46,13,8.61602e-05
46,14,0.000203606
46,15,0.000412165
46,16,0.000734484
46,17,0.00118135
46,18,0.00174724
46,19,0.0024076
46,20,0.00312036
46,21,0.00382925
46,22,0.00447084
46,23,0.00498301
46,24,0.00531349
46,25,0.00542774
46,26,0.00531349
46,27,0.00498301
46,28,0.00447084
46,29,0.00382925
46,30,0.00312036
46,31,0.0024076
46,32,0.00174724
46,33,0.00118135
46,34,0.000734484
46,35,0.000412165
46,36,0.000203606
46,37,8.61602e-05
46,38,3.05042e-05
46,39,8.88e-06
46,40,2.1001e-06
46,41,3.99813e-07
46,42,6.07298e-08
46,43,7.28018e-09
46,44,6.78328e-10
46,45,4.80166e-11
46,46,2.49177e-12
46,47,8.93033e-14
46,48,1.97363e-15
46,49,1.08033e-17
47,0,0
47,1,0
47,2,2.20977e-17
47,3,2.06334e-15
47,4,8.93033e-14
47,5,2.37869e-12
47,6,4.36666e-11
47,7,5.8642e-10
47,8,5.97063e-09
47,9,4.71585e-08
47,10,2.93519e-07
47,11,1.45649e-06
47,12,5.82079e-06
47,13,1.89446e-05
47,14,5.09481e-05
47,15,0.000115474
47,16,0.000226043
47,17,0.000392041
47,18,0.000615595
47,19,0.000889265
47,20,0.00119571
47,21,0.00150929
47,22,0.00179922
47,23,0.00203426
47,24,0.00218746
47,25,0.00224067
47,26,0.00218746
47,27,0.00203426
47,28,0.00179922
47,29,0.00150929
47,30,0.00119571
47,31,0.000889265
47,32,0.000615595
47,33,0.000392041
47,34,0.000226043
47,35,0.000115474
47,36,5.09481e-05
47,37,1.89446e-05
47,38,5.82079e-06
47,39,1.45649e-06
47,40,2.93519e-07
47,41,4.71585e-08
47,42,5.97063e-09
47,43,5.8642e-10
47,44,4.36666e-11
47,45,2.37869e-12
47,46,8.93033e-14
47,47,2.06334e-15
47,48,2.20977e-17
47,49,0
48,0,0
48,1,0
48,2,0
48,3,2.20977e-17
48,4,1.97363e-15
48,5,8.15338e-14
48,6,2.06832e-12
48,7,3.60772e-11
48,8,4.59286e-10
48,9,4.42283e-09
48,10,3.29739e-08
48,11,1.93434e-07
48,12,9.04198e-07
48,13,3.40773e-06
48,14,1.04941e-05
48,15,2.68632e-05
48,16,5.84212e-05
48,17,0.000110619
48,18,0.000186621
48,19,0.000285715
48,20,0.000402398
48,21,0.000526609
48,22,0.000644988
48,23,0.000743075
48,24,0.000807935
48,25,0.000830618
48,26,0.000807935
48,27,0.000743075
48,28,0.000644988
48,29,0.000526609
48,30,0.000402398
48,31,0.000285715
48,32,0.000186621
48,33,0.000110619
48,34,5.84212e-05
48,35,2.68632e-05
48,36,1.04941e-05
48,37,3.40773e-06
48,38,9.04198e-07
48,39,1.93433e-07
48,40,3.29739e-08
48,41,4.42283e-09
48,42,4.59286e-10
48,43,3.60773e-11
48,44,2.06832e-12
48,45,8.15338e-14
48,46,1.97363e-15
48,47,2.20977e-17
48,48,0
48,49,0
49,0,0
49,1,0
49,2,0
49,3,0
49,4,1.08033e-17
49,5,9.57427e-16
49,6,3.92509e-14
49,7,9.88325e-13
49,8,1.71187e-11
49,9,2.16558e-10
49,10,2.0744e-09
49,11,1.54068e-08
49,12,9.02224e-08
49,13,4.22135e-07
49,14,1.59757e-06
49,15,4.95688e-06
49,16,1.28184e-05
49,17,2.81784e-05
49,18,5.37998e-05
49,19,9.10301e-05
49,20,0.000138779
49,21,0.00019307
49,22,0.000247441
49,23,0.000294113
49,24,0.000325685
49,25,0.00033685
49,26,0.000325685
49,27,0.000294113
49,28,0.000247441
49,29,0.00019307
49,30,0.000138779
49,31,9.10301e-05
49,32,5.37998e-05
49,33,2.81784e-05
49,34,1.28184e-05
49,35,4.95688e-06
49,36,1.59757e-06
49,37,4.22135e-07
49,38,9.02224e-08
49,39,1.54068e-08
49,40,2.0744e-09
49,41,2.16558e-10
49,42,1.71187e-11
49,43,9.88325e-13
49,44,3.92509e-14
49,45,9.57427e-16
49,46,1.08033e-17
49,47,0
49,48,0
49,49,0
