0,0,0
0,1,0
0,2,0
0,3,0
0,4,0
0,5,0
0,6,0
0,7,0
0,8,0
0,9,0
0,10,0
0,11,0
0,12,0
0,13,0
0,14,0
0,15,0
0,16,0
0,17,0
0,18,0
0,19,0
0,20,0
0,21,0
0,22,0
0,23,0
0,24,0
0,25,0
0,26,0
0,27,0
0,28,0
0,29,0
0,30,0
0,31,0
0,32,0
0,33,0
0,34,0
0,35,0
0,36,0
0,37,0
0,38,0
0,39,0
0,40,0
0,41,0
0,42,0
0,43,0
0,44,0
0,45,0
0,46,0
0,47,0
0,48,0
0,49,0
1,0,0
1,1,0
1,2,0
1,3,0
1,4,0
1,5,0
1,6,0
1,7,0
1,8,0
1,9,0
1,10,5.52759e-16
1,11,3.37368e-14
1,12,9.28012e-13
1,13,1.52381e-11
1,14,1.66899e-10
1,15,1.29241e-09
1,16,7.334e-09
1,17,3.13056e-08
1,18,1.02923e-07
1,19,2.6745e-07
1,20,5.65771e-07
1,21,1.00411e-06
1,22,1.53318e-06
1,23,2.05038e-06
1,24,2.43027e-06
1,25,2.5701e-06
1,26,2.43027e-06
1,27,2.05038e-06
1,28,1.53318e-06
1,29,1.00411e-06
1,30,5.65771e-07
1,31,2.6745e-07
1,32,1.02923e-07
1,33,3.13056e-08
1,34,7.334e-09
1,35,1.29241e-09
1,36,1.66899e-10
1,37,1.52381e-11
1,38,9.28012e-13
1,39,3.37368e-14
1,40,5.52759e-16
1,41,0
1,42,0
1,43,0
1,44,0
1,45,0
1,46,0
1,47,0
1,48,0
1,49,0
2,0,0
2,1,0
2,2,0
2,3,0
2,4,0
2,5,0
2,6,0
2,7,0
2,8,0
2,9,8.29138e-16
2,10,5.39789e-14
2,11,1.59057e-12
2,12,2.81059e-11
2,13,3.3287e-10
2,14,2.80065e-09
2,15,1.7343e-08
2,16,8.10412e-08
2,17,2.91968e-07
2,18,8.29803e-07
2,19,1.91159e-06
2,20,3.67832e-06
2,21,6.07941e-06
2,22,8.81657e-06
2,23,1.13874e-05
2,24,1.32288e-05
2,25,1.38981e-05
2,26,1.32288e-05
2,27,1.13874e-05
2,28,8.81657e-06
2,29,6.07942e-06
2,30,3.67832e-06
2,31,1.91158e-06
2,32,8.29803e-07
2,33,2.91968e-07
2,34,8.10412e-08
2,35,1.7343e-08
2,36,2.80065e-09
2,37,3.3287e-10
2,38,2.81059e-11
2,39,1.59057e-12
2,40,5.39789e-14
2,41,8.29138e-16
2,42,0
2,43,0
2,44,0
2,45,0
2,46,0
2,47,0
2,48,0
2,49,0
3,0,0
3,1,0
3,2,0
3,3,0
3,4,0
3,5,0
3,6,0
3,7,0
3,8,1.12178e-15
3,9,7.75947e-14
3,10,2.43815e-12
3,11,4.6119e-11
3,12,5.87039e-10
3,13,5.3293e-09
3,14,3.5734e-08
3,15,1.81251e-07
3,16,7.09206e-07
3,17,2.18434e-06
3,18,5.42611e-06
3,19,1.11923e-05
3,20,1.97527e-05
3,21,3.05807e-05
3,22,4.22831e-05
3,23,5.28715e-05
3,24,6.02756e-05
3,25,6.2936e-05
3,26,6.02756e-05
3,27,5.28715e-05
3,28,4.22831e-05
3,29,3.05807e-05
3,30,1.97527e-05
3,31,1.11923e-05
3,32,5.42611e-06
3,33,2.18434e-06
3,34,7.09206e-07
3,35,1.81251e-07
3,36,3.5734e-08
3,37,5.3293e-09
3,38,5.87039e-10
3,39,4.6119e-11
3,40,2.43815e-12
3,41,7.75947e-14
3,42,1.12178e-15
3,43,0
3,44,0
3,45,0
3,46,0
3,47,0
3,48,0
3,49,0
4,0,0
4,1,0
4,2,0
4,3,0
4,4,0
4,5,0
4,6,0
4,7,1.37106e-15
4,8,1.00417e-13
4,9,3.35174e-12
4,10,6.75814e-11
4,11,9.20248e-10
4,12,8.96887e-09
4,13,6.4769e-08
4,14,3.54645e-07
4,15,1.49898e-06
4,16,4.97747e-06
4,17,1.32635e-05
4,18,2.91406e-05
4,19,5.44427e-05
4,20,8.89887e-05
4,21,0.00013
4,22,0.000172288
4,23,0.000209313
4,24,0.000234657
4,25,0.000243675
4,26,0.000234657
4,27,0.000209313
4,28,0.000172288
4,29,0.00013
4,30,8.89887e-05
4,31,5.44427e-05
4,32,2.91406e-05
4,33,1.32635e-05
4,34,4.97747e-06
4,35,1.49898e-06
4,36,3.54645e-07
4,37,6.47689e-08
4,38,8.96887e-09
4,39,9.20248e-10
4,40,6.75814e-11
4,41,3.35175e-12
4,42,1.00417e-13
4,43,1.37106e-15
4,44,0
4,45,0
4,46,0
4,47,0
4,48,0
4,49,0
5,0,0
5,1,0
5,2,0
5,3,0
5,4,0
5,5,0
5,6,1.51538e-15
5,7,1.17153e-13
5,8,4.13982e-12
5,9,8.86464e-11
5,10,1.28609e-09
5,11,1.33981e-08
5,12,1.03727e-07
5,13,6.10262e-07
5,14,2.77378e-06
5,15,9.88918e-06
5,16,2.81597e-05
5,17,6.56127e-05
5,18,0.000128964
5,19,0.000220661
5,20,0.000337094
5,21,0.000467904
5,22,0.000597477
5,23,0.000707746
5,24,0.000781876
5,25,0.000808026
5,26,0.000781876
5,27,0.000707746
5,28,0.000597477
5,29,0.000467904
5,30,0.000337094
5,31,0.000220661
5,32,0.000128964
5,33,6.56127e-05
5,34,2.81597e-05
5,35,9.88918e-06
5,36,2.77378e-06
5,37,6.10262e-07
5,38,1.03727e-07
5,39,1.33981e-08
5,40,1.28609e-09
5,41,8.86464e-11
5,42,4.13982e-12
5,43,1.17153e-13
5,44,1.51538e-15
5,45,0
5,46,0
5,47,0
5,48,0
5,49,0
6,0,0
6,1,0
6,2,0
6,3,0
6,4,0
6,5,1.51538e-15
6,6,1.23319e-13
6,7,4.59949e-12
6,8,1.04252e-10
6,9,1.60579e-09
6,10,1.78135e-08
6,11,1.47265e-07
6,12,9.27221e-07
6,13,4.51485e-06
6,14,1.72254e-05
6,15,5.22708e-05
6,16,0.000128807
6,17,0.000265274
6,18,0.000472135
6,19,0.000748209
6,20,0.00107796
6,21,0.00143192
6,22,0.00177124
6,23,0.0020533
6,24,0.00224025
6,25,0.00230566
6,26,0.00224025
6,27,0.0020533
6,28,0.00177124
6,29,0.00143192
6,30,0.00107796
6,31,0.000748209
6,32,0.000472135
6,33,0.000265274
6,34,0.000128807
6,35,5.22708e-05
6,36,1.72254e-05
6,37,4.51485e-06
6,38,9.27222e-07
6,39,1.47265e-07
6,40,1.78135e-08
6,41,1.60579e-09
6,42,1.04252e-10
6,43,4.59949e-12
6,44,1.23319e-13
6,45,1.51538e-15
6,46,0
6,47,0
6,48,0
6,49,0
7,0,0
7,1,0
7,2,0
7,3,0
7,4,1.37106e-15
7,5,1.17153e-13
7,6,4.59949e-12
7,7,1.10031e-10
7,8,1.79371e-09
7,9,2.11183e-08
7,10,1.85787e-07
7,11,1.24759e-06
7,12,6.48712e-06
7,13,2.64157e-05
7,14,8.52613e-05
7,15,0.000221895
7,16,0.000477832
7,17,0.000881015
7,18,0.00143979
7,19,0.00213911
7,20,0.00293519
7,21,0.00376096
7,22,0.00453289
7,23,0.00516341
7,24,0.00557681
7,25,0.00572054
7,26,0.00557681
7,27,0.00516341
7,28,0.00453289
7,29,0.00376096
7,30,0.00293519
7,31,0.00213911
7,32,0.00143979
7,33,0.000881015
7,34,0.000477832
7,35,0.000221895
7,36,8.52613e-05
7,37,2.64157e-05
7,38,6.48712e-06
7,39,1.24759e-06
7,40,1.85787e-07
7,41,2.11183e-08
7,42,1.79371e-09
7,43,1.10031e-10
7,44,4.59949e-12
7,45,1.17153e-13
7,46,1.37106e-15
7,47,0
7,48,0
7,49,0
8,0,0
8,1,0
8,2,0
8,3,1.12178e-15
8,4,1.00417e-13
8,5,4.13982e-12
8,6,1.04252e-10
8,7,1.79371e-09
8,8,2.23483e-08
8,9,2.08599e-07
8,10,1.48959e-06
8,11,8.24898e-06
8,12,3.57754e-05
8,13,0.000122676
8,14,0.000337101
8,15,0.000758899
8,16,0.00144705
8,17,0.00242968
8,18,0.00370725
8,19,0.00523441
8,20,0.0069166
8,21,0.00862155
8,22,0.0101859
8,23,0.0114487
8,24,0.0122687
8,25,0.0125533
8,26,0.0122687
8,27,0.0114487
8,28,0.0101859
8,29,0.00862155
8,30,0.0069166
8,31,0.00523441
8,32,0.00370725
8,33,0.00242968
8,34,0.00144705
8,35,0.000758899
8,36,0.000337101
8,37,0.000122676
8,38,3.57754e-05
8,39,8.24898e-06
8,40,1.48959e-06
8,41,2.08599e-07
8,42,2.23483e-08
8,43,1.79371e-09
8,44,1.04252e-10
8,45,4.13982e-12
8,46,1.00417e-13
8,47,1.12178e-15
8,48,0
8,49,0
9,0,0
9,1,0
9,2,8.29138e-16
9,3,7.75947e-14
9,4,3.35174e-12
9,5,8.86464e-11
9,6,1.60579e-09
9,7,2.11183e-08
9,8,2.08599e-07
9,9,1.58006e-06
9,10,9.29822e-06
9,11,4.28804e-05
9,12,0.000156123
9,13,0.000453293
9,14,0.00106851
9,15,0.0021088
9,16,0.00363375
9,17,0.00568394
9,18,0.00825128
9,19,0.0112323
9,20,0.0144515
9,21,0.0176556
9,22,0.0205531
9,23,0.0228666
9,24,0.0243551
9,25,0.0248714
9,26,0.0243551
9,27,0.0228666
9,28,0.0205531
9,29,0.0176556
9,30,0.0144515
9,31,0.0112323
9,32,0.00825128
9,33,0.00568394
9,34,0.00363375
9,35,0.0021088
9,36,0.00106851
9,37,0.000453293
9,38,0.000156123
9,39,4.28804e-05
9,40,9.29822e-06
9,41,1.58006e-06
9,42,2.08599e-07
9,43,2.11183e-08
9,44,1.60579e-09
9,45,8.86464e-11
9,46,3.35175e-12
9,47,7.75947e-14
9,48,8.29138e-16
9,49,0
10,0,0
10,1,5.52759e-16
10,2,5.39789e-14
10,3,2.43815e-12
10,4,6.75814e-11
10,5,1.28609e-09
10,6,1.78135e-08
10,7,1.85787e-07
10,8,1.48959e-06
10,9,9.29822e-06
10,10,4.55433e-05
10,11,0.000176048
10,12,0.000540899
10,13,0.0013392
10,14,0.00274511
10,15,0.00486327
10,16,0.00780285
10,17,0.0116647
10,18,0.0163892
10,19,0.0217683
10,20,0.0274714
10,21,0.0330281
10,22,0.0379775
10,23,0.0418643
10,24,0.0443469
10,25,0.0451989
10,26,0.0443469
10,27,0.0418643
10,28,0.0379775
10,29,0.0330281
10,30,0.0274714
10,31,0.0217683
10,32,0.0163892
10,33,0.0116647
10,34,0.00780285
10,35,0.00486327
10,36,0.00274511
10,37,0.0013392
10,38,0.000540899
10,39,0.000176048
10,40,4.55433e-05
10,41,9.29822e-06
10,42,1.48959e-06
10,43,1.85787e-07
10,44,1.78135e-08
10,45,1.28609e-09
10,46,6.75814e-11
10,47,2.43815e-12
10,48,5.39789e-14
10,49,3.40159e-16
11,0,0
11,1,3.37368e-14
11,2,1.59057e-12
11,3,4.6119e-11
11,4,9.20248e-10
11,5,1.33981e-08
11,6,1.47265e-07
11,7,1.24759e-06
11,8,8.24898e-06
11,9,4.28804e-05
11,10,0.000176048
11,11,0.000573619
11,12,0.00149822
11,13,0.00320856
11,14,0.00587407
11,15,0.00969541
11,16,0.0149695
11,17,0.0217833
11,18,0.0299017
11,19,0.0389378
11,20,0.048231
11,21,0.0570536
11,22,0.0647339
11,23,0.070637
11,24,0.074374
11,25,0.0756321
11,26,0.074374
11,27,0.070637
11,28,0.0647339
11,29,0.0570536
11,30,0.048231
11,31,0.0389378
11,32,0.0299017
11,33,0.0217833
11,34,0.0149695
11,35,0.00969541
11,36,0.00587407
11,37,0.00320856
11,38,0.00149822
11,39,0.000573619
11,40,0.000176048
11,41,4.28804e-05
11,42,8.24898e-06
11,43,1.24759e-06
11,44,1.47265e-07
11,45,1.33981e-08
11,46,9.20248e-10
11,47,4.6119e-11
11,48,1.59045e-12
11,49,2.17103e-14
12,0,0
12,1,9.28012e-13
12,2,2.81059e-11
12,3,5.87039e-10
12,4,8.96887e-09
12,5,1.03727e-07
12,6,9.27222e-07
12,7,6.48712e-06
12,8,3.57754e-05
12,9,0.000156123
12,10,0.000540899
12,11,0.00149822
12,12,0.00337853
12,13,0.00644435
12,14,0.0110011
12,15,0.0175969
12,16,0.0266062
12,17,0.0377961
12,18,0.0506981
12,19,0.0645367
12,20,0.0781957
12,21,0.0907881
12,22,0.101367
12,23,0.109345
12,24,0.114278
12,25,0.115944
12,26,0.114278
12,27,0.109345
12,28,0.101367
12,29,0.0907881
12,30,0.0781957
12,31,0.0645367
12,32,0.0506981
12,33,0.0377961
12,34,0.0266062
12,35,0.0175969
12,36,0.0110011
12,37,0.00644436
12,38,0.00337853
12,39,0.00149822
12,40,0.000540899
12,41,0.000156123
12,42,3.57754e-05
12,43,6.48712e-06
12,44,9.27222e-07
12,45,1.03727e-07
12,46,8.96887e-09
12,47,5.87039e-10
12,48,2.80997e-11
12,49,6.26362e-13
13,0,0
13,1,1.52381e-11
13,2,3.3287e-10
13,3,5.3293e-09
13,4,6.4769e-08
13,5,6.10262e-07
13,6,4.51485e-06
13,7,2.64157e-05
13,8,0.000122676
13,9,0.000453293
13,10,0.0013392
13,11,0.00320856
13,12,0.00644435
13,13,0.0114663
13,14,0.0190544
13,15,0.0299821
13,16,0.0441461
13,17,0.0609327
13,18,0.0795628
13,19,0.0985158
13,20,0.116485
13,21,0.13236
13,22,0.145146
13,23,0.154562
13,24,0.160166
13,25,0.162111
13,26,0.160166
13,27,0.154562
13,28,0.145146
13,29,0.13236
13,30,0.116485
13,31,0.0985158
13,32,0.0795628
13,33,0.0609327
13,34,0.0441461
13,35,0.0299821
13,36,0.0190544
13,37,0.0114663
13,38,0.00644436
13,39,0.00320856
13,40,0.0013392
13,41,0.000453293
13,42,0.000122676
13,43,2.64157e-05
13,44,4.51485e-06
13,45,6.10262e-07
13,46,6.4769e-08
13,47,5.3293e-09
13,48,3.32727e-10
13,49,1.08228e-11
14,0,0
14,1,1.66899e-10
14,2,2.80065e-09
14,3,3.5734e-08
14,4,3.54645e-07
14,5,2.77378e-06
14,6,1.72254e-05
14,7,8.52613e-05
14,8,0.000337101
14,9,0.00106851
14,10,0.00274511
14,11,0.00587407
14,12,0.0110011
14,13,0.0190544
14,14,0.0312
14,15,0.047707
14,16,0.0678737
14,17,0.0909212
14,18,0.115126
14,19,0.138381
14,20,0.159421
14,21,0.176771
14,22,0.190177
14,23,0.199465
14,24,0.204869
14,25,0.206665
14,26,0.204869
14,27,0.199465
14,28,0.190177
14,29,0.176771
14,30,0.159421
14,31,0.138381
14,32,0.115126
14,33,0.0909212
14,34,0.0678737
14,35,0.047707
14,36,0.0312001
14,37,0.0190544
14,38,0.0110011
14,39,0.00587407
14,40,0.00274511
14,41,0.00106851
14,42,0.000337101
14,43,8.52613e-05
14,44,1.72254e-05
14,45,2.77378e-06
14,46,3.54645e-07
14,47,3.57339e-08
14,48,2.79874e-09
14,49,1.2518e-10
15,0,0
15,1,1.29241e-09
15,2,1.7343e-08
15,3,1.81251e-07
15,4,1.49898e-06
15,5,9.88918e-06
15,6,5.22708e-05
15,7,0.000221895
15,8,0.000758899
15,9,0.0021088
15,10,0.00486327
15,11,0.00969541
15,12,0.0175969
15,13,0.0299821
15,14,0.047707
15,15,0.0703231
15,16,0.0969635
15,17,0.125905
15,18,0.154142
15,19,0.179722
15,20,0.200944
15,21,0.21694
15,22,0.228355
15,23,0.235365
15,24,0.239373
15,25,0.240448
15,26,0.239373
15,27,0.235365
15,28,0.228355
15,29,0.21694
15,30,0.200944
15,31,0.179722
15,32,0.154142
15,33,0.125905
15,34,0.0969635
15,35,0.0703231
15,36,0.047707
15,37,0.029982
15,38,0.0175969
15,39,0.00969541
15,40,0.00486327
15,41,0.0021088
15,42,0.000758899
15,43,0.000221895
15,44,5.22708e-05
15,45,9.88918e-06
15,46,1.49898e-06
15,47,1.81251e-07
15,48,1.73268e-08
15,49,1.02737e-09
16,0,0
16,1,7.334e-09
16,2,8.10412e-08
16,3,7.09206e-07
16,4,4.97747e-06
16,5,2.81597e-05
16,6,0.000128807
16,7,0.000477832
16,8,0.00144705
16,9,0.00363375
16,10,0.00780285
16,11,0.0149695
16,12,0.0266062
16,13,0.0441461
16,14,0.0678737
16,15,0.0969635
16,16,0.129632
16,17,0.162394
16,18,0.192008
16,19,0.216384
16,20,0.233858
16,21,0.245297
16,22,0.251594
16,23,0.254557
16,24,0.255699
16,25,0.255895
16,26,0.255699
16,27,0.254557
16,28,0.251594
16,29,0.245297
16,30,0.233858
16,31,0.216384
16,32,0.192008
16,33,0.162394
16,34,0.129632
16,35,0.0969635
16,36,0.0678737
16,37,0.0441461
16,38,0.0266062
16,39,0.0149695
16,40,0.00780285
16,41,0.00363375
16,42,0.00144705
16,43,0.000477832
16,44,0.000128807
16,45,2.81597e-05
16,46,4.97747e-06
16,47,7.09201e-07
16,48,8.09506e-08
16,49,6.19975e-09
17,0,0
17,1,3.13056e-08
17,2,2.91968e-07
17,3,2.18434e-06
17,4,1.32635e-05
17,5,6.56127e-05
17,6,0.000265274
17,7,0.000881015
17,8,0.00242968
17,9,0.00568394
17,10,0.0116647
17,11,0.0217833
17,12,0.0377961
17,13,0.0609327
17,14,0.0909212
17,15,0.125905
17,16,0.162394
17,17,0.196078
17,18,0.223557
17,19,0.242497
17,20,0.252988
17,21,0.256847
17,22,0.256133
17,23,0.253837
17,24,0.251416
17,25,0.250642
17,26,0.251416
17,27,0.253837
17,28,0.256133
17,29,0.256847
17,30,0.252988
17,31,0.242497
17,32,0.223557
17,33,0.196078
17,34,0.162394
17,35,0.125905
17,36,0.0909212
17,37,0.0609327
17,38,0.0377961
17,39,0.0217833
17,40,0.0116647
17,41,0.00568394
17,42,0.00242968
17,43,0.000881015
17,44,0.000265274
17,45,6.56127e-05
17,46,1.32635e-05
17,47,2.18431e-06
17,48,2.91638e-07
17,49,2.82102e-08
18,0,0
18,1,1.02923e-07
18,2,8.29803e-07
18,3,5.42611e-06
18,4,2.91407e-05
18,5,0.000128964
18,6,0.000472135
18,7,0.00143979
18,8,0.00370725
18,9,0.00825128
18,10,0.0163892
18,11,0.0299017
18,12,0.0506981
18,13,0.0795628
18,14,0.115126
18,15,0.154142
18,16,0.192008
18,17,0.223557
18,18,0.245057
18,19,0.255625
18,20,0.256818
18,21,0.251588
18,22,0.243566
18,23,0.235689
18,24,0.230143
18,25,0.228168
18,26,0.230143
18,27,0.235689
18,28,0.243566
18,29,0.251588
18,30,0.256818
18,31,0.255625
18,32,0.245057
18,33,0.223557
18,34,0.192008
18,35,0.154142
18,36,0.115126
18,37,0.0795628
18,38,0.0506981
18,39,0.0299017
18,40,0.0163892
18,41,0.00825128
18,42,0.00370725
18,43,0.00143979
18,44,0.000472135
18,45,0.000128964
18,46,2.91406e-05
18,47,5.42603e-06
18,48,8.29102e-07
18,49,9.89029e-08
19,0,0
19,1,2.6745e-07
19,2,1.91159e-06
19,3,1.11923e-05
19,4,5.44427e-05
19,5,0.000220661
19,6,0.000748209
19,7,0.00213911
19,8,0.00523441
19,9,0.0112323
19,10,0.0217683
19,11,0.0389378
19,12,0.0645367
19,13,0.0985158
19,14,0.138381
19,15,0.179722
19,16,0.216384
19,17,0.242497
19,18,0.255625
19,19,0.256217
19,20,0.247336
19,21,0.233657
19,22,0.219036
19,23,0.206854
19,24,0.198772
19,25,0.196054
19,26,0.198772
19,27,0.206854
19,28,0.219036
19,29,0.233657
19,30,0.247336
19,31,0.256217
19,32,0.255625
19,33,0.242497
19,34,0.216384
19,35,0.179722
19,36,0.138381
19,37,0.0985158
19,38,0.0645367
19,39,0.0389378
19,40,0.0217683
19,41,0.0112323
19,42,0.00523441
19,43,0.00213911
19,44,0.000748209
19,45,0.000220661
19,46,5.44427e-05
19,47,1.11922e-05
19,48,1.91129e-06
19,49,2.73263e-07
20,0,0
20,1,5.65771e-07
20,2,3.67832e-06
20,3,1.97527e-05
20,4,8.89887e-05
20,5,0.000337094
20,6,0.00107796
20,7,0.00293519
20,8,0.0069166
20,9,0.0144515
20,10,0.0274714
20,11,0.048231
20,12,0.0781957
20,13,0.116485
20,14,0.159421
20,15,0.200944
20,16,0.233858
20,17,0.252988
20,18,0.256818
20,19,0.247336
20,20,0.229745
20,21,0.209137
20,22,0.189962
20,23,0.174899
20,24,0.165339
20,25,0.162133
20,26,0.165339
20,27,0.174899
20,28,0.189962
20,29,0.209137
20,30,0.229745
20,31,0.247336
20,32,0.256818
20,33,0.252988
20,34,0.233857
20,35,0.200944
20,36,0.159421
20,37,0.116485
20,38,0.0781957
20,39,0.048231
20,40,0.0274714
20,41,0.0144515
20,42,0.0069166
20,43,0.00293519
20,44,0.00107796
20,45,0.000337094
20,46,8.89887e-05
20,47,1.97528e-05
20,48,3.68172e-06
20,49,6.10453e-07
21,0,0
21,1,1.00411e-06
21,2,6.07941e-06
21,3,3.05807e-05
21,4,0.00013
21,5,0.000467904
21,6,0.00143192
21,7,0.00376096
21,8,0.00862155
21,9,0.0176556
21,10,0.0330281
21,11,0.0570536
21,12,0.0907881
21,13,0.13236
21,14,0.176771
21,15,0.21694
21,16,0.245297
21,17,0.256847
21,18,0.251588
21,19,0.233657
21,20,0.209137
21,21,0.183927
21,22,0.161973
21,23,0.145297
21,24,0.134939
21,25,0.131323
21,26,0.134939
21,27,0.145297
21,28,0.161973
21,29,0.183928
21,30,0.209137
21,31,0.233657
21,32,0.251588
21,33,0.256847
21,34,0.245297
21,35,0.21694
21,36,0.176771
21,37,0.13236
21,38,0.0907881
21,39,0.0570536
21,40,0.0330281
21,41,0.0176556
21,42,0.00862155
21,43,0.00376096
21,44,0.00143192
21,45,0.000467904
21,46,0.00013
21,47,3.05819e-05
21,48,6.09299e-06
21,49,1.13302e-06
22,0,0
22,1,1.53318e-06
22,2,8.81657e-06
22,3,4.22831e-05
22,4,0.000172288
22,5,0.000597478
22,6,0.00177124
22,7,0.00453289
22,8,0.0101859
22,9,0.0205531
22,10,0.0379775
22,11,0.0647339
22,12,0.101367
22,13,0.145146
22,14,0.190177
22,15,0.228355
22,16,0.251594
22,17,0.256133
22,18,0.243566
22,19,0.219036
22,20,0.189962
22,21,0.161973
22,22,0.138454
22,23,0.120833
22,24,0.109442
22,25,0.105254
22,26,0.109442
22,27,0.120833
22,28,0.138455
22,29,0.161972
22,30,0.189962
22,31,0.219036
22,32,0.243566
22,33,0.256133
22,34,0.251594
22,35,0.228355
22,36,0.190177
22,37,0.145146
22,38,0.101367
22,39,0.0647339
22,40,0.0379775
22,41,0.0205531
22,42,0.0101859
22,43,0.00453289
22,44,0.00177124
22,45,0.000597478
22,46,0.000172289
22,47,4.22863e-05
22,48,8.84775e-06
22,49,1.79024e-06
23,0,0
23,1,2.05038e-06
23,2,1.13874e-05
23,3,5.28716e-05
23,4,0.000209313
23,5,0.000707746
23,6,0.0020533
23,7,0.00516341
23,8,0.0114487
23,9,0.0228666
23,10,0.0418643
23,11,0.070637
23,12,0.109345
23,13,0.154562
23,14,0.199464
23,15,0.235365
23,16,0.254557
23,17,0.253837
23,18,0.235689
23,19,0.206855
23,20,0.174899
23,21,0.145297
23,22,0.120833
23,23,0.101778
23,24,0.0882032
23,25,0.0817024
23,26,0.0882032
23,27,0.101778
23,28,0.120833
23,29,0.145297
23,30,0.174899
23,31,0.206854
23,32,0.235689
23,33,0.253837
23,34,0.254557
23,35,0.235365
23,36,0.199465
23,37,0.154562
23,38,0.109345
23,39,0.070637
23,40,0.0418643
23,41,0.0228666
23,42,0.0114487
23,43,0.00516341
23,44,0.0020533
23,45,0.000707746
23,46,0.000209314
23,47,5.28774e-05
23,48,1.14401e-05
23,49,2.4524e-06
24,0,0
24,1,2.43027e-06
24,2,1.32288e-05
24,3,6.02756e-05
24,4,0.000234657
24,5,0.000781876
24,6,0.00224025
24,7,0.00557681
24,8,0.0122687
24,9,0.0243551
24,10,0.0443469
24,11,0.074374
24,12,0.114278
24,13,0.160166
24,14,0.204869
24,15,0.239373
24,16,0.255698
24,17,0.251416
24,18,0.230143
24,19,0.198772
24,20,0.165339
24,21,0.134939
24,22,0.109442
24,23,0.0882032
24,24,0.0692906
24,25,0.0543531
24,26,0.0692905
24,27,0.0882032
24,28,0.109442
24,29,0.134939
24,30,0.165339
24,31,0.198772
24,32,0.230143
24,33,0.251416
24,34,0.255698
24,35,0.239373
24,36,0.204869
24,37,0.160166
24,38,0.114278
24,39,0.074374
24,40,0.0443469
24,41,0.0243551
24,42,0.0122687
24,43,0.00557682
24,44,0.00224025
24,45,0.000781876
24,46,0.000234658
24,47,6.02839e-05
24,48,1.32995e-05
24,49,2.94835e-06
25,0,0
25,1,2.5701e-06
25,2,1.38981e-05
25,3,6.2936e-05
25,4,0.000243675
25,5,0.000808026
25,6,0.00230566
25,7,0.00572054
25,8,0.0125533
25,9,0.0248714
25,10,0.0451989
25,11,0.0756321
25,12,0.115944
25,13,0.162111
25,14,0.206665
25,15,0.240448
25,16,0.255895
25,17,0.250642
25,18,0.228168
25,19,0.196054
25,20,0.162133
25,21,0.131323
25,22,0.105254
25,23,0.0817025
25,24,0.0543532
25,25,0.00386592
25,26,0.0543535
25,27,0.0817026
25,28,0.105254
25,29,0.131323
25,30,0.162133
25,31,0.196054
25,32,0.228168
25,33,0.250642
25,34,0.255895
25,35,0.240448
25,36,0.206665
25,37,0.162111
25,38,0.115944
25,39,0.0756321
25,40,0.0451989
25,41,0.0248714
25,42,0.0125533
25,43,0.00572054
25,44,0.00230566
25,45,0.000808026
25,46,0.000243676
25,47,6.29452e-05
25,48,1.39759e-05
25,49,3.13269e-06
26,0,0
26,1,2.43027e-06
26,2,1.32288e-05
26,3,6.02756e-05
26,4,0.000234657
26,5,0.000781876
26,6,0.00224025
26,7,0.00557681
26,8,0.0122687
26,9,0.0243551
26,10,0.0443469
26,11,0.074374
26,12,0.114278
26,13,0.160166
26,14,0.204869
26,15,0.239373
26,16,0.255698
26,17,0.251416
26,18,0.230143
26,19,0.198772
26,20,0.165339
26,21,0.134939
26,22,0.109442
26,23,0.0882032
26,24,0.0692906
26,25,0.0543531
26,26,0.0692905
26,27,0.0882032
26,28,0.109442
26,29,0.134939
26,30,0.165339
26,31,0.198772
26,32,0.230143
26,33,0.251416
26,34,0.255698
26,35,0.239373
26,36,0.204869
26,37,0.160166
26,38,0.114278
26,39,0.074374
26,40,0.0443469
26,41,0.0243551
26,42,0.0122687
26,43,0.00557682
26,44,0.00224025
26,45,0.000781876
26,46,0.000234658
26,47,6.02839e-05
26,48,1.32995e-05
26,49,2.94835e-06
27,0,0
27,1,2.05038e-06
27,2,1.13874e-05
27,3,5.28716e-05
27,4,0.000209313
27,5,0.000707746
27,6,0.0020533
27,7,0.00516341
27,8,0.0114487
27,9,0.0228666
27,10,0.0418643
27,11,0.070637
27,12,0.109345
27,13,0.154562
27,14,0.199464
27,15,0.235365
27,16,0.254557
27,17,0.253837
27,18,0.235689
27,19,0.206855
27,20,0.174899
27,21,0.145297
27,22,0.120833
27,23,0.101778
27,24,0.0882032
27,25,0.0817024
27,26,0.0882032
27,27,0.101778
27,28,0.120833
27,29,0.145297
27,30,0.174899
27,31,0.206854
27,32,0.235689
27,33,0.253837
27,34,0.254557
27,35,0.235365
27,36,0.199465
27,37,0.154562
27,38,0.109345
27,39,0.070637
27,40,0.0418643
27,41,0.0228666
27,42,0.0114487
27,43,0.00516341
27,44,0.0020533
27,45,0.000707746
27,46,0.000209314
27,47,5.28774e-05
27,48,1.14401e-05
27,49,2.4524e-06
28,0,0
28,1,1.53318e-06
28,2,8.81657e-06
28,3,4.22831e-05
28,4,0.000172288
28,5,0.000597478
28,6,0.00177124
28,7,0.00453289
28,8,0.0101859
28,9,0.0205531
28,10,0.0379775
28,11,0.0647339
28,12,0.101367
28,13,0.145146
28,14,0.190177
28,15,0.228355
28,16,0.251594
28,17,0.256133
28,18,0.243566
28,19,0.219036
28,20,0.189962
28,21,0.161973
28,22,0.138454
28,23,0.120833
28,24,0.109442
28,25,0.105254
28,26,0.109442
28,27,0.120833
28,28,0.138455
28,29,0.161972
28,30,0.189962
28,31,0.219036
28,32,0.243566
28,33,0.256133
28,34,0.251594
28,35,0.228355
28,36,0.190177
28,37,0.145146
28,38,0.101367
28,39,0.0647339
28,40,0.0379775
28,41,0.0205531
28,42,0.0101859
28,43,0.00453289
28,44,0.00177124
28,45,0.000597478
28,46,0.000172289
28,47,4.22863e-05
28,48,8.84775e-06
28,49,1.79024e-06
29,0,0
29,1,1.00411e-06
29,2,6.07941e-06
29,3,3.05807e-05
29,4,0.00013
29,5,0.000467904
29,6,0.00143192
29,7,0.00376096
29,8,0.00862155
29,9,0.0176556
29,10,0.0330281
29,11,0.0570536
29,12,0.0907881
29,13,0.13236
29,14,0.176771
29,15,0.21694
29,16,0.245297
29,17,0.256847
29,18,0.251588
29,19,0.233657
29,20,0.209137
29,21,0.183927
29,22,0.161973
29,23,0.145297
29,24,0.134939
29,25,0.131323
29,26,0.134939
29,27,0.145297
29,28,0.161973
29,29,0.183928
29,30,0.209137
29,31,0.233657
29,32,0.251588
29,33,0.256847
29,34,0.245297
29,35,0.21694
29,36,0.176771
29,37,0.13236
29,38,0.0907881
29,39,0.0570536
29,40,0.0330281
29,41,0.0176556
29,42,0.00862155
29,43,0.00376096
29,44,0.00143192
29,45,0.000467904
29,46,0.00013
29,47,3.05819e-05
29,48,6.09299e-06
29,49,1.13302e-06
30,0,0
30,1,5.65771e-07
30,2,3.67832e-06
30,3,1.97527e-05
30,4,8.89887e-05
30,5,0.000337094
30,6,0.00107796
30,7,0.00293519
30,8,0.0069166
30,9,0.0144515
30,10,0.0274714
30,11,0.048231
30,12,0.0781957
30,13,0.116485
30,14,0.159421
30,15,0.200944
30,16,0.233858
30,17,0.252988
30,18,0.256818
30,19,0.247336
30,20,0.229745
30,21,0.209137
30,22,0.189962
30,23,0.174899
30,24,0.165339
30,25,0.162133
30,26,0.165339
30,27,0.174899
30,28,0.189962
30,29,0.209137
30,30,0.229745
30,31,0.247336
30,32,0.256818
30,33,0.252988
30,34,0.233857
30,35,0.200944
30,36,0.159421
30,37,0.116485
30,38,0.0781957
30,39,0.048231
30,40,0.0274714
30,41,0.0144515
30,42,0.0069166
30,43,0.00293519
30,44,0.00107796
30,45,0.000337094
30,46,8.89887e-05
30,47,1.97528e-05
30,48,3.68172e-06
30,49,6.10453e-07
31,0,0
31,1,2.6745e-07
31,2,1.91159e-06
31,3,1.11923e-05
31,4,5.44427e-05
31,5,0.000220661
31,6,0.000748209
31,7,0.00213911
31,8,0.00523441
31,9,0.0112323
31,10,0.0217683
31,11,0.0389378
31,12,0.0645367
31,13,0.0985158
31,14,0.138381
31,15,0.179722
31,16,0.216384
31,17,0.242497
31,18,0.255625
31,19,0.256217
31,20,0.247336
31,21,0.233657
31,22,0.219036
31,23,0.206854
31,24,0.198772
31,25,0.196054
31,26,0.198772
31,27,0.206854
31,28,0.219036
31,29,0.233657
31,30,0.247336
31,31,0.256217
31,32,0.255625
31,33,0.242497
31,34,0.216384
31,35,0.179722
31,36,0.138381
31,37,0.0985158
31,38,0.0645367
31,39,0.0389378
31,40,0.0217683
31,41,0.0112323
31,42,0.00523441
31,43,0.00213911
31,44,0.000748209
31,45,0.000220661
31,46,5.44427e-05
31,47,1.11922e-05
31,48,1.91129e-06
31,49,2.73263e-07
32,0,0
32,1,1.02923e-07
32,2,8.29803e-07
32,3,5.42611e-06
32,4,2.91407e-05
32,5,0.000128964
32,6,0.000472135
32,7,0.00143979
32,8,0.00370725
32,9,0.00825128
32,10,0.0163892
32,11,0.0299017
32,12,0.0506981
32,13,0.0795628
32,14,0.115126
32,15,0.154142
32,16,0.192008
32,17,0.223557
32,18,0.245057
32,19,0.255625
32,20,0.256818
32,21,0.251588
32,22,0.243566
32,23,0.235689
32,24,0.230143
32,25,0.228168
32,26,0.230143
32,27,0.235689
32,28,0.243566
32,29,0.251588
32,30,0.256818
32,31,0.255625
32,32,0.245057
32,33,0.223557
32,34,0.192008
32,35,0.154142
32,36,0.115126
32,37,0.0795628
32,38,0.0506981
32,39,0.0299017
32,40,0.0163892
32,41,0.00825128
32,42,0.00370725
32,43,0.00143979
32,44,0.000472135
32,45,0.000128964
32,46,2.91406e-05
32,47,5.42603e-06
32,48,8.29102e-07
32,49,9.89029e-08
33,0,0
33,1,3.13056e-08
33,2,2.91968e-07
33,3,2.18434e-06
33,4,1.32635e-05
33,5,6.56127e-05
33,6,0.000265274
33,7,0.000881015
33,8,0.00242968
33,9,0.00568394
33,10,0.0116647
33,11,0.0217833
33,12,0.0377961
33,13,0.0609327
33,14,0.0909212
33,15,0.125905
33,16,0.162394
33,17,0.196078
33,18,0.223557
33,19,0.242497
33,20,0.252988
33,21,0.256847
33,22,0.256133
33,23,0.253837
33,24,0.251416
33,25,0.250642
33,26,0.251416
33,27,0.253837
33,28,0.256133
33,29,0.256847
33,30,0.252988
33,31,0.242497
33,32,0.223557
33,33,0.196078
33,34,0.162394
33,35,0.125905
33,36,0.0909212
33,37,0.0609327
33,38,0.0377961
33,39,0.0217833
33,40,0.0116647
33,41,0.00568394
33,42,0.00242968
33,43,0.000881015
33,44,0.000265274
33,45,6.56127e-05
33,46,1.32635e-05
33,47,2.18431e-06
33,48,2.91638e-07
33,49,2.82102e-08
34,0,0
34,1,7.334e-09
34,2,8.10412e-08
34,3,7.09206e-07
34,4,4.97747e-06
34,5,2.81597e-05
34,6,0.000128807
34,7,0.000477832
34,8,0.00144705
34,9,0.00363375
34,10,0.00780285
34,11,0.0149695
34,12,0.0266062
34,13,0.0441461
34,14,0.0678737
34,15,0.0969635
34,16,0.129632
34,17,0.162394
34,18,0.192008
34,19,0.216384
34,20,0.233858
34,21,0.245297
34,22,0.251594
34,23,0.254557
34,24,0.255699
34,25,0.255895
34,26,0.255699
34,27,0.254557
34,28,0.251594
34,29,0.245297
34,30,0.233858
34,31,0.216384
34,32,0.192008
34,33,0.162394
34,34,0.129632
34,35,0.0969635
34,36,0.0678737
34,37,0.0441461
34,38,0.0266062
34,39,0.0149695
34,40,0.00780285
34,41,0.00363375
34,42,0.00144705
34,43,0.000477832
34,44,0.000128807
34,45,2.81597e-05
34,46,4.97747e-06
34,47,7.09201e-07
34,48,8.09506e-08
34,49,6.19975e-09
35,0,0
35,1,1.29241e-09
35,2,1.7343e-08
35,3,1.81251e-07
35,4,1.49898e-06
35,5,9.88918e-06
35,6,5.22708e-05
35,7,0.000221895
35,8,0.000758899
35,9,0.0021088
35,10,0.00486327
35,11,0.00969541
35,12,0.0175969
35,13,0.0299821
35,14,0.047707
35,15,0.0703231
35,16,0.0969635
35,17,0.125905
35,18,0.154142
35,19,0.179722
35,20,0.200944
35,21,0.21694
35,22,0.228355
35,23,0.235365
35,24,0.239373
35,25,0.240448
35,26,0.239373
35,27,0.235365
35,28,0.228355
35,29,0.21694
35,30,0.200944
35,31,0.179722
35,32,0.154142
35,33,0.125905
35,34,0.0969635
35,35,0.0703231
35,36,0.047707
35,37,0.029982
35,38,0.0175969
35,39,0.00969541
35,40,0.00486327
35,41,0.0021088
35,42,0.000758899
35,43,0.000221895
35,44,5.22708e-05
35,45,9.88918e-06
35,46,1.49898e-06
35,47,1.81251e-07
35,48,1.73268e-08
35,49,1.02737e-09
36,0,0
36,1,1.66899e-10
36,2,2.80065e-09
36,3,3.5734e-08
36,4,3.54645e-07
36,5,2.77378e-06
36,6,1.72254e-05
36,7,8.52613e-05
36,8,0.000337101
36,9,0.00106851
36,10,0.00274511
36,11,0.00587407
36,12,0.0110011
36,13,0.0190544
36,14,0.0312
36,15,0.047707
36,16,0.0678737
36,17,0.0909212
36,18,0.115126
36,19,0.138381
36,20,0.159421
36,21,0.176771
36,22,0.190177
36,23,0.199465
36,24,0.204869
36,25,0.206665
36,26,0.204869
36,27,0.199465
36,28,0.190177
36,29,0.176771
36,30,0.159421
36,31,0.138381
36,32,0.115126
36,33,0.0909212
36,34,0.0678737
36,35,0.047707
36,36,0.0312001
36,37,0.0190544
36,38,0.0110011
36,39,0.00587407
36,40,0.00274511
36,41,0.00106851
36,42,0.000337101
36,43,8.52613e-05
36,44,1.72254e-05
36,45,2.77378e-06
36,46,3.54645e-07
36,47,3.57339e-08
36,48,2.79874e-09
36,49,1.2518e-10
37,0,0
37,1,1.52381e-11
37,2,3.3287e-10
37,3,5.3293e-09
37,4,6.4769e-08
37,5,6.10262e-07
37,6,4.51485e-06
37,7,2.64157e-05
37,8,0.000122676
37,9,0.000453293
37,10,0.0013392
37,11,0.00320856
37,12,0.00644435
37,13,0.0114663
37,14,0.0190544
37,15,0.0299821
37,16,0.0441461
37,17,0.0609327
37,18,0.0795628
37,19,0.0985158
37,20,0.116485
37,21,0.13236
37,22,0.145146
37,23,0.154562
37,24,0.160166
37,25,0.162111
37,26,0.160166
37,27,0.154562
37,28,0.145146
37,29,0.13236
37,30,0.116485
37,31,0.0985158
37,32,0.0795628
37,33,0.0609327
37,34,0.0441461
37,35,0.0299821
37,36,0.0190544
37,37,0.0114663
37,38,0.00644436
37,39,0.00320856
37,40,0.0013392
37,41,0.000453293
37,42,0.000122676
37,43,2.64157e-05
37,44,4.51485e-06
37,45,6.10262e-07
37,46,6.4769e-08
37,47,5.3293e-09
37,48,3.32727e-10
37,49,1.08228e-11
38,0,0
38,1,9.28012e-13
38,2,2.81059e-11
38,3,5.87039e-10
38,4,8.96887e-09
38,5,1.03727e-07
38,6,9.27222e-07
38,7,6.48712e-06
38,8,3.57754e-05
38,9,0.000156123
38,10,0.000540899
38,11,0.00149822
38,12,0.00337853
38,13,0.00644435
38,14,0.0110011
38,15,0.0175969
38,16,0.0266062
38,17,0.0377961
38,18,0.0506981
38,19,0.0645367
38,20,0.0781957
38,21,0.0907881
38,22,0.101367
38,23,0.109345
38,24,0.114278
38,25,0.115944
38,26,0.114278
38,27,0.109345
38,28,0.101367
38,29,0.0907881
38,30,0.0781957
38,31,0.0645367
38,32,0.0506981
38,33,0.0377961
38,34,0.0266062
38,35,0.0175969
38,36,0.0110011
38,37,0.00644436
38,38,0.00337853
38,39,0.00149822
38,40,0.000540899
38,41,0.000156123
38,42,3.57754e-05
38,43,6.48712e-06
38,44,9.27222e-07
38,45,1.03727e-07
38,46,8.96887e-09
38,47,5.87039e-10
38,48,2.80997e-11
38,49,6.26362e-13
39,0,0
39,1,3.37368e-14
39,2,1.59057e-12
39,3,4.6119e-11
39,4,9.20248e-10
39,5,1.33981e-08
39,6,1.47265e-07
39,7,1.24759e-06
39,8,8.24898e-06
39,9,4.28804e-05
39,10,0.000176048
39,11,0.000573619
39,12,0.00149822
39,13,0.00320856
39,14,0.00587407
39,15,0.00969541
39,16,0.0149695
39,17,0.0217833
39,18,0.0299017
39,19,0.0389378
39,20,0.048231
39,21,0.0570536
39,22,0.0647339
39,23,0.070637
39,24,0.074374
39,25,0.0756321
39,26,0.074374
39,27,0.070637
39,28,0.0647339
39,29,0.0570536
39,30,0.048231
39,31,0.0389378
39,32,0.0299017
39,33,0.0217833
39,34,0.0149695
39,35,0.00969541
39,36,0.00587407
39,37,0.00320856
39,38,0.00149822
39,39,0.000573619
39,40,0.000176048
39,41,4.28804e-05
39,42,8.24898e-06
39,43,1.24759e-06
39,44,1.47265e-07
39,45,1.33981e-08
39,46,9.20248e-10
39,47,4.6119e-11
39,48,1.59045e-12
39,49,2.17103e-14
40,0,0
40,1,5.52759e-16
40,2,5.39789e-14
40,3,2.43815e-12
40,4,6.75814e-11
40,5,1.28609e-09
40,6,1.78135e-08
40,7,1.85787e-07
40,8,1.48959e-06
40,9,9.29822e-06
40,10,4.55433e-05
40,11,0.000176048
40,12,0.000540899
40,13,0.0013392
40,14,0.00274511
40,15,0.00486327
40,16,0.00780285
40,17,0.0116647
40,18,0.0163892
40,19,0.0217683
40,20,0.0274714
40,21,0.0330281
40,22,0.0379775
40,23,0.0418643
40,24,0.0443469
40,25,0.0451989
40,26,0.0443469
40,27,0.0418643
40,28,0.0379775
40,29,0.0330281
40,30,0.0274714
40,31,0.0217683
40,32,0.0163892
40,33,0.0116647
40,34,0.00780285
40,35,0.00486327
40,36,0.00274511
40,37,0.0013392
40,38,0.000540899
40,39,0.000176048
40,40,4.55433e-05
40,41,9.29822e-06
40,42,1.48959e-06
40,43,1.85787e-07
40,44,1.78135e-08
40,45,1.28609e-09
40,46,6.75814e-11
40,47,2.43815e-12
40,48,5.39789e-14
40,49,3.40159e-16
41,0,0
41,1,0
41,2,8.29138e-16
41,3,7.75947e-14
41,4,3.35174e-12
41,5,8.86464e-11
41,6,1.60579e-09
41,7,2.11183e-08
41,8,2.08599e-07
41,9,1.58006e-06
41,10,9.29822e-06
41,11,4.28804e-05
41,12,0.000156123
41,13,0.000453293
41,14,0.00106851
41,15,0.0021088
41,16,0.00363375
41,17,0.00568394
41,18,0.00825128
41,19,0.0112323
41,20,0.0144515
41,21,0.0176556
41,22,0.0205531
41,23,0.0228666
41,24,0.0243551
41,25,0.0248714
41,26,0.0243551
41,27,0.0228666
41,28,0.0205531
41,29,0.0176556
41,30,0.0144515
41,31,0.0112323
41,32,0.00825128
41,33,0.00568394
41,34,0.00363375
41,35,0.0021088
41,36,0.00106851
41,37,0.000453293
41,38,0.000156123
41,39,4.28804e-05
41,40,9.29822e-06
41,41,1.58006e-06
41,42,2.08599e-07
41,43,2.11183e-08
41,44,1.60579e-09
41,45,8.86464e-11
41,46,3.35175e-12
41,47,7.75947e-14
41,48,8.29138e-16
41,49,0
42,0,0
42,1,0
42,2,0
42,3,1.12178e-15
42,4,1.00417e-13
42,5,4.13982e-12
42,6,1.04252e-10
42,7,1.79371e-09
42,8,2.23483e-08
42,9,2.08599e-07
42,10,1.48959e-06
42,11,8.24898e-06
42,12,3.57754e-05
42,13,0.000122676
42,14,0.000337101
42,15,0.000758899
42,16,0.00144705
42,17,0.00242968
42,18,0.00370725
42,19,0.00523441
42,20,0.0069166
42,21,0.00862155
42,22,0.0101859
42,23,0.0114487
42,24,0.0122687
42,25,0.0125533
42,26,0.0122687
42,27,0.0114487
42,28,0.0101859
42,29,0.00862155
42,30,0.0069166
42,31,0.00523441
42,32,0.00370725
42,33,0.00242968
42,34,0.00144705
42,35,0.000758899
42,36,0.000337101
42,37,0.000122676
42,38,3.57754e-05
42,39,8.24898e-06
42,40,1.48959e-06
42,41,2.08599e-07
42,42,2.23483e-08
42,43,1.79371e-09
42,44,1.04252e-10
42,45,4.13982e-12
42,46,1.00417e-13
42,47,1.12178e-15
42,48,0
42,49,0
43,0,0
43,1,0
43,2,0
43,3,0
43,4,1.37106e-15
43,5,1.17153e-13
43,6,4.59949e-12
43,7,1.10031e-10
43,8,1.79371e-09
43,9,2.11183e-08
43,10,1.85787e-07
43,11,1.24759e-06
43,12,6.48712e-06
43,13,2.64157e-05
43,14,8.52613e-05
43,15,0.000221895
43,16,0.000477832
43,17,0.000881015
43,18,0.00143979
43,19,0.00213911
43,20,0.00293519
43,21,0.00376096
43,22,0.00453289
43,23,0.00516341
43,24,0.00557681
43,25,0.00572054
43,26,0.00557681
43,27,0.00516341
43,28,0.00453289
43,29,0.00376096
43,30,0.00293519
43,31,0.00213911
43,32,0.00143979
43,33,0.000881015
43,34,0.000477832
43,35,0.000221895
43,36,8.52613e-05
43,37,2.64157e-05
43,38,6.48712e-06
43,39,1.24759e-06
43,40,1.85787e-07
43,41,2.11183e-08
43,42,1.79371e-09
43,43,1.10031e-10
43,44,4.59949e-12
43,45,1.17153e-13
43,46,1.37106e-15
43,47,0
43,48,0
43,49,0
44,0,0
44,1,0
44,2,0
44,3,0
44,4,0
44,5,1.51538e-15
44,6,1.23319e-13
44,7,4.59949e-12
44,8,1.04252e-10
44,9,1.60579e-09
44,10,1.78135e-08
44,11,1.47265e-07
44,12,9.27221e-07
44,13,4.51485e-06
44,14,1.72254e-05
44,15,5.22708e-05
44,16,0.000128807
44,17,0.000265274
44,18,0.000472135
44,19,0.000748209
44,20,0.00107796
44,21,0.00143192
44,22,0.00177124
44,23,0.0020533
44,24,0.00224025
44,25,0.00230566
44,26,0.00224025
44,27,0.0020533
44,28,0.00177124
44,29,0.00143192
44,30,0.00107796
44,31,0.000748209
44,32,0.000472135
44,33,0.000265274
44,34,0.000128807
44,35,5.22708e-05
44,36,1.72254e-05
44,37,4.51485e-06
44,38,9.27222e-07
44,39,1.47265e-07
44,40,1.78135e-08
44,41,1.60579e-09
44,42,1.04252e-10
44,43,4.59949e-12
44,44,1.23319e-13
44,45,1.51538e-15
44,46,0
44,47,0
44,48,0
44,49,0
45,0,0
45,1,0
45,2,0
45,3,0
45,4,0
45,5,0
45,6,1.51538e-15
45,7,1.17153e-13
45,8,4.13982e-12
45,9,8.86464e-11
45,10,1.28609e-09
45,11,1.33981e-08
45,12,1.03727e-07
45,13,6.10262e-07
45,14,2.77378e-06
45,15,9.88918e-06
45,16,2.81597e-05
45,17,6.56127e-05
45,18,0.000128964
45,19,0.000220661
45,20,0.000337094
45,21,0.000467904
45,22,0.000597478
45,23,0.000707746
45,24,0.000781876
45,25,0.000808026
45,26,0.000781876
45,27,0.000707746
45,28,0.000597477
45,29,0.000467904
45,30,0.000337094
45,31,0.000220661
45,32,0.000128964
45,33,6.56127e-05
45,34,2.81597e-05
45,35,9.88918e-06
45,36,2.77378e-06
45,37,6.10262e-07
45,38,1.03727e-07
45,39,1.33981e-08
45,40,1.28609e-09
45,41,8.86464e-11
45,42,4.13982e-12
45,43,1.17153e-13
45,44,1.51538e-15
45,45,0
45,46,0
45,47,0
45,48,0
45,49,0
46,0,0
46,1,0
46,2,0
46,3,0
46,4,0
46,5,0
46,6,0
46,7,1.37106e-15
46,8,1.00417e-13
46,9,3.35174e-12
46,10,6.75814e-11
46,11,9.20248e-10
46,12,8.96887e-09
46,13,6.4769e-08
46,14,3.54645e-07
46,15,1.49898e-06
46,16,4.97747e-06
46,17,1.32635e-05
46,18,2.91406e-05
46,19,5.44427e-05
46,20,8.89887e-05
46,21,0.00013
46,22,0.000172289
46,23,0.000209314
46,24,0.000234658
46,25,0.000243676
46,26,0.000234658
46,27,0.000209314
46,28,0.000172289
46,29,0.00013
46,30,8.89887e-05
46,31,5.44427e-05
46,32,2.91406e-05
46,33,1.32635e-05
46,34,4.97747e-06
46,35,1.49898e-06
46,36,3.54645e-07
46,37,6.47689e-08
46,38,8.96887e-09
46,39,9.20248e-10
46,40,6.75814e-11
46,41,3.35175e-12
46,42,1.00417e-13
46,43,1.37106e-15
46,44,0
46,45,0
46,46,0
46,47,0
46,48,0
46,49,0
47,0,0
47,1,0
47,2,0
47,3,0
47,4,0
47,5,0
47,6,0
47,7,0
47,8,1.12178e-15
47,9,7.75947e-14
47,10,2.43815e-12
47,11,4.6119e-11
47,12,5.87038e-10
47,13,5.3293e-09
47,14,3.57339e-08
47,15,1.81251e-07
47,16,7.09201e-07
47,17,2.18431e-06
47,18,5.42603e-06
47,19,1.11922e-05
47,20,1.97528e-05
47,21,3.05819e-05
47,22,4.22863e-05
47,23,5.28774e-05
47,24,6.02839e-05
47,25,6.29452e-05
47,26,6.02839e-05
47,27,5.28774e-05
47,28,4.22863e-05
47,29,3.05819e-05
47,30,1.97528e-05
47,31,1.11922e-05
47,32,5.42603e-06
47,33,2.18431e-06
47,34,7.09201e-07
47,35,1.81251e-07
47,36,3.57339e-08
47,37,5.3293e-09
47,38,5.87039e-10
47,39,4.6119e-11
47,40,2.43815e-12
47,41,7.75947e-14
47,42,1.12178e-15
47,43,0
47,44,0
47,45,0
47,46,0
47,47,0
47,48,0
47,49,0
48,0,0
48,1,0
48,2,0
48,3,0
48,4,0
48,5,0
48,6,0
48,7,0
48,8,0
48,9,8.29138e-16
48,10,5.39789e-14
48,11,1.59045e-12
48,12,2.80997e-11
48,13,3.32727e-10
48,14,2.79874e-09
48,15,1.73268e-08
48,16,8.09506e-08
48,17,2.91638e-07
48,18,8.29102e-07
48,19,1.91129e-06
48,20,3.68172e-06
48,21,6.09299e-06
48,22,8.84775e-06
48,23,1.14401e-05
48,24,1.32995e-05
48,25,1.39759e-05
48,26,1.32995e-05
48,27,1.14401e-05
48,28,8.84775e-06
48,29,6.09299e-06
48,30,3.68172e-06
48,31,1.91129e-06
48,32,8.29102e-07
48,33,2.91638e-07
48,34,8.09506e-08
48,35,1.73268e-08
48,36,2.79874e-09
48,37,3.32727e-10
48,38,2.80997e-11
48,39,1.59045e-12
48,40,5.39789e-14
48,41,8.29138e-16
48,42,0
48,43,0
48,44,0
48,45,0
48,46,0
48,47,0
48,48,0
48,49,0
49,0,0
49,1,0
49,2,0
49,3,0
49,4,0
49,5,0
49,6,0
49,7,0
49,8,0
49,9,0
49,10,3.40159e-16
49,11,2.17103e-14
49,12,6.26362e-13
49,13,1.08228e-11
49,14,1.2518e-10
49,15,1.02737e-09
49,16,6.19975e-09
49,17,2.82102e-08
49,18,9.89029e-08
49,19,2.73263e-07
49,20,6.10453e-07
49,21,1.13302e-06
49,22,1.79024e-06
49,23,2.4524e-06
49,24,2.94835e-06
49,25,3.13269e-06
49,26,2.94835e-06
49,27,2.4524e-06
49,28,1.79024e-06
49,29,1.13302e-06
49,30,6.10453e-07
49,31,2.73263e-07
49,32,9.89029e-08
49,33,2.82102e-08
49,34,6.19975e-09
49,35,1.02737e-09
49,36,1.2518e-10
49,37,1.08228e-11
49,38,6.26362e-13
49,39,2.17103e-14
49,40,3.40159e-16
49,41,0
49,42,0
49,43,0
49,44,0
49,45,0
49,46,0
49,47,0
49,48,0
49,49,0
