0,0,0
0,1,0
0,2,0
0,3,0
0,4,0
0,5,0
0,6,0
0,7,0
0,8,0
0,9,0
0,10,0
0,11,0
0,12,0
0,13,0
0,14,0
0,15,0
0,16,0
0,17,0
0,18,0
0,19,0
0,20,0
0,21,0
0,22,0
0,23,0
0,24,0
0,25,0
0,26,0
0,27,0
0,28,0
0,29,0
0,30,0
0,31,0
0,32,0
0,33,0
0,34,0
0,35,0
0,36,0
0,37,0
0,38,0
0,39,0
0,40,0
0,41,0
0,42,0
0,43,0
0,44,0
0,45,0
0,46,0
0,47,0
0,48,0
0,49,0
1,0,0
1,1,0
1,2,0
1,3,0
1,4,0
1,5,0
1,6,0
1,7,0
1,8,2.08301e-16
1,9,1.43965e-14
1,10,4.52719e-13
1,11,8.58696e-12
1,12,1.09862e-10
1,13,1.00535e-09
1,14,6.81827e-09
1,15,3.51161e-08
1,16,1.40095e-07
1,17,4.41587e-07
1,18,1.12524e-06
1,19,2.38067e-06
1,20,4.29857e-06
1,21,6.78213e-06
1,22,9.51611e-06
1,23,1.20232e-05
1,24,1.37916e-05
1,25,1.44298e-05
1,26,1.37916e-05
1,27,1.20231e-05
1,28,9.51611e-06
1,29,6.78213e-06
1,30,4.29857e-06
1,31,2.38067e-06
1,32,1.12524e-06
1,33,4.41587e-07
1,34,1.40095e-07
1,35,3.51161e-08
1,36,6.81827e-09
1,37,1.00535e-09
1,38,1.09862e-10
1,39,8.58696e-12
1,40,4.52719e-13
1,41,1.43965e-14
1,42,2.08301e-16
1,43,0
1,44,0
1,45,0
1,46,0
1,47,0
1,48,0
1,49,0
2,0,0
2,1,0
2,2,0
2,3,0
2,4,0
2,5,0
2,6,0
2,7,2.77734e-16
2,8,2.03245e-14
2,9,6.79038e-13
2,10,1.37338e-11
2,11,1.88082e-10
2,12,1.84945e-09
2,13,1.35271e-08
2,14,7.53588e-08
2,15,3.25722e-07
2,16,1.11172e-06
2,17,3.05751e-06
2,18,6.94489e-06
2,19,1.33926e-05
2,20,2.25025e-05
2,21,3.36221e-05
2,22,4.53388e-05
2,23,5.57583e-05
2,24,6.29643e-05
2,25,6.55407e-05
2,26,6.29643e-05
2,27,5.57583e-05
2,28,4.53388e-05
2,29,3.36221e-05
2,30,2.25025e-05
2,31,1.33926e-05
2,32,6.94489e-06
2,33,3.05751e-06
2,34,1.11172e-06
2,35,3.25722e-07
2,36,7.53588e-08
2,37,1.35271e-08
2,38,1.84945e-09
2,39,1.88082e-10
2,40,1.37338e-11
2,41,6.79038e-13
2,42,2.03245e-14
2,43,2.77734e-16
2,44,0
2,45,0
2,46,0
2,47,0
2,48,0
2,49,0
3,0,0
3,1,0
3,2,0
3,3,0
3,4,0
3,5,0
3,6,3.36205e-16
3,7,2.59702e-14
3,8,9.18531e-13
3,9,1.97275e-11
3,10,2.87804e-10
3,11,3.02441e-09
3,12,2.37099e-08
3,13,1.41903e-07
3,14,6.59639e-07
3,15,2.41913e-06
3,16,7.12355e-06
3,17,1.72216e-05
3,18,3.51157e-05
3,19,6.21041e-05
3,20,9.75399e-05
3,21,0.000138427
3,22,0.00017975
3,23,0.000215425
3,24,0.000239632
3,25,0.000248208
3,26,0.000239632
3,27,0.000215425
3,28,0.00017975
3,29,0.000138427
3,30,9.75399e-05
3,31,6.21041e-05
3,32,3.51157e-05
3,33,1.72216e-05
3,34,7.12355e-06
3,35,2.41913e-06
3,36,6.59639e-07
3,37,1.41903e-07
3,38,2.37099e-08
3,39,3.02441e-09
3,40,2.87804e-10
3,41,1.97275e-11
3,42,9.18531e-13
3,43,2.59702e-14
3,44,3.36205e-16
3,45,0
3,46,0
3,47,0
3,48,0
3,49,0
4,0,0
4,1,0
4,2,0
4,3,0
4,4,0
4,5,3.69825e-16
4,6,3.00708e-14
4,7,1.12252e-12
4,8,2.55165e-11
4,9,3.95146e-10
4,10,4.4206e-09
4,11,3.69942e-08
4,12,2.36874e-07
4,13,1.1794e-06
4,14,4.62982e-06
4,15,1.45464e-05
4,16,3.72955e-05
4,17,8.00366e-05
4,18,0.000148007
4,19,0.00024229
4,20,0.000358345
4,21,0.000485818
4,22,0.000610055
4,23,0.000714562
4,24,0.000784328
4,25,0.000808837
4,26,0.000784328
4,27,0.000714562
4,28,0.000610055
4,29,0.000485818
4,30,0.000358345
4,31,0.00024229
4,32,0.000148007
4,33,8.00366e-05
4,34,3.72956e-05
4,35,1.45464e-05
4,36,4.62982e-06
4,37,1.1794e-06
4,38,2.36874e-07
4,39,3.69942e-08
4,40,4.4206e-09
4,41,3.95146e-10
4,42,2.55165e-11
4,43,1.12252e-12
4,44,3.00708e-14
4,45,3.69825e-16
4,46,0
4,47,0
4,48,0
4,49,0
5,0,0
5,1,0
5,2,0
5,3,0
5,4,3.69825e-16
5,5,3.15743e-14
5,6,1.2406e-12
5,7,2.97601e-11
5,8,4.87654e-10
5,9,5.78828e-09
5,10,5.15265e-08
5,11,3.51705e-07
5,12,1.86913e-06
5,13,7.82956e-06
5,14,2.61784e-05
5,15,7.10172e-05
5,16,0.000159934
5,17,0.000307839
5,18,0.000521876
5,19,0.000798288
5,20,0.00112036
5,21,0.00145991
5,22,0.00178097
5,23,0.00204531
5,24,0.00221942
5,25,0.00228015
5,26,0.00221942
5,27,0.00204531
5,28,0.00178096
5,29,0.00145991
5,30,0.00112036
5,31,0.000798288
5,32,0.000521876
5,33,0.00030784
5,34,0.000159934
5,35,7.10172e-05
5,36,2.61784e-05
5,37,7.82957e-06
5,38,1.86913e-06
5,39,3.51705e-07
5,40,5.15265e-08
5,41,5.78828e-09
5,42,4.87654e-10
5,43,2.97601e-11
5,44,1.2406e-12
5,45,3.15743e-14
5,46,3.69825e-16
5,47,0
5,48,0
5,49,0
6,0,0
6,1,0
6,2,0
6,3,3.36205e-16
6,4,3.00708e-14
6,5,1.2406e-12
6,6,3.13233e-11
6,7,5.41582e-10
6,8,6.80024e-09
6,9,6.41937e-08
6,10,4.65643e-07
6,11,2.63357e-06
6,12,1.17413e-05
6,13,4.16948e-05
6,14,0.000119516
6,15,0.000282058
6,16,0.000563567
6,17,0.000984891
6,18,0.00154929
6,19,0.00223723
6,20,0.00300482
6,21,0.00378885
6,22,0.00451274
6,23,0.00509916
6,24,0.00548119
6,25,0.00561384
6,26,0.00548119
6,27,0.00509916
6,28,0.00451274
6,29,0.00378885
6,30,0.00300482
6,31,0.00223723
6,32,0.00154929
6,33,0.000984891
6,34,0.000563567
6,35,0.000282058
6,36,0.000119516
6,37,4.16948e-05
6,38,1.17413e-05
6,39,2.63357e-06
6,40,4.65643e-07
6,41,6.41937e-08
6,42,6.80024e-09
6,43,5.41582e-10
6,44,3.13233e-11
6,45,1.2406e-12
6,46,3.00708e-14
6,47,3.36205e-16
6,48,0
6,49,0
7,0,0
7,1,0
7,2,2.77734e-16
7,3,2.59702e-14
7,4,1.12252e-12
7,5,2.97601e-11
7,6,5.41582e-10
7,7,7.17473e-09
7,8,7.16282e-08
7,9,5.50664e-07
7,10,3.30607e-06
7,11,1.56543e-05
7,12,5.89586e-05
7,13,0.000178473
7,14,0.000441351
7,15,0.000914714
7,16,0.00164369
7,17,0.00264893
7,18,0.00392109
7,19,0.00540746
7,20,0.00701651
7,21,0.00862253
7,22,0.0100796
7,23,0.0112456
7,24,0.0119985
7,25,0.0122593
7,26,0.0119985
7,27,0.0112456
7,28,0.0100796
7,29,0.00862253
7,30,0.00701651
7,31,0.00540746
7,32,0.00392109
7,33,0.00264893
7,34,0.00164369
7,35,0.000914714
7,36,0.000441351
7,37,0.000178473
7,38,5.89586e-05
7,39,1.56543e-05
7,40,3.30607e-06
7,41,5.50664e-07
7,42,7.16283e-08
7,43,7.17473e-09
7,44,5.41582e-10
7,45,2.97601e-11
7,46,1.12252e-12
7,47,2.59702e-14
7,48,2.77734e-16
7,49,0
8,0,0
8,1,2.08301e-16
8,2,2.03245e-14
8,3,9.18531e-13
8,4,2.55165e-11
8,5,4.87654e-10
8,6,6.80024e-09
8,7,7.16282e-08
8,8,5.82259e-07
8,9,3.70294e-06
8,10,1.85901e-05
8,11,7.41869e-05
8,12,0.000237183
8,13,0.000615284
8,14,0.00132427
8,15,0.00244627
8,16,0.004032
8,17,0.00610902
8,18,0.00864267
8,19,0.0115235
8,20,0.0145791
8,21,0.0175726
8,22,0.0202512
8,23,0.0223692
8,24,0.0237269
8,25,0.0241948
8,26,0.0237269
8,27,0.0223692
8,28,0.0202512
8,29,0.0175726
8,30,0.0145791
8,31,0.0115235
8,32,0.00864267
8,33,0.00610902
8,34,0.004032
8,35,0.00244627
8,36,0.00132427
8,37,0.000615284
8,38,0.000237183
8,39,7.41869e-05
8,40,1.85901e-05
8,41,3.70294e-06
8,42,5.82259e-07
8,43,7.16283e-08
8,44,6.80024e-09
8,45,4.87654e-10
8,46,2.55165e-11
8,47,9.18531e-13
8,48,2.03245e-14
8,49,1.21932e-16
9,0,0
9,1,1.43965e-14
9,2,6.79038e-13
9,3,1.97275e-11
9,4,3.95146e-10
9,5,5.78828e-09
9,6,6.41937e-08
9,7,5.50664e-07
9,8,3.70294e-06
9,9,1.9684e-05
9,10,8.31878e-05
9,11,0.000281089
9,12,0.000766547
9,13,0.00171852
9,14,0.00327106
9,15,0.00551784
9,16,0.00856222
9,17,0.0124466
9,18,0.0170706
9,19,0.0222273
9,20,0.0275834
9,21,0.0327293
9,22,0.0372603
9,23,0.0407885
9,24,0.0430339
9,25,0.0437993
9,26,0.0430339
9,27,0.0407885
9,28,0.0372603
9,29,0.0327293
9,30,0.0275834
9,31,0.0222273
9,32,0.0170706
9,33,0.0124466
9,34,0.00856222
9,35,0.00551784
9,36,0.00327106
9,37,0.00171852
9,38,0.000766547
9,39,0.000281089
9,40,8.31878e-05
9,41,1.9684e-05
9,42,3.70294e-06
9,43,5.50664e-07
9,44,6.41937e-08
9,45,5.78828e-09
9,46,3.95146e-10
9,47,1.97275e-11
9,48,6.78983e-13
9,49,8.79338e-15
10,0,0
10,1,4.52718e-13
10,2,1.37338e-11
10,3,2.87804e-10
10,4,4.4206e-09
10,5,5.15265e-08
10,6,4.65643e-07
10,7,3.30607e-06
10,8,1.85901e-05
10,9,8.31878e-05
10,10,0.000297422
10,11,0.000855169
10,12,0.00200633
10,13,0.00395464
10,14,0.00685056
10,15,0.0109121
10,16,0.0163498
10,17,0.0231257
10,18,0.0309985
10,19,0.0395576
10,20,0.0481855
10,21,0.0562802
10,22,0.0632337
10,23,0.0685578
10,24,0.0718993
10,25,0.0730322
10,26,0.0718993
10,27,0.0685578
10,28,0.0632337
10,29,0.0562802
10,30,0.0481855
10,31,0.0395576
10,32,0.0309985
10,33,0.0231257
10,34,0.0163498
10,35,0.0109121
10,36,0.00685056
10,37,0.00395464
10,38,0.00200633
10,39,0.000855169
10,40,0.000297422
10,41,8.31879e-05
10,42,1.85901e-05
10,43,3.30607e-06
10,44,4.65643e-07
10,45,5.15265e-08
10,46,4.4206e-09
10,47,2.87804e-10
10,48,1.37305e-11
10,49,2.89332e-13
11,0,0
11,1,8.58696e-12
11,2,1.88082e-10
11,3,3.02441e-09
11,4,3.69942e-08
11,5,3.51705e-07
11,6,2.63357e-06
11,7,1.56543e-05
11,8,7.41869e-05
11,9,0.000281089
11,10,0.000855169
11,11,0.00211206
11,12,0.00434286
11,13,0.00777381
11,14,0.0127585
11,15,0.0197667
11,16,0.0289182
11,17,0.0399129
11,18,0.0522818
11,19,0.0651949
11,20,0.077751
11,21,0.0891601
11,22,0.0986485
11,23,0.10578
11,24,0.110149
11,25,0.111646
11,26,0.110149
11,27,0.10578
11,28,0.0986485
11,29,0.0891601
11,30,0.077751
11,31,0.0651949
11,32,0.0522818
11,33,0.0399129
11,34,0.0289182
11,35,0.0197667
11,36,0.0127585
11,37,0.00777381
11,38,0.00434286
11,39,0.00211206
11,40,0.000855169
11,41,0.000281089
11,42,7.41869e-05
11,43,1.56543e-05
11,44,2.63357e-06
11,45,3.51705e-07
11,46,3.69942e-08
11,47,3.02441e-09
11,48,1.87991e-10
11,49,5.7599e-12
12,0,0
12,1,1.09862e-10
12,2,1.84945e-09
12,3,2.37099e-08
12,4,2.36874e-07
12,5,1.86913e-06
12,6,1.17413e-05
12,7,5.89586e-05
12,8,0.000237183
12,9,0.000766547
12,10,0.00200633
12,11,0.00434286
12,12,0.0081036
12,13,0.0137729
12,14,0.0221142
12,15,0.0335357
12,16,0.0476883
12,17,0.064012
12,18,0.0815625
12,19,0.0989858
12,20,0.115288
12,21,0.129421
12,22,0.140795
12,23,0.149064
12,24,0.154023
12,25,0.155709
12,26,0.154023
12,27,0.149064
12,28,0.140795
12,29,0.129421
12,30,0.115288
12,31,0.0989858
12,32,0.0815625
12,33,0.064012
12,34,0.0476883
12,35,0.0335357
12,36,0.0221142
12,37,0.0137729
12,38,0.0081036
12,39,0.00434286
12,40,0.00200633
12,41,0.000766547
12,42,0.000237183
12,43,5.89586e-05
12,44,1.17413e-05
12,45,1.86913e-06
12,46,2.36874e-07
12,47,2.37098e-08
12,48,1.848e-09
12,49,7.76071e-11
13,0,0
13,1,1.00535e-09
13,2,1.35271e-08
13,3,1.41903e-07
13,4,1.1794e-06
13,5,7.82957e-06
13,6,4.16948e-05
13,7,0.000178473
13,8,0.000615284
13,9,0.00171852
13,10,0.00395464
13,11,0.00777381
13,12,0.0137729
13,13,0.022952
13,14,0.0361145
13,15,0.0530129
13,16,0.0729396
13,17,0.0949585
13,18,0.117233
13,19,0.138267
13,20,0.156884
13,21,0.172058
13,22,0.183768
13,23,0.191765
13,24,0.196526
13,25,0.19801
13,26,0.196526
13,27,0.191765
13,28,0.183768
13,29,0.172058
13,30,0.156884
13,31,0.138267
13,32,0.117233
13,33,0.0949585
13,34,0.0729396
13,35,0.0530129
13,36,0.0361145
13,37,0.022952
13,38,0.0137729
13,39,0.00777381
13,40,0.00395464
13,41,0.00171852
13,42,0.000615284
13,43,0.000178473
13,44,4.16948e-05
13,45,7.82957e-06
13,46,1.1794e-06
13,47,1.41902e-07
13,48,1.35119e-08
13,49,7.50639e-10
14,0,0
14,1,6.81827e-09
14,2,7.53588e-08
14,3,6.59639e-07
14,4,4.62982e-06
14,5,2.61784e-05
14,6,0.000119516
14,7,0.000441351
14,8,0.00132427
14,9,0.00327106
14,10,0.00685056
14,11,0.0127585
14,12,0.0221142
14,13,0.0361145
14,14,0.054908
14,15,0.0777257
14,16,0.103616
14,17,0.130452
14,18,0.155805
14,19,0.178287
14,20,0.196386
14,21,0.210074
14,22,0.219623
14,23,0.225612
14,24,0.228966
14,25,0.229916
14,26,0.228966
14,27,0.225612
14,28,0.219623
14,29,0.210074
14,30,0.196386
14,31,0.178287
14,32,0.155805
14,33,0.130452
14,34,0.103616
14,35,0.0777257
14,36,0.054908
14,37,0.0361145
14,38,0.0221142
14,39,0.0127585
14,40,0.00685056
14,41,0.00327106
14,42,0.00132427
14,43,0.000441351
14,44,0.000119516
14,45,2.61784e-05
14,46,4.62982e-06
14,47,6.59633e-07
14,48,7.52503e-08
14,49,5.40094e-09
15,0,0
15,1,3.51162e-08
15,2,3.25722e-07
15,3,2.41913e-06
15,4,1.45464e-05
15,5,7.10172e-05
15,6,0.000282058
15,7,0.000914714
15,8,0.00244627
15,9,0.00551784
15,10,0.0109121
15,11,0.0197667
15,12,0.0335357
15,13,0.0530129
15,14,0.0777257
15,15,0.106591
15,16,0.137383
15,17,0.166719
15,18,0.192402
15,19,0.212665
15,20,0.226815
15,21,0.235959
15,22,0.240741
15,23,0.243149
15,24,0.243867
15,25,0.244158
15,26,0.243867
15,27,0.243149
15,28,0.240741
15,29,0.235959
15,30,0.226815
15,31,0.212665
15,32,0.192402
15,33,0.166719
15,34,0.137383
15,35,0.106591
15,36,0.0777257
15,37,0.0530129
15,38,0.0335357
15,39,0.0197667
15,40,0.0109121
15,41,0.00551784
15,42,0.00244627
15,43,0.000914714
15,44,0.000282058
15,45,7.10172e-05
15,46,1.45464e-05
15,47,2.41909e-06
15,48,3.25184e-07
15,49,2.96141e-08
16,0,0
16,1,1.40095e-07
16,2,1.11172e-06
16,3,7.12355e-06
16,4,3.72955e-05
16,5,0.000159934
16,6,0.000563568
16,7,0.00164369
16,8,0.004032
16,9,0.00856222
16,10,0.0163498
16,11,0.0289182
16,12,0.0476883
16,13,0.0729395
16,14,0.103616
16,15,0.137383
16,16,0.170425
16,17,0.199226
16,18,0.221442
16,19,0.235642
16,20,0.242974
16,21,0.244889
16,22,0.243589
16,23,0.241241
16,24,0.239056
16,25,0.238375
16,26,0.239056
16,27,0.241241
16,28,0.243589
16,29,0.244889
16,30,0.242974
16,31,0.235642
16,32,0.221442
16,33,0.199226
16,34,0.170425
16,35,0.137383
16,36,0.103616
16,37,0.0729396
16,38,0.0476883
16,39,0.0289182
16,40,0.0163498
16,41,0.00856222
16,42,0.004032
16,43,0.00164369
16,44,0.000563568
16,45,0.000159934
16,46,3.72955e-05
16,47,7.12338e-06
16,48,1.10992e-06
16,49,1.26105e-07
17,0,0
17,1,4.41587e-07
17,2,3.05751e-06
17,3,1.72216e-05
17,4,8.00366e-05
17,5,0.00030784
17,6,0.000984891
17,7,0.00264893
17,8,0.00610902
17,9,0.0124466
17,10,0.0231257
17,11,0.0399129
17,12,0.064012
17,13,0.0949585
17,14,0.130452
17,15,0.166719
17,16,0.199226
17,17,0.224114
17,18,0.239223
17,19,0.244962
17,20,0.243459
17,21,0.237343
17,22,0.229799
17,23,0.222752
17,24,0.21807
17,25,0.21633
17,26,0.21807
17,27,0.222752
17,28,0.229798
17,29,0.237343
17,30,0.243459
17,31,0.244962
17,32,0.239223
17,33,0.224114
17,34,0.199226
17,35,0.16672
17,36,0.130452
17,37,0.0949585
17,38,0.064012
17,39,0.0399129
17,40,0.0231257
17,41,0.0124466
17,42,0.00610902
17,43,0.00264893
17,44,0.000984891
17,45,0.00030784
17,46,8.00366e-05
17,47,1.72211e-05
17,48,3.05386e-06
17,49,4.24563e-07
18,0,0
18,1,1.12524e-06
18,2,6.94489e-06
18,3,3.51157e-05
18,4,0.000148007
18,5,0.000521876
18,6,0.00154929
18,7,0.00392109
18,8,0.00864267
18,9,0.0170706
18,10,0.0309985
18,11,0.0522818
18,12,0.0815625
18,13,0.117233
18,14,0.155805
18,15,0.192402
18,16,0.221442
18,17,0.239223
18,18,0.245269
18,19,0.24129
18,20,0.230783
18,21,0.217568
18,22,0.204678
18,23,0.194328
18,24,0.187686
18,25,0.185435
18,26,0.187687
18,27,0.194328
18,28,0.204678
18,29,0.217568
18,30,0.230783
18,31,0.24129
18,32,0.245269
18,33,0.239223
18,34,0.221442
18,35,0.192402
18,36,0.155805
18,37,0.117233
18,38,0.0815625
18,39,0.0522818
18,40,0.0309985
18,41,0.0170706
18,42,0.00864267
18,43,0.00392109
18,44,0.00154929
18,45,0.000521876
18,46,0.000148007
18,47,3.5115e-05
18,48,6.94333e-06
18,49,1.15283e-06
19,0,0
19,1,2.38067e-06
19,2,1.33926e-05
19,3,6.21041e-05
19,4,0.00024229
19,5,0.000798288
19,6,0.00223723
19,7,0.00540747
19,8,0.0115235
19,9,0.0222273
19,10,0.0395576
19,11,0.0651949
19,12,0.0989858
19,13,0.138267
19,14,0.178287
19,15,0.212665
19,16,0.235642
19,17,0.244962
19,18,0.24129
19,19,0.228062
19,20,0.210248
19,21,0.19166
19,22,0.175571
19,23,0.163281
19,24,0.155818
19,25,0.153236
19,26,0.155818
19,27,0.163281
19,28,0.175571
19,29,0.19166
19,30,0.210248
19,31,0.228062
19,32,0.24129
19,33,0.244962
19,34,0.235642
19,35,0.212665
19,36,0.178287
19,37,0.138267
19,38,0.0989858
19,39,0.0651949
19,40,0.0395576
19,41,0.0222273
19,42,0.0115235
19,43,0.00540747
19,44,0.00223723
19,45,0.000798288
19,46,0.00024229
19,47,6.21048e-05
19,48,1.341e-05
19,49,2.58369e-06
20,0,0
20,1,4.29857e-06
20,2,2.25025e-05
20,3,9.75399e-05
20,4,0.000358345
20,5,0.00112036
20,6,0.00300482
20,7,0.00701651
20,8,0.0145791
20,9,0.0275834
20,10,0.0481855
20,11,0.077751
20,12,0.115288
20,13,0.156884
20,14,0.196386
20,15,0.226815
20,16,0.242974
20,17,0.243459
20,18,0.230783
20,19,0.210248
20,20,0.1871
20,21,0.165553
20,22,0.147921
20,23,0.135067
20,24,0.127416
20,25,0.124767
20,26,0.127416
20,27,0.135067
20,28,0.147921
20,29,0.165553
20,30,0.1871
20,31,0.210248
20,32,0.230783
20,33,0.243459
20,34,0.242974
20,35,0.226815
20,36,0.196386
20,37,0.156884
20,38,0.115288
20,39,0.077751
20,40,0.0481855
20,41,0.0275834
20,42,0.0145791
20,43,0.00701651
20,44,0.00300482
20,45,0.00112036
20,46,0.000358346
20,47,9.75467e-05
20,48,2.25745e-05
20,49,4.89925e-06
21,0,0
21,1,6.78213e-06
21,2,3.36221e-05
21,3,0.000138427
21,4,0.000485818
21,5,0.00145991
21,6,0.00378885
21,7,0.00862253
21,8,0.0175726
21,9,0.0327293
21,10,0.0562802
21,11,0.0891601
21,12,0.129421
21,13,0.172058
21,14,0.210074
21,15,0.235959
21,16,0.244889
21,17,0.237343
21,18,0.217568
21,19,0.19166
21,20,0.165553
21,21,0.142686
21,22,0.124761
21,23,0.11202
21,24,0.10432
21,25,0.101686
21,26,0.10432
21,27,0.11202
21,28,0.124761
21,29,0.142686
21,30,0.165553
21,31,0.19166
21,32,0.217568
21,33,0.237343
21,34,0.244889
21,35,0.235959
21,36,0.210074
21,37,0.172058
21,38,0.129421
21,39,0.0891601
21,40,0.0562802
21,41,0.0327293
21,42,0.0175726
21,43,0.00862253
21,44,0.00378885
21,45,0.00145991
21,46,0.00048582
21,47,0.000138448
21,48,3.37975e-05
21,49,8.0405e-06
22,0,0
22,1,9.51611e-06
22,2,4.53388e-05
22,3,0.00017975
22,4,0.000610055
22,5,0.00178097
22,6,0.00451274
22,7,0.0100796
22,8,0.0202512
22,9,0.0372603
22,10,0.0632337
22,11,0.0986485
22,12,0.140795
22,13,0.183768
22,14,0.219623
22,15,0.240741
22,16,0.243589
22,17,0.229798
22,18,0.204678
22,19,0.175571
22,20,0.147921
22,21,0.124761
22,22,0.107032
22,23,0.0941835
22,24,0.08608
22,25,0.0829282
22,26,0.08608
22,27,0.0941835
22,28,0.107032
22,29,0.124761
22,30,0.147921
22,31,0.175571
22,32,0.204678
22,33,0.229798
22,34,0.243589
22,35,0.240741
22,36,0.219623
22,37,0.183768
22,38,0.140795
22,39,0.0986485
22,40,0.0632337
22,41,0.0372603
22,42,0.0202512
22,43,0.0100796
22,44,0.00451274
22,45,0.00178097
22,46,0.000610059
22,47,0.000179791
22,48,4.56601e-05
22,49,1.16261e-05
23,0,0
23,1,1.20231e-05
23,2,5.57583e-05
23,3,0.000215425
23,4,0.000714562
23,5,0.00204531
23,6,0.00509916
23,7,0.0112456
23,8,0.0223692
23,9,0.0407885
23,10,0.0685578
23,11,0.10578
23,12,0.149064
23,13,0.191765
23,14,0.225612
23,15,0.243149
23,16,0.241241
23,17,0.222752
23,18,0.194328
23,19,0.163281
23,20,0.135067
23,21,0.11202
23,22,0.0941835
23,23,0.0805913
23,24,0.0705536
23,25,0.0656011
23,26,0.0705536
23,27,0.0805912
23,28,0.0941835
23,29,0.11202
23,30,0.135067
23,31,0.163281
23,32,0.194328
23,33,0.222752
23,34,0.241241
23,35,0.243149
23,36,0.225612
23,37,0.191765
23,38,0.149064
23,39,0.10578
23,40,0.0685579
23,41,0.0407885
23,42,0.0223692
23,43,0.0112456
23,44,0.00509916
23,45,0.00204531
23,46,0.00071457
23,47,0.000215491
23,48,5.62372e-05
23,49,1.50022e-05
24,0,0
24,1,1.37916e-05
24,2,6.29643e-05
24,3,0.000239632
24,4,0.000784328
24,5,0.00221942
24,6,0.00548119
24,7,0.0119985
24,8,0.0237269
24,9,0.0430339
24,10,0.0718993
24,11,0.110149
24,12,0.154023
24,13,0.196526
24,14,0.228966
24,15,0.243867
24,16,0.239056
24,17,0.21807
24,18,0.187687
24,19,0.155818
24,20,0.127416
24,21,0.10432
24,22,0.0860801
24,23,0.0705537
24,24,0.0560998
24,25,0.0438099
24,26,0.0560999
24,27,0.0705537
24,28,0.0860799
24,29,0.10432
24,30,0.127416
24,31,0.155818
24,32,0.187687
24,33,0.21807
24,34,0.239056
24,35,0.243867
24,36,0.228966
24,37,0.196526
24,38,0.154023
24,39,0.110149
24,40,0.0718993
24,41,0.0430339
24,42,0.0237269
24,43,0.0119985
24,44,0.00548119
24,45,0.00221943
24,46,0.000784339
24,47,0.000239718
24,48,6.3566e-05
24,49,1.74253e-05
25,0,0
25,1,1.44298e-05
25,2,6.55407e-05
25,3,0.000248208
25,4,0.000808837
25,5,0.00228015
25,6,0.00561384
25,7,0.0122593
25,8,0.0241948
25,9,0.0437993
25,10,0.0730322
25,11,0.111646
25,12,0.155709
25,13,0.19801
25,14,0.229916
25,15,0.244158
25,16,0.238375
25,17,0.21633
25,18,0.185435
25,19,0.153236
25,20,0.124767
25,21,0.101686
25,22,0.0829282
25,23,0.0656012
25,24,0.0438096
25,25,0.00120386
25,26,0.0438094
25,27,0.0656012
25,28,0.0829282
25,29,0.101686
25,30,0.124767
25,31,0.153236
25,32,0.185435
25,33,0.21633
25,34,0.238375
25,35,0.244158
25,36,0.229916
25,37,0.19801
25,38,0.155709
25,39,0.111646
25,40,0.0730322
25,41,0.0437993
25,42,0.0241948
25,43,0.0122593
25,44,0.00561384
25,45,0.00228015
25,46,0.000808849
25,47,0.000248302
25,48,6.61889e-05
25,49,1.83072e-05
26,0,0
26,1,1.37916e-05
26,2,6.29643e-05
26,3,0.000239632
26,4,0.000784328
26,5,0.00221942
26,6,0.00548119
26,7,0.0119985
26,8,0.0237269
26,9,0.0430339
26,10,0.0718993
26,11,0.110149
26,12,0.154023
26,13,0.196526
26,14,0.228966
26,15,0.243867
26,16,0.239056
26,17,0.21807
26,18,0.187687
26,19,0.155818
26,20,0.127416
26,21,0.10432
26,22,0.0860801
26,23,0.0705537
26,24,0.0560998
26,25,0.0438099
26,26,0.0560999
26,27,0.0705537
26,28,0.0860799
26,29,0.10432
26,30,0.127416
26,31,0.155818
26,32,0.187687
26,33,0.21807
26,34,0.239056
26,35,0.243867
26,36,0.228966
26,37,0.196526
26,38,0.154023
26,39,0.110149
26,40,0.0718993
26,41,0.0430339
26,42,0.0237269
26,43,0.0119985
26,44,0.00548119
26,45,0.00221943
26,46,0.000784339
26,47,0.000239718
26,48,6.3566e-05
26,49,1.74253e-05
27,0,0
27,1,1.20231e-05
27,2,5.57583e-05
27,3,0.000215425
27,4,0.000714562
27,5,0.00204531
27,6,0.00509916
27,7,0.0112456
27,8,0.0223692
27,9,0.0407885
27,10,0.0685578
27,11,0.10578
27,12,0.149064
27,13,0.191765
27,14,0.225612
27,15,0.243149
27,16,0.241241
27,17,0.222752
27,18,0.194328
27,19,0.163281
27,20,0.135067
27,21,0.11202
27,22,0.0941835
27,23,0.0805913
27,24,0.0705536
27,25,0.0656011
27,26,0.0705536
27,27,0.0805912
27,28,0.0941835
27,29,0.11202
27,30,0.135067
27,31,0.163281
27,32,0.194328
27,33,0.222752
27,34,0.241241
27,35,0.243149
27,36,0.225612
27,37,0.191765
27,38,0.149064
27,39,0.10578
27,40,0.0685579
27,41,0.0407885
27,42,0.0223692
27,43,0.0112456
27,44,0.00509916
27,45,0.00204531
27,46,0.00071457
27,47,0.000215491
27,48,5.62372e-05
27,49,1.50022e-05
28,0,0
28,1,9.51611e-06
28,2,4.53388e-05
28,3,0.00017975
28,4,0.000610055
28,5,0.00178097
28,6,0.00451274
28,7,0.0100796
28,8,0.0202512
28,9,0.0372603
28,10,0.0632337
28,11,0.0986485
28,12,0.140795
28,13,0.183768
28,14,0.219623
28,15,0.240741
28,16,0.243589
28,17,0.229798
28,18,0.204678
28,19,0.175571
28,20,0.147921
28,21,0.124761
28,22,0.107032
28,23,0.0941835
28,24,0.08608
28,25,0.0829282
28,26,0.08608
28,27,0.0941835
28,28,0.107032
28,29,0.124761
28,30,0.147921
28,31,0.175571
28,32,0.204678
28,33,0.229798
28,34,0.243589
28,35,0.240741
28,36,0.219623
28,37,0.183768
28,38,0.140795
28,39,0.0986485
28,40,0.0632337
28,41,0.0372603
28,42,0.0202512
28,43,0.0100796
28,44,0.00451274
28,45,0.00178097
28,46,0.000610059
28,47,0.000179791
28,48,4.56601e-05
28,49,1.16261e-05
29,0,0
29,1,6.78213e-06
29,2,3.36221e-05
29,3,0.000138427
29,4,0.000485818
29,5,0.00145991
29,6,0.00378885
29,7,0.00862253
29,8,0.0175726
29,9,0.0327293
29,10,0.0562802
29,11,0.0891601
29,12,0.129421
29,13,0.172058
29,14,0.210074
29,15,0.235959
29,16,0.244889
29,17,0.237343
29,18,0.217568
29,19,0.19166
29,20,0.165553
29,21,0.142686
29,22,0.124761
29,23,0.11202
29,24,0.10432
29,25,0.101686
29,26,0.10432
29,27,0.11202
29,28,0.124761
29,29,0.142686
29,30,0.165553
29,31,0.19166
29,32,0.217568
29,33,0.237343
29,34,0.244889
29,35,0.235959
29,36,0.210074
29,37,0.172058
29,38,0.129421
29,39,0.0891601
29,40,0.0562802
29,41,0.0327293
29,42,0.0175726
29,43,0.00862253
29,44,0.00378885
29,45,0.00145991
29,46,0.00048582
29,47,0.000138448
29,48,3.37975e-05
29,49,8.0405e-06
30,0,0
30,1,4.29857e-06
30,2,2.25025e-05
30,3,9.75399e-05
30,4,0.000358345
30,5,0.00112036
30,6,0.00300482
30,7,0.00701651
30,8,0.0145791
30,9,0.0275834
30,10,0.0481855
30,11,0.077751
30,12,0.115288
30,13,0.156884
30,14,0.196386
30,15,0.226815
30,16,0.242974
30,17,0.243459
30,18,0.230783
30,19,0.210248
30,20,0.1871
30,21,0.165553
30,22,0.147921
30,23,0.135067
30,24,0.127416
30,25,0.124767
30,26,0.127416
30,27,0.135067
30,28,0.147921
30,29,0.165553
30,30,0.1871
30,31,0.210248
30,32,0.230783
30,33,0.243459
30,34,0.242974
30,35,0.226815
30,36,0.196386
30,37,0.156884
30,38,0.115288
30,39,0.077751
30,40,0.0481855
30,41,0.0275834
30,42,0.0145791
30,43,0.00701651
30,44,0.00300482
30,45,0.00112036
30,46,0.000358346
30,47,9.75467e-05
30,48,2.25745e-05
30,49,4.89925e-06
31,0,0
31,1,2.38067e-06
31,2,1.33926e-05
31,3,6.21041e-05
31,4,0.00024229
31,5,0.000798288
31,6,0.00223723
31,7,0.00540747
31,8,0.0115235
31,9,0.0222273
31,10,0.0395576
31,11,0.0651949
31,12,0.0989858
31,13,0.138267
31,14,0.178287
31,15,0.212665
31,16,0.235642
31,17,0.244962
31,18,0.24129
31,19,0.228062
31,20,0.210248
31,21,0.19166
31,22,0.175571
31,23,0.163281
31,24,0.155818
31,25,0.153236
31,26,0.155818
31,27,0.163281
31,28,0.175571
31,29,0.19166
31,30,0.210248
31,31,0.228062
31,32,0.24129
31,33,0.244962
31,34,0.235642
31,35,0.212665
31,36,0.178287
31,37,0.138267
31,38,0.0989858
31,39,0.0651949
31,40,0.0395576
31,41,0.0222273
31,42,0.0115235
31,43,0.00540747
31,44,0.00223723
31,45,0.000798288
31,46,0.00024229
31,47,6.21048e-05
31,48,1.341e-05
31,49,2.58369e-06
32,0,0
32,1,1.12524e-06
32,2,6.94489e-06
32,3,3.51157e-05
32,4,0.000148007
32,5,0.000521876
32,6,0.00154929
32,7,0.00392109
32,8,0.00864267
32,9,0.0170706
32,10,0.0309985
32,11,0.0522818
32,12,0.0815625
32,13,0.117233
32,14,0.155805
32,15,0.192402
32,16,0.221442
32,17,0.239223
32,18,0.245269
32,19,0.24129
32,20,0.230783
32,21,0.217568
32,22,0.204678
32,23,0.194328
32,24,0.187686
32,25,0.185435
32,26,0.187687
32,27,0.194328
32,28,0.204678
32,29,0.217568
32,30,0.230783
32,31,0.24129
32,32,0.245269
32,33,0.239223
32,34,0.221442
32,35,0.192402
32,36,0.155805
32,37,0.117233
32,38,0.0815625
32,39,0.0522818
32,40,0.0309985
32,41,0.0170706
32,42,0.00864267
32,43,0.00392109
32,44,0.00154929
32,45,0.000521876
32,46,0.000148007
32,47,3.5115e-05
32,48,6.94333e-06
32,49,1.15283e-06
33,0,0
33,1,4.41587e-07
33,2,3.05751e-06
33,3,1.72216e-05
33,4,8.00366e-05
33,5,0.00030784
33,6,0.000984891
33,7,0.00264893
33,8,0.00610902
33,9,0.0124466
33,10,0.0231257
33,11,0.0399129
33,12,0.064012
33,13,0.0949585
33,14,0.130452
33,15,0.166719
33,16,0.199226
33,17,0.224114
33,18,0.239223
33,19,0.244962
33,20,0.243459
33,21,0.237343
33,22,0.229799
33,23,0.222752
33,24,0.21807
33,25,0.21633
33,26,0.21807
33,27,0.222752
33,28,0.229798
33,29,0.237343
33,30,0.243459
33,31,0.244962
33,32,0.239223
33,33,0.224114
33,34,0.199226
33,35,0.16672
33,36,0.130452
33,37,0.0949585
33,38,0.064012
33,39,0.0399129
33,40,0.0231257
33,41,0.0124466
33,42,0.00610902
33,43,0.00264893
33,44,0.000984891
33,45,0.00030784
33,46,8.00366e-05
33,47,1.72211e-05
33,48,3.05386e-06
33,49,4.24563e-07
34,0,0
34,1,1.40095e-07
34,2,1.11172e-06
34,3,7.12355e-06
34,4,3.72955e-05
34,5,0.000159934
34,6,0.000563568
34,7,0.00164369
34,8,0.004032
34,9,0.00856222
34,10,0.0163498
34,11,0.0289182
34,12,0.0476883
34,13,0.0729395
34,14,0.103616
34,15,0.137383
34,16,0.170425
34,17,0.199226
34,18,0.221442
34,19,0.235642
34,20,0.242974
34,21,0.244889
34,22,0.243589
34,23,0.241241
34,24,0.239056
34,25,0.238375
34,26,0.239056
34,27,0.241241
34,28,0.243589
34,29,0.244889
34,30,0.242974
34,31,0.235642
34,32,0.221442
34,33,0.199226
34,34,0.170425
34,35,0.137383
34,36,0.103616
34,37,0.0729396
34,38,0.0476883
34,39,0.0289182
34,40,0.0163498
34,41,0.00856222
34,42,0.004032
34,43,0.00164369
34,44,0.000563568
34,45,0.000159934
34,46,3.72955e-05
34,47,7.12338e-06
34,48,1.10992e-06
34,49,1.26105e-07
35,0,0
35,1,3.51162e-08
35,2,3.25722e-07
35,3,2.41913e-06
35,4,1.45464e-05
35,5,7.10172e-05
35,6,0.000282058
35,7,0.000914714
35,8,0.00244627
35,9,0.00551784
35,10,0.0109121
35,11,0.0197667
35,12,0.0335357
35,13,0.0530129
35,14,0.0777257
35,15,0.106591
35,16,0.137383
35,17,0.166719
35,18,0.192402
35,19,0.212665
35,20,0.226815
35,21,0.235959
35,22,0.240741
35,23,0.243149
35,24,0.243867
35,25,0.244158
35,26,0.243867
35,27,0.243149
35,28,0.240741
35,29,0.235959
35,30,0.226815
35,31,0.212665
35,32,0.192402
35,33,0.166719
35,34,0.137383
35,35,0.106591
35,36,0.0777257
35,37,0.0530129
35,38,0.0335357
35,39,0.0197667
35,40,0.0109121
35,41,0.00551784
35,42,0.00244627
35,43,0.000914714
35,44,0.000282058
35,45,7.10172e-05
35,46,1.45464e-05
35,47,2.41909e-06
35,48,3.25184e-07
35,49,2.96141e-08
36,0,0
36,1,6.81827e-09
36,2,7.53588e-08
36,3,6.59639e-07
36,4,4.62982e-06
36,5,2.61784e-05
36,6,0.000119516
36,7,0.000441351
36,8,0.00132427
36,9,0.00327106
36,10,0.00685056
36,11,0.0127585
36,12,0.0221142
36,13,0.0361145
36,14,0.054908
36,15,0.0777257
36,16,0.103616
36,17,0.130452
36,18,0.155805
36,19,0.178287
36,20,0.196386
36,21,0.210074
36,22,0.219623
36,23,0.225612
36,24,0.228966
36,25,0.229916
36,26,0.228966
36,27,0.225612
36,28,0.219623
36,29,0.210074
36,30,0.196386
36,31,0.178287
36,32,0.155805
36,33,0.130452
36,34,0.103616
36,35,0.0777257
36,36,0.054908
36,37,0.0361145
36,38,0.0221142
36,39,0.0127585
36,40,0.00685056
36,41,0.00327106
36,42,0.00132427
36,43,0.000441351
36,44,0.000119516
36,45,2.61784e-05
36,46,4.62982e-06
36,47,6.59633e-07
36,48,7.52503e-08
36,49,5.40094e-09
37,0,0
37,1,1.00535e-09
37,2,1.35271e-08
37,3,1.41903e-07
37,4,1.1794e-06
37,5,7.82957e-06
37,6,4.16948e-05
37,7,0.000178473
37,8,0.000615284
37,9,0.00171852
37,10,0.00395464
37,11,0.00777381
37,12,0.0137729
37,13,0.022952
37,14,0.0361145
37,15,0.0530129
37,16,0.0729396
37,17,0.0949585
37,18,0.117233
37,19,0.138267
37,20,0.156884
37,21,0.172058
37,22,0.183768
37,23,0.191765
37,24,0.196526
37,25,0.19801
37,26,0.196526
37,27,0.191765
37,28,0.183768
37,29,0.172058
37,30,0.156884
37,31,0.138267
37,32,0.117233
37,33,0.0949585
37,34,0.0729396
37,35,0.0530129
37,36,0.0361145
37,37,0.022952
37,38,0.0137729
37,39,0.00777381
37,40,0.00395464
37,41,0.00171852
37,42,0.000615284
37,43,0.000178473
37,44,4.16948e-05
37,45,7.82957e-06
37,46,1.1794e-06
37,47,1.41902e-07
37,48,1.35119e-08
37,49,7.50639e-10
38,0,0
38,1,1.09862e-10
38,2,1.84945e-09
38,3,2.37099e-08
38,4,2.36874e-07
38,5,1.86913e-06
38,6,1.17413e-05
38,7,5.89586e-05
38,8,0.000237183
38,9,0.000766547
38,10,0.00200633
38,11,0.00434286
38,12,0.0081036
38,13,0.0137729
38,14,0.0221142
38,15,0.0335357
38,16,0.0476883
38,17,0.064012
38,18,0.0815625
38,19,0.0989858
38,20,0.115288
38,21,0.129421
38,22,0.140795
38,23,0.149064
38,24,0.154023
38,25,0.155709
38,26,0.154023
38,27,0.149064
38,28,0.140795
38,29,0.129421
38,30,0.115288
38,31,0.0989858
38,32,0.0815625
38,33,0.064012
38,34,0.0476883
38,35,0.0335357
38,36,0.0221142
38,37,0.0137729
38,38,0.0081036
38,39,0.00434286
38,40,0.00200633
38,41,0.000766547
38,42,0.000237183
38,43,5.89586e-05
38,44,1.17413e-05
38,45,1.86913e-06
38,46,2.36874e-07
38,47,2.37098e-08
38,48,1.848e-09
38,49,7.76071e-11
39,0,0
39,1,8.58696e-12
39,2,1.88082e-10
39,3,3.02441e-09
39,4,3.69942e-08
39,5,3.51705e-07
39,6,2.63357e-06
39,7,1.56543e-05
39,8,7.41869e-05
39,9,0.000281089
39,10,0.000855169
39,11,0.00211206
39,12,0.00434286
39,13,0.00777381
39,14,0.0127585
39,15,0.0197667
39,16,0.0289182
39,17,0.0399129
39,18,0.0522818
39,19,0.0651949
39,20,0.077751
39,21,0.0891601
39,22,0.0986485
39,23,0.10578
39,24,0.110149
39,25,0.111646
39,26,0.110149
39,27,0.10578
39,28,0.0986485
39,29,0.0891601
39,30,0.077751
39,31,0.0651949
39,32,0.0522818
39,33,0.0399129
39,34,0.0289182
39,35,0.0197667
39,36,0.0127585
39,37,0.00777381
39,38,0.00434286
39,39,0.00211206
39,40,0.000855169
39,41,0.000281089
39,42,7.41869e-05
39,43,1.56543e-05
39,44,2.63357e-06
39,45,3.51705e-07
39,46,3.69942e-08
39,47,3.02441e-09
39,48,1.87991e-10
39,49,5.7599e-12
40,0,0
40,1,4.52718e-13
40,2,1.37338e-11
40,3,2.87804e-10
40,4,4.4206e-09
40,5,5.15265e-08
40,6,4.65643e-07
40,7,3.30607e-06
40,8,1.85901e-05
40,9,8.31878e-05
40,10,0.000297422
40,11,0.000855169
40,12,0.00200633
40,13,0.00395464
40,14,0.00685056
40,15,0.0109121
40,16,0.0163498
40,17,0.0231257
40,18,0.0309985
40,19,0.0395576
40,20,0.0481855
40,21,0.0562802
40,22,0.0632337
40,23,0.0685578
40,24,0.0718993
40,25,0.0730322
40,26,0.0718993
40,27,0.0685578
40,28,0.0632337
40,29,0.0562802
40,30,0.0481855
40,31,0.0395576
40,32,0.0309985
40,33,0.0231257
40,34,0.0163498
40,35,0.0109121
40,36,0.00685056
40,37,0.00395464
40,38,0.00200633
40,39,0.000855169
40,40,0.000297422
40,41,8.31879e-05
40,42,1.85901e-05
40,43,3.30607e-06
40,44,4.65643e-07
40,45,5.15265e-08
40,46,4.4206e-09
40,47,2.87804e-10
40,48,1.37305e-11
40,49,2.89332e-13
41,0,0
41,1,1.43965e-14
41,2,6.79038e-13
41,3,1.97275e-11
41,4,3.95146e-10
41,5,5.78828e-09
41,6,6.41937e-08
41,7,5.50664e-07
41,8,3.70294e-06
41,9,1.9684e-05
41,10,8.31878e-05
41,11,0.000281089
41,12,0.000766547
41,13,0.00171852
41,14,0.00327106
41,15,0.00551784
41,16,0.00856222
41,17,0.0124466
41,18,0.0170706
41,19,0.0222273
41,20,0.0275834
41,21,0.0327293
41,22,0.0372603
41,23,0.0407885
41,24,0.0430339
41,25,0.0437993
41,26,0.0430339
41,27,0.0407885
41,28,0.0372603
41,29,0.0327293
41,30,0.0275834
41,31,0.0222273
41,32,0.0170706
41,33,0.0124466
41,34,0.00856222
41,35,0.00551784
41,36,0.00327106
41,37,0.00171852
41,38,0.000766547
41,39,0.000281089
41,40,8.31878e-05
41,41,1.9684e-05
41,42,3.70294e-06
41,43,5.50664e-07
41,44,6.41937e-08
41,45,5.78828e-09
41,46,3.95146e-10
41,47,1.97275e-11
41,48,6.78983e-13
41,49,8.79338e-15
42,0,0
42,1,2.08301e-16
42,2,2.03245e-14
42,3,9.18531e-13
42,4,2.55165e-11
42,5,4.87654e-10
42,6,6.80024e-09
42,7,7.16282e-08
42,8,5.82259e-07
42,9,3.70294e-06
42,10,1.85901e-05
42,11,7.41869e-05
42,12,0.000237183
42,13,0.000615284
42,14,0.00132427
42,15,0.00244627
42,16,0.004032
42,17,0.00610902
42,18,0.00864267
42,19,0.0115235
42,20,0.0145791
42,21,0.0175726
42,22,0.0202512
42,23,0.0223692
42,24,0.0237269
42,25,0.0241948
42,26,0.0237269
42,27,0.0223692
42,28,0.0202512
42,29,0.0175726
42,30,0.0145791
42,31,0.0115235
42,32,0.00864267
42,33,0.00610902
42,34,0.004032
42,35,0.00244627
42,36,0.00132427
42,37,0.000615284
42,38,0.000237183
42,39,7.41869e-05
42,40,1.85901e-05
42,41,3.70294e-06
42,42,5.82259e-07
42,43,7.16283e-08
42,44,6.80024e-09
42,45,4.87654e-10
42,46,2.55165e-11
42,47,9.18531e-13
42,48,2.03245e-14
42,49,1.21932e-16
43,0,0
43,1,0
43,2,2.77734e-16
43,3,2.59702e-14
43,4,1.12252e-12
43,5,2.97601e-11
43,6,5.41582e-10
43,7,7.17473e-09
43,8,7.16282e-08
43,9,5.50664e-07
43,10,3.30607e-06
43,11,1.56543e-05
43,12,5.89586e-05
43,13,0.000178473
43,14,0.000441351
43,15,0.000914714
43,16,0.00164369
43,17,0.00264893
43,18,0.00392109
43,19,0.00540746
43,20,0.00701651
43,21,0.00862253
43,22,0.0100796
43,23,0.0112456
43,24,0.0119985
43,25,0.0122593
43,26,0.0119985
43,27,0.0112456
43,28,0.0100796
43,29,0.00862253
43,30,0.00701651
43,31,0.00540746
43,32,0.00392109
43,33,0.00264893
43,34,0.00164369
43,35,0.000914714
43,36,0.000441351
43,37,0.000178473
43,38,5.89586e-05
43,39,1.56543e-05
43,40,3.30607e-06
43,41,5.50664e-07
43,42,7.16283e-08
43,43,7.17473e-09
43,44,5.41582e-10
43,45,2.97601e-11
43,46,1.12252e-12
43,47,2.59702e-14
43,48,2.77734e-16
43,49,0
44,0,0
44,1,0
44,2,0
44,3,3.36205e-16
44,4,3.00708e-14
44,5,1.2406e-12
44,6,3.13233e-11
44,7,5.41582e-10
44,8,6.80024e-09
44,9,6.41937e-08
44,10,4.65643e-07
44,11,2.63357e-06
44,12,1.17413e-05
44,13,4.16948e-05
44,14,0.000119516
44,15,0.000282058
44,16,0.000563567
44,17,0.000984891
44,18,0.00154929
44,19,0.00223723
44,20,0.00300482
44,21,0.00378885
44,22,0.00451274
44,23,0.00509916
44,24,0.00548119
44,25,0.00561384
44,26,0.00548119
44,27,0.00509916
44,28,0.00451274
44,29,0.00378885
44,30,0.00300482
44,31,0.00223723
44,32,0.00154929
44,33,0.000984891
44,34,0.000563567
44,35,0.000282058
44,36,0.000119516
44,37,4.16948e-05
44,38,1.17413e-05
44,39,2.63357e-06
44,40,4.65643e-07
44,41,6.41937e-08
44,42,6.80024e-09
44,43,5.41582e-10
44,44,3.13233e-11
44,45,1.2406e-12
44,46,3.00708e-14
44,47,3.36205e-16
44,48,0
44,49,0
45,0,0
45,1,0
45,2,0
45,3,0
45,4,3.69825e-16
45,5,3.15743e-14
45,6,1.2406e-12
45,7,2.97601e-11
45,8,4.87654e-10
45,9,5.78828e-09
45,10,5.15265e-08
45,11,3.51705e-07
45,12,1.86913e-06
45,13,7.82956e-06
45,14,2.61784e-05
45,15,7.10172e-05
45,16,0.000159934
45,17,0.000307839
45,18,0.000521876
45,19,0.000798288
45,20,0.00112036
45,21,0.00145991
45,22,0.00178097
45,23,0.00204531
45,24,0.00221943
45,25,0.00228015
45,26,0.00221943
45,27,0.00204531
45,28,0.00178097
45,29,0.00145991
45,30,0.00112036
45,31,0.000798288
45,32,0.000521876
45,33,0.00030784
45,34,0.000159934
45,35,7.10172e-05
45,36,2.61784e-05
45,37,7.82957e-06
45,38,1.86913e-06
45,39,3.51705e-07
45,40,5.15265e-08
45,41,5.78828e-09
45,42,4.87654e-10
45,43,2.97601e-11
45,44,1.2406e-12
45,45,3.15743e-14
45,46,3.69825e-16
45,47,0
45,48,0
45,49,0
46,0,0
46,1,0
46,2,0
46,3,0
46,4,0
46,5,3.69825e-16
46,6,3.00708e-14
46,7,1.12252e-12
46,8,2.55165e-11
46,9,3.95146e-10
46,10,4.4206e-09
46,11,3.69942e-08
46,12,2.36874e-07
46,13,1.1794e-06
46,14,4.62982e-06
46,15,1.45464e-05
46,16,3.72955e-05
46,17,8.00366e-05
46,18,0.000148007
46,19,0.00024229
46,20,0.000358346
46,21,0.00048582
46,22,0.000610059
46,23,0.00071457
46,24,0.000784339
46,25,0.000808849
46,26,0.000784339
46,27,0.00071457
46,28,0.000610059
46,29,0.00048582
46,30,0.000358346
46,31,0.00024229
46,32,0.000148007
46,33,8.00366e-05
46,34,3.72955e-05
46,35,1.45463e-05
46,36,4.62982e-06
46,37,1.1794e-06
46,38,2.36874e-07
46,39,3.69942e-08
46,40,4.4206e-09
46,41,3.95146e-10
46,42,2.55165e-11
46,43,1.12252e-12
46,44,3.00708e-14
46,45,3.69825e-16
46,46,0
46,47,0
46,48,0
46,49,0
47,0,0
47,1,0
47,2,0
47,3,0
47,4,0
47,5,0
47,6,3.36205e-16
47,7,2.59702e-14
47,8,9.18531e-13
47,9,1.97275e-11
47,10,2.87804e-10
47,11,3.02441e-09
47,12,2.37098e-08
47,13,1.41902e-07
47,14,6.59633e-07
47,15,2.41909e-06
47,16,7.12338e-06
47,17,1.72211e-05
47,18,3.5115e-05
47,19,6.21048e-05
47,20,9.75466e-05
47,21,0.000138448
47,22,0.000179791
47,23,0.000215491
47,24,0.000239718
47,25,0.000248302
47,26,0.000239718
47,27,0.000215491
47,28,0.000179791
47,29,0.000138448
47,30,9.75466e-05
47,31,6.21048e-05
47,32,3.5115e-05
47,33,1.72211e-05
47,34,7.12338e-06
47,35,2.41909e-06
47,36,6.59633e-07
47,37,1.41902e-07
47,38,2.37098e-08
47,39,3.02441e-09
47,40,2.87804e-10
47,41,1.97275e-11
47,42,9.18531e-13
47,43,2.59702e-14
47,44,3.36205e-16
47,45,0
47,46,0
47,47,0
47,48,0
47,49,0
48,0,0
48,1,0
48,2,0
48,3,0
48,4,0
48,5,0
48,6,0
48,7,2.77734e-16
48,8,2.03245e-14
48,9,6.78982e-13
48,10,1.37305e-11
48,11,1.87991e-10
48,12,1.848e-09
48,13,1.35119e-08
48,14,7.52503e-08
48,15,3.25184e-07
48,16,1.10992e-06
48,17,3.05386e-06
48,18,6.94333e-06
48,19,1.341e-05
48,20,2.25745e-05
48,21,3.37975e-05
48,22,4.56601e-05
48,23,5.62371e-05
48,24,6.3566e-05
48,25,6.61889e-05
48,26,6.3566e-05
48,27,5.62372e-05
48,28,4.56601e-05
48,29,3.37975e-05
48,30,2.25745e-05
48,31,1.341e-05
48,32,6.94333e-06
48,33,3.05386e-06
48,34,1.10992e-06
48,35,3.25184e-07
48,36,7.52503e-08
48,37,1.35119e-08
48,38,1.848e-09
48,39,1.87991e-10
48,40,1.37305e-11
48,41,6.78983e-13
48,42,2.03245e-14
48,43,2.77734e-16
48,44,0
48,45,0
48,46,0
48,47,0
48,48,0
48,49,0
49,0,0
49,1,0
49,2,0
49,3,0
49,4,0
49,5,0
49,6,0
49,7,0
49,8,1.21932e-16
49,9,8.79338e-15
49,10,2.89332e-13
49,11,5.7599e-12
49,12,7.76071e-11
49,13,7.50639e-10
49,14,5.40094e-09
49,15,2.96141e-08
49,16,1.26105e-07
49,17,4.24563e-07
49,18,1.15283e-06
49,19,2.58369e-06
49,20,4.89925e-06
49,21,8.0405e-06
49,22,1.16261e-05
49,23,1.50022e-05
49,24,1.74253e-05
49,25,1.83072e-05
49,26,1.74253e-05
49,27,1.50022e-05
49,28,1.16261e-05
49,29,8.0405e-06
49,30,4.89925e-06
49,31,2.58369e-06
49,32,1.15283e-06
49,33,4.24563e-07
49,34,1.26105e-07
49,35,2.96141e-08
49,36,5.40094e-09
49,37,7.50639e-10
49,38,7.76071e-11
49,39,5.7599e-12
49,40,2.89333e-13
49,41,8.79338e-15
49,42,1.21932e-16
49,43,0
49,44,0
49,45,0
49,46,0
49,47,0
49,48,0
49,49,0
