0,0,0
0,1,0
0,2,0
0,3,0
0,4,0
0,5,0
0,6,0
0,7,0
0,8,0
0,9,0
0,10,0
0,11,0
0,12,0
0,13,0
0,14,0
0,15,0
0,16,0
0,17,0
0,18,0
0,19,0
0,20,0
0,21,0
0,22,0
0,23,0
0,24,0
0,25,0
0,26,0
0,27,0
0,28,0
0,29,0
0,30,0
0,31,0
0,32,0
0,33,0
0,34,0
0,35,0
0,36,0
0,37,0
0,38,0
0,39,0
0,40,0
0,41,0
0,42,0
0,43,0
0,44,0
0,45,0
0,46,0
0,47,0
0,48,0
0,49,0
1,0,0
1,1,0
1,2,0
1,3,0
1,4,0
1,5,0
1,6,0
1,7,1.21509e-16
1,8,8.88856e-15
1,9,2.97042e-13
1,10,6.01403e-12
1,11,8.25235e-11
1,12,8.13985e-10
1,13,5.97998e-09
1,14,3.35131e-08
1,15,1.4596e-07
1,16,5.02784e-07
1,17,1.39725e-06
1,18,3.20815e-06
1,19,6.24958e-06
1,20,1.05924e-05
1,21,1.59381e-05
1,22,2.16071e-05
1,23,2.66716e-05
1,24,3.01845e-05
1,25,3.14423e-05
1,26,3.01845e-05
1,27,2.66716e-05
1,28,2.16071e-05
1,29,1.59381e-05
1,30,1.05924e-05
1,31,6.24958e-06
1,32,3.20815e-06
1,33,1.39725e-06
1,34,5.02784e-07
1,35,1.4596e-07
1,36,3.35131e-08
1,37,5.97998e-09
1,38,8.13985e-10
1,39,8.25235e-11
1,40,6.01403e-12
1,41,2.97042e-13
1,42,8.88856e-15
1,43,1.21509e-16
1,44,0
1,45,0
1,46,0
1,47,0
1,48,0
1,49,0
2,0,0
2,1,0
2,2,0
2,3,0
2,4,0
2,5,0
2,6,1.53485e-16
2,7,1.18514e-14
2,8,4.1935e-13
2,9,9.01933e-12
2,10,1.31928e-10
2,11,1.39204e-09
2,12,1.09767e-08
2,13,6.62174e-08
2,14,3.11e-07
2,15,1.15527e-06
2,16,3.45375e-06
2,17,8.48937e-06
2,18,1.76008e-05
2,19,3.16053e-05
2,20,5.02869e-05
2,21,7.21203e-05
2,22,9.44045e-05
2,23,0.00011378
2,24,0.00012699
2,25,0.00013168
2,26,0.00012699
2,27,0.00011378
2,28,9.44045e-05
2,29,7.21203e-05
2,30,5.02869e-05
2,31,3.16053e-05
2,32,1.76008e-05
2,33,8.48937e-06
2,34,3.45375e-06
2,35,1.15527e-06
2,36,3.11e-07
2,37,6.62174e-08
2,38,1.09767e-08
2,39,1.39204e-09
2,40,1.31928e-10
2,41,9.01933e-12
2,42,4.1935e-13
2,43,1.18514e-14
2,44,1.53485e-16
2,45,0
2,46,0
2,47,0
2,48,0
2,49,0
3,0,0
3,1,0
3,2,0
3,3,0
3,4,0
3,5,1.76507e-16
3,6,1.43465e-14
3,7,5.35762e-13
3,8,1.21955e-11
3,9,1.89341e-10
3,10,2.12665e-09
3,11,1.78992e-08
3,12,1.15509e-07
3,13,5.81067e-07
3,14,2.31099e-06
3,15,7.37661e-06
3,16,1.92565e-05
3,17,4.21109e-05
3,18,7.92812e-05
3,19,0.000131834
3,20,0.000197534
3,21,0.000270589
3,22,0.000342448
3,23,0.000403299
3,24,0.000444093
3,25,0.000458455
3,26,0.000444093
3,27,0.000403299
3,28,0.000342448
3,29,0.000270589
3,30,0.000197534
3,31,0.000131834
3,32,7.92812e-05
3,33,4.21109e-05
3,34,1.92565e-05
3,35,7.37661e-06
3,36,2.31099e-06
3,37,5.81067e-07
3,38,1.15509e-07
3,39,1.78992e-08
3,40,2.12665e-09
3,41,1.89341e-10
3,42,1.21955e-11
3,43,5.35762e-13
3,44,1.43465e-14
3,45,1.76507e-16
3,46,0
3,47,0
3,48,0
3,49,0
4,0,0
4,1,0
4,2,0
4,3,0
4,4,1.84912e-16
4,5,1.57811e-14
4,6,6.20305e-13
4,7,1.48999e-11
4,8,2.44755e-10
4,9,2.9164e-09
4,10,2.61064e-08
4,11,1.79564e-07
4,12,9.6403e-07
4,13,4.09128e-06
4,14,1.39021e-05
4,15,3.84356e-05
4,16,8.83607e-05
4,17,0.000173561
4,18,0.0002996
4,19,0.000465233
4,20,0.000660882
4,21,0.000869279
4,22,0.00106782
4,23,0.00123216
4,24,0.00134077
4,25,0.00137872
4,26,0.00134077
4,27,0.00123216
4,28,0.00106782
4,29,0.000869279
4,30,0.000660882
4,31,0.000465233
4,32,0.000299601
4,33,0.000173561
4,34,8.83607e-05
4,35,3.84356e-05
4,36,1.39021e-05
4,37,4.09128e-06
4,38,9.6403e-07
4,39,1.79564e-07
4,40,2.61064e-08
4,41,2.9164e-09
4,42,2.44755e-10
4,43,1.48999e-11
4,44,6.20305e-13
4,45,1.57811e-14
4,46,1.84912e-16
4,47,0
4,48,0
4,49,0
5,0,0
5,1,0
5,2,0
5,3,1.76507e-16
5,4,1.57811e-14
5,5,6.51303e-13
5,6,1.64652e-11
5,7,2.8536e-10
5,8,3.5964e-09
5,9,3.41327e-08
5,10,2.49433e-07
5,11,1.42479e-06
5,12,6.43443e-06
5,13,2.32227e-05
5,14,6.78774e-05
5,15,0.00016374
5,16,0.000334549
5,17,0.000596616
5,18,0.000954299
5,19,0.00139632
5,20,0.00189454
5,21,0.00240702
5,22,0.00288265
5,23,0.00326929
5,24,0.00352176
5,25,0.00360951
5,26,0.00352176
5,27,0.00326929
5,28,0.00288265
5,29,0.00240702
5,30,0.00189454
5,31,0.00139632
5,32,0.000954299
5,33,0.000596616
5,34,0.000334549
5,35,0.00016374
5,36,6.78774e-05
5,37,2.32227e-05
5,38,6.43443e-06
5,39,1.42479e-06
5,40,2.49433e-07
5,41,3.41328e-08
5,42,3.5964e-09
5,43,2.8536e-10
5,44,1.64652e-11
5,45,6.51303e-13
5,46,1.57811e-14
5,47,1.76507e-16
5,48,0
5,49,0
6,0,0
6,1,0
6,2,1.53485e-16
6,3,1.43465e-14
6,4,6.20305e-13
6,5,1.64652e-11
6,6,3.00314e-10
6,7,3.99261e-09
6,8,4.00652e-08
6,9,3.10212e-07
6,10,1.88031e-06
6,11,9.01527e-06
6,12,3.44993e-05
6,13,0.000106496
6,14,0.000269388
6,15,0.000571779
6,16,0.00105031
6,17,0.00172294
6,18,0.00258448
6,19,0.00359935
6,20,0.00470365
6,21,0.00580986
6,22,0.00681631
6,23,0.00762324
6,24,0.00814511
6,25,0.00832589
6,26,0.00814511
6,27,0.00762324
6,28,0.00681631
6,29,0.00580986
6,30,0.00470365
6,31,0.00359935
6,32,0.00258448
6,33,0.00172294
6,34,0.00105031
6,35,0.000571779
6,36,0.000269388
6,37,0.000106496
6,38,3.44993e-05
6,39,9.01527e-06
6,40,1.88031e-06
6,41,3.10212e-07
6,42,4.00652e-08
6,43,3.99261e-09
6,44,3.00314e-10
6,45,1.64652e-11
6,46,6.20305e-13
6,47,1.43465e-14
6,48,1.53485e-16
6,49,0
7,0,0
7,1,1.21509e-16
7,2,1.18514e-14
7,3,5.35762e-13
7,4,1.48999e-11
7,5,2.8536e-10
7,6,3.9926e-09
7,7,4.22594e-08
7,8,3.45842e-07
7,9,2.21942e-06
7,10,1.12758e-05
7,11,4.56934e-05
7,12,0.000148907
7,13,0.000395129
7,14,0.000871547
7,15,0.00164749
7,16,0.00276477
7,17,0.00424028
7,18,0.00604743
7,19,0.00810704
7,20,0.0102945
7,21,0.0124421
7,22,0.0143674
7,23,0.0158928
7,24,0.0168721
7,25,0.0172099
7,26,0.0168721
7,27,0.0158928
7,28,0.0143674
7,29,0.0124421
7,30,0.0102945
7,31,0.00810704
7,32,0.00604743
7,33,0.00424028
7,34,0.00276477
7,35,0.00164749
7,36,0.000871547
7,37,0.000395129
7,38,0.000148907
7,39,4.56934e-05
7,40,1.12758e-05
7,41,2.21942e-06
7,42,3.45842e-07
7,43,4.22594e-08
7,44,3.99261e-09
7,45,2.8536e-10
7,46,1.48999e-11
7,47,5.35762e-13
7,48,1.18514e-14
7,49,6.94335e-17
8,0,0
8,1,8.88856e-15
8,2,4.1935e-13
8,3,1.21955e-11
8,4,2.44755e-10
8,5,3.5964e-09
8,6,4.00652e-08
8,7,3.45842e-07
8,8,2.3453e-06
8,9,1.26065e-05
8,10,5.40491e-05
8,11,0.000185969
8,12,0.000518334
8,13,0.00119046
8,14,0.0023187
8,15,0.00397959
8,16,0.00623589
8,17,0.00910892
8,18,0.0125276
8,19,0.0163405
8,20,0.02031
8,21,0.024138
8,22,0.0275204
8,23,0.0301656
8,24,0.0318522
8,25,0.0324293
8,26,0.0318522
8,27,0.0301656
8,28,0.0275204
8,29,0.024138
8,30,0.02031
8,31,0.0163405
8,32,0.0125276
8,33,0.00910892
8,34,0.00623589
8,35,0.00397959
8,36,0.0023187
8,37,0.00119046
8,38,0.000518334
8,39,0.000185969
8,40,5.40491e-05
8,41,1.26065e-05
8,42,2.3453e-06
8,43,3.45842e-07
8,44,4.00652e-08
8,45,3.5964e-09
8,46,2.44755e-10
8,47,1.21955e-11
8,48,4.19315e-13
8,49,5.29451e-15
9,0,0
9,1,2.97042e-13
9,2,9.01933e-12
9,3,1.89341e-10
9,4,2.9164e-09
9,5,3.41327e-08
9,6,3.10212e-07
9,7,2.21942e-06
9,8,1.26065e-05
9,9,5.71547e-05
9,10,0.000207754
9,11,0.000609468
9,12,0.00146247
9,13,0.00294565
9,14,0.00518202
9,15,0.0083067
9,16,0.0124535
9,17,0.0176102
9,18,0.0236097
9,19,0.0301572
9,20,0.036806
9,21,0.0430864
9,22,0.0485241
9,23,0.0527132
9,24,0.0553548
9,25,0.0562531
9,26,0.0553548
9,27,0.0527132
9,28,0.0485241
9,29,0.0430864
9,30,0.036806
9,31,0.0301572
9,32,0.0236097
9,33,0.0176102
9,34,0.0124535
9,35,0.0083067
9,36,0.00518202
9,37,0.00294565
9,38,0.00146247
9,39,0.000609468
9,40,0.000207754
9,41,5.71547e-05
9,42,1.26065e-05
9,43,2.21942e-06
9,44,3.10212e-07
9,45,3.41328e-08
9,46,2.9164e-09
9,47,1.89341e-10
9,48,9.01704e-12
9,49,1.84927e-13
10,0,0
10,1,6.01403e-12
10,2,1.31928e-10
10,3,2.12665e-09
10,4,2.61064e-08
10,5,2.49433e-07
10,6,1.88031e-06
10,7,1.12758e-05
10,8,5.40491e-05
10,9,0.000207754
10,10,0.000643183
10,11,0.00161993
10,12,0.00339363
10,13,0.00614986
10,14,0.0101166
10,15,0.015614
10,16,0.0227753
10,17,0.0314213
10,18,0.0412067
10,19,0.0515306
10,20,0.0616834
10,21,0.0710101
10,22,0.0788631
10,23,0.0848115
10,24,0.0884912
10,25,0.0897483
10,26,0.0884912
10,27,0.0848115
10,28,0.0788631
10,29,0.0710101
10,30,0.0616834
10,31,0.0515306
10,32,0.0412066
10,33,0.0314213
10,34,0.0227753
10,35,0.015614
10,36,0.0101166
10,37,0.00614986
10,38,0.00339363
10,39,0.00161993
10,40,0.000643183
10,41,0.000207754
10,42,5.40491e-05
10,43,1.12758e-05
10,44,1.88031e-06
10,45,2.49433e-07
10,46,2.61064e-08
10,47,2.12665e-09
10,48,1.31861e-10
10,49,3.92486e-12
11,0,0
11,1,8.25235e-11
11,2,1.39204e-09
11,3,1.78992e-08
11,4,1.79564e-07
11,5,1.42479e-06
11,6,9.01527e-06
11,7,4.56934e-05
11,8,0.000185969
11,9,0.000609468
11,10,0.00161993
11,11,0.00355638
11,12,0.00668931
11,13,0.0113494
11,14,0.0180877
11,15,0.0272948
11,16,0.0387991
11,17,0.0521688
11,18,0.066701
11,19,0.0813492
11,20,0.0952446
11,21,0.10751
11,22,0.117531
11,23,0.124923
11,24,0.129407
11,25,0.130934
11,26,0.129407
11,27,0.124923
11,28,0.117531
11,29,0.10751
11,30,0.0952446
11,31,0.0813492
11,32,0.066701
11,33,0.0521688
11,34,0.0387991
11,35,0.0272948
11,36,0.0180877
11,37,0.0113494
11,38,0.00668931
11,39,0.00355638
11,40,0.00161993
11,41,0.000609468
11,42,0.000185969
11,43,4.56934e-05
11,44,9.01527e-06
11,45,1.42479e-06
11,46,1.79564e-07
11,47,1.78992e-08
11,48,1.39088e-09
11,49,5.66425e-11
12,0,0
12,1,8.13985e-10
12,2,1.09767e-08
12,3,1.15509e-07
12,4,9.6403e-07
12,5,6.43443e-06
12,6,3.44993e-05
12,7,0.000148907
12,8,0.000518334
12,9,0.00146247
12,10,0.00339363
12,11,0.00668931
12,12,0.0117861
12,13,0.0194479
12,14,0.0304108
12,15,0.04461
12,16,0.0614683
12,17,0.0802497
12,18,0.0995674
12,19,0.118132
12,20,0.134935
12,21,0.149013
12,22,0.160124
12,23,0.167945
12,24,0.172646
12,25,0.174162
12,26,0.172646
12,27,0.167945
12,28,0.160124
12,29,0.149013
12,30,0.134935
12,31,0.118132
12,32,0.0995674
12,33,0.0802497
12,34,0.0614683
12,35,0.04461
12,36,0.0304108
12,37,0.0194479
12,38,0.0117861
12,39,0.00668931
12,40,0.00339363
12,41,0.00146247
12,42,0.000518334
12,43,0.000148907
12,44,3.44993e-05
12,45,6.43443e-06
12,46,9.6403e-07
12,47,1.15508e-07
12,48,1.09635e-08
12,49,5.89722e-10
13,0,0
13,1,5.97998e-09
13,2,6.62174e-08
13,3,5.81067e-07
13,4,4.09128e-06
13,5,2.32227e-05
13,6,0.000106496
13,7,0.000395129
13,8,0.00119046
13,9,0.00294565
13,10,0.00614986
13,11,0.0113494
13,12,0.0194479
13,13,0.0315262
13,14,0.0478246
13,15,0.0676695
13,16,0.0902786
13,17,0.11408
13,18,0.137054
13,19,0.157978
13,20,0.175534
13,21,0.189378
13,22,0.19957
13,23,0.206311
13,24,0.210232
13,25,0.211409
13,26,0.210232
13,27,0.206311
13,28,0.19957
13,29,0.189378
13,30,0.175534
13,31,0.157978
13,32,0.137054
13,33,0.11408
13,34,0.0902786
13,35,0.0676695
13,36,0.0478246
13,37,0.0315262
13,38,0.0194479
13,39,0.0113494
13,40,0.00614986
13,41,0.00294565
13,42,0.00119046
13,43,0.000395129
13,44,0.000106496
13,45,2.32227e-05
13,46,4.09128e-06
13,47,5.81061e-07
13,48,6.61126e-08
13,49,4.59033e-09
14,0,0
14,1,3.35131e-08
14,2,3.11e-07
14,3,2.31099e-06
14,4,1.39021e-05
14,5,6.78774e-05
14,6,0.000269388
14,7,0.000871547
14,8,0.0023187
14,9,0.00518202
14,10,0.0101166
14,11,0.0180877
14,12,0.0304108
14,13,0.0478246
14,14,0.0698399
14,15,0.0955548
14,16,0.123349
14,17,0.150413
14,18,0.174821
14,19,0.195091
14,20,0.210294
14,21,0.221122
14,22,0.227859
14,23,0.231918
14,24,0.233823
14,25,0.234476
14,26,0.233823
14,27,0.231918
14,28,0.227859
14,29,0.221122
14,30,0.210294
14,31,0.195091
14,32,0.174821
14,33,0.150413
14,34,0.123349
14,35,0.0955548
14,36,0.0698399
14,37,0.0478246
14,38,0.0304108
14,39,0.0180877
14,40,0.0101166
14,41,0.00518202
14,42,0.0023187
14,43,0.000871547
14,44,0.000269388
14,45,6.78774e-05
14,46,1.39021e-05
14,47,2.31095e-06
14,48,3.10413e-07
14,49,2.73592e-08
15,0,0
15,1,1.4596e-07
15,2,1.15527e-06
15,3,7.37661e-06
15,4,3.84356e-05
15,5,0.00016374
15,6,0.000571779
15,7,0.00164749
15,8,0.00397959
15,9,0.0083067
15,10,0.015614
15,11,0.0272948
15,12,0.04461
15,13,0.0676695
15,14,0.0955548
15,15,0.126529
15,16,0.157328
15,17,0.184854
15,18,0.207263
15,19,0.223011
15,20,0.232801
15,21,0.237682
15,22,0.239159
15,23,0.239117
15,24,0.23837
15,25,0.238212
15,26,0.23837
15,27,0.239117
15,28,0.239159
15,29,0.237682
15,30,0.232801
15,31,0.223011
15,32,0.207263
15,33,0.184854
15,34,0.157328
15,35,0.126529
15,36,0.0955548
15,37,0.0676695
15,38,0.04461
15,39,0.0272948
15,40,0.015614
15,41,0.0083067
15,42,0.00397959
15,43,0.00164749
15,44,0.000571779
15,45,0.00016374
15,46,3.84356e-05
15,47,7.37639e-06
15,48,1.15297e-06
15,49,1.27137e-07
16,0,0
16,1,5.02784e-07
16,2,3.45375e-06
16,3,1.92565e-05
16,4,8.83607e-05
16,5,0.000334549
16,6,0.00105031
16,7,0.00276477
16,8,0.00623589
16,9,0.0124535
16,10,0.0227754
16,11,0.0387991
16,12,0.0614683
16,13,0.0902786
16,14,0.123349
16,15,0.157328
16,16,0.188154
16,17,0.212832
16,18,0.22933
16,19,0.237655
16,20,0.239636
16,21,0.237017
16,22,0.232641
16,23,0.227973
16,24,0.224775
16,25,0.223533
16,26,0.224775
16,27,0.227973
16,28,0.232641
16,29,0.237017
16,30,0.239636
16,31,0.237655
16,32,0.22933
16,33,0.212832
16,34,0.188154
16,35,0.157328
16,36,0.123349
16,37,0.0902787
16,38,0.0614683
16,39,0.0387991
16,40,0.0227753
16,41,0.0124535
16,42,0.00623589
16,43,0.00276477
16,44,0.00105031
16,45,0.000334549
16,46,8.83607e-05
16,47,1.92558e-05
16,48,3.44781e-06
16,49,4.68166e-07
17,0,0
17,1,1.39725e-06
17,2,8.48937e-06
17,3,4.21109e-05
17,4,0.000173561
17,5,0.000596616
17,6,0.00172294
17,7,0.00424028
17,8,0.00910892
17,9,0.0176102
17,10,0.0314213
17,11,0.0521688
17,12,0.0802497
17,13,0.11408
17,14,0.150413
17,15,0.184854
17,16,0.212832
17,17,0.231177
17,18,0.239178
17,19,0.23847
17,20,0.231652
17,21,0.221942
17,22,0.212027
17,23,0.203721
17,24,0.198412
17,25,0.196498
17,26,0.198412
17,27,0.203721
17,28,0.212027
17,29,0.221942
17,30,0.231652
17,31,0.23847
17,32,0.239178
17,33,0.231177
17,34,0.212832
17,35,0.184854
17,36,0.150413
17,37,0.11408
17,38,0.0802497
17,39,0.0521688
17,40,0.0314213
17,41,0.0176102
17,42,0.00910893
17,43,0.00424028
17,44,0.00172294
17,45,0.000596616
17,46,0.000173561
17,47,4.21094e-05
17,48,8.48173e-06
17,49,1.39013e-06
18,0,0
18,1,3.20815e-06
18,2,1.76008e-05
18,3,7.92812e-05
18,4,0.000299601
18,5,0.000954299
18,6,0.00258448
18,7,0.00604743
18,8,0.0125276
18,9,0.0236097
18,10,0.0412067
18,11,0.066701
18,12,0.0995674
18,13,0.137054
18,14,0.174821
18,15,0.207263
18,16,0.22933
18,17,0.239178
18,18,0.237665
18,19,0.22762
18,20,0.213191
18,21,0.197766
18,22,0.184052
18,23,0.173515
18,24,0.166989
18,25,0.164779
18,26,0.166989
18,27,0.173515
18,28,0.184052
18,29,0.197766
18,30,0.213191
18,31,0.22762
18,32,0.237665
18,33,0.239178
18,34,0.22933
18,35,0.207263
18,36,0.174821
18,37,0.137054
18,38,0.0995674
18,39,0.066701
18,40,0.0412067
18,41,0.0236097
18,42,0.0125276
18,43,0.00604743
18,44,0.00258448
18,45,0.000954299
18,46,0.0002996
18,47,7.92804e-05
18,48,1.7611e-05
18,49,3.39733e-06
19,0,0
19,1,6.24958e-06
19,2,3.16053e-05
19,3,0.000131834
19,4,0.000465233
19,5,0.00139632
19,6,0.00359936
19,7,0.00810704
19,8,0.0163405
19,9,0.0301572
19,10,0.0515306
19,11,0.0813492
19,12,0.118132
19,13,0.157978
19,14,0.195091
19,15,0.223011
19,16,0.237655
19,17,0.23847
19,18,0.22762
19,19,0.209918
19,20,0.189856
19,21,0.170948
19,22,0.155441
19,23,0.144001
19,24,0.137262
19,25,0.134884
19,26,0.137262
19,27,0.144001
19,28,0.155441
19,29,0.170948
19,30,0.189856
19,31,0.209918
19,32,0.22762
19,33,0.23847
19,34,0.237655
19,35,0.223011
19,36,0.195091
19,37,0.157978
19,38,0.118132
19,39,0.0813492
19,40,0.0515306
19,41,0.0301572
19,42,0.0163405
19,43,0.00810704
19,44,0.00359936
19,45,0.00139632
19,46,0.000465234
19,47,0.000131841
19,48,3.16891e-05
19,49,6.99461e-06
20,0,0
20,1,1.05924e-05
20,2,5.02869e-05
20,3,0.000197534
20,4,0.000660882
20,5,0.00189454
20,6,0.00470365
20,7,0.0102945
20,8,0.02031
20,9,0.036806
20,10,0.0616834
20,11,0.0952446
20,12,0.134935
20,13,0.175534
20,14,0.210294
20,15,0.232801
20,16,0.239636
20,17,0.231652
20,18,0.213191
20,19,0.189856
20,20,0.166428
20,21,0.146143
20,22,0.130158
20,23,0.118977
20,24,0.11229
20,25,0.110103
20,26,0.11229
20,27,0.118977
20,28,0.130158
20,29,0.146143
20,30,0.166428
20,31,0.189857
20,32,0.213191
20,33,0.231652
20,34,0.239636
20,35,0.232801
20,36,0.210294
20,37,0.175534
20,38,0.134935
20,39,0.0952446
20,40,0.0616834
20,41,0.036806
20,42,0.02031
20,43,0.0102945
20,44,0.00470365
20,45,0.00189454
20,46,0.000660885
20,47,0.000197563
20,48,5.05414e-05
20,49,1.24184e-05
21,0,0
21,1,1.59381e-05
21,2,7.21204e-05
21,3,0.000270589
21,4,0.000869279
21,5,0.00240702
21,6,0.00580986
21,7,0.0124421
21,8,0.024138
21,9,0.0430864
21,10,0.0710101
21,11,0.10751
21,12,0.149013
21,13,0.189378
21,14,0.221122
21,15,0.237682
21,16,0.237017
21,17,0.221942
21,18,0.197766
21,19,0.170948
21,20,0.146143
21,21,0.125611
21,22,0.110165
21,23,0.0993309
21,24,0.092889
21,25,0.0906316
21,26,0.092889
21,27,0.0993309
21,28,0.110165
21,29,0.125611
21,30,0.146143
21,31,0.170948
21,32,0.197766
21,33,0.221942
21,34,0.237017
21,35,0.237682
21,36,0.221122
21,37,0.189378
21,38,0.149013
21,39,0.10751
21,40,0.0710101
21,41,0.0430864
21,42,0.024138
21,43,0.0124421
21,44,0.00580986
21,45,0.00240702
21,46,0.000869287
21,47,0.000270661
21,48,7.26621e-05
21,49,1.93948e-05
22,0,0
22,1,2.16071e-05
22,2,9.44045e-05
22,3,0.000342448
22,4,0.00106782
22,5,0.00288265
22,6,0.00681631
22,7,0.0143674
22,8,0.0275204
22,9,0.0485241
22,10,0.0788631
22,11,0.117531
22,12,0.160124
22,13,0.19957
22,14,0.227859
22,15,0.239159
22,16,0.232641
22,17,0.212027
22,18,0.184052
22,19,0.155441
22,20,0.130158
22,21,0.110165
22,22,0.0951181
22,23,0.084425
22,24,0.077493
22,25,0.0748719
22,26,0.077493
22,27,0.0844249
22,28,0.0951181
22,29,0.110165
22,30,0.130158
22,31,0.155441
22,32,0.184052
22,33,0.212027
22,34,0.232641
22,35,0.239159
22,36,0.227859
22,37,0.19957
22,38,0.160124
22,39,0.117531
22,40,0.0788631
22,41,0.0485241
22,42,0.0275204
22,43,0.0143674
22,44,0.00681631
22,45,0.00288265
22,46,0.00106783
22,47,0.000342581
22,48,9.5323e-05
22,49,2.70514e-05
23,0,0
23,1,2.66716e-05
23,2,0.00011378
23,3,0.000403299
23,4,0.00123216
23,5,0.00326929
23,6,0.00762324
23,7,0.0158928
23,8,0.0301656
23,9,0.0527132
23,10,0.0848115
23,11,0.124923
23,12,0.167945
23,13,0.206311
23,14,0.231919
23,15,0.239117
23,16,0.227973
23,17,0.203721
23,18,0.173515
23,19,0.144001
23,20,0.118977
23,21,0.0993309
23,22,0.0844249
23,23,0.0728934
23,24,0.06423
23,25,0.0598089
23,26,0.06423
23,27,0.0728935
23,28,0.0844249
23,29,0.0993309
23,30,0.118977
23,31,0.144001
23,32,0.173515
23,33,0.203721
23,34,0.227973
23,35,0.239117
23,36,0.231919
23,37,0.206311
23,38,0.167945
23,39,0.124923
23,40,0.0848115
23,41,0.0527132
23,42,0.0301656
23,43,0.0158928
23,44,0.00762324
23,45,0.00326929
23,46,0.00123219
23,47,0.000403498
23,48,0.000115087
23,49,3.40648e-05
24,0,0
24,1,3.01845e-05
24,2,0.00012699
24,3,0.000444093
24,4,0.00134077
24,5,0.00352176
24,6,0.00814511
24,7,0.0168721
24,8,0.0318522
24,9,0.0553548
24,10,0.0884912
24,11,0.129407
24,12,0.172646
24,13,0.210232
24,14,0.233823
24,15,0.23837
24,16,0.224775
24,17,0.198412
24,18,0.166989
24,19,0.137262
24,20,0.11229
24,21,0.092889
24,22,0.0774932
24,23,0.0642301
24,24,0.0513238
24,25,0.0401123
24,26,0.0513238
24,27,0.0642302
24,28,0.0774931
24,29,0.0928891
24,30,0.11229
24,31,0.137262
24,32,0.166989
24,33,0.198412
24,34,0.224775
24,35,0.238369
24,36,0.233823
24,37,0.210232
24,38,0.172646
24,39,0.129407
24,40,0.0884912
24,41,0.0553548
24,42,0.0318522
24,43,0.0168721
24,44,0.00814511
24,45,0.00352176
24,46,0.0013408
24,47,0.000444344
24,48,0.00012859
24,49,3.90106e-05
25,0,0
25,1,3.14423e-05
25,2,0.00013168
25,3,0.000458455
25,4,0.00137872
25,5,0.00360951
25,6,0.00832589
25,7,0.0172099
25,8,0.0324293
25,9,0.0562531
25,10,0.0897484
25,11,0.130934
25,12,0.174162
25,13,0.211409
25,14,0.234476
25,15,0.238212
25,16,0.223533
25,17,0.196498
25,18,0.164779
25,19,0.134884
25,20,0.110103
25,21,0.0906317
25,22,0.0748719
25,23,0.0598088
25,24,0.0401121
25,25,0.00064438
25,26,0.0401121
25,27,0.0598087
25,28,0.0748719
25,29,0.0906317
25,30,0.110103
25,31,0.134884
25,32,0.164779
25,33,0.196498
25,34,0.223533
25,35,0.238212
25,36,0.234476
25,37,0.211409
25,38,0.174162
25,39,0.130934
25,40,0.0897484
25,41,0.0562531
25,42,0.0324293
25,43,0.0172099
25,44,0.00832589
25,45,0.00360951
25,46,0.00137875
25,47,0.000458726
25,48,0.00013339
25,49,4.07956e-05
26,0,0
26,1,3.01845e-05
26,2,0.00012699
26,3,0.000444093
26,4,0.00134077
26,5,0.00352176
26,6,0.00814511
26,7,0.0168721
26,8,0.0318522
26,9,0.0553548
26,10,0.0884912
26,11,0.129407
26,12,0.172646
26,13,0.210232
26,14,0.233823
26,15,0.23837
26,16,0.224775
26,17,0.198412
26,18,0.166989
26,19,0.137262
26,20,0.11229
26,21,0.092889
26,22,0.0774932
26,23,0.0642301
26,24,0.0513238
26,25,0.0401123
26,26,0.0513238
26,27,0.0642302
26,28,0.0774931
26,29,0.0928891
26,30,0.11229
26,31,0.137262
26,32,0.166989
26,33,0.198412
26,34,0.224775
26,35,0.238369
26,36,0.233823
26,37,0.210232
26,38,0.172646
26,39,0.129407
26,40,0.0884912
26,41,0.0553548
26,42,0.0318522
26,43,0.0168721
26,44,0.00814511
26,45,0.00352176
26,46,0.0013408
26,47,0.000444344
26,48,0.00012859
26,49,3.90106e-05
27,0,0
27,1,2.66716e-05
27,2,0.00011378
27,3,0.000403299
27,4,0.00123216
27,5,0.00326929
27,6,0.00762324
27,7,0.0158928
27,8,0.0301656
27,9,0.0527132
27,10,0.0848115
27,11,0.124923
27,12,0.167945
27,13,0.206311
27,14,0.231919
27,15,0.239117
27,16,0.227973
27,17,0.203721
27,18,0.173515
27,19,0.144001
27,20,0.118977
27,21,0.0993309
27,22,0.0844249
27,23,0.0728934
27,24,0.06423
27,25,0.0598089
27,26,0.06423
27,27,0.0728935
27,28,0.0844249
27,29,0.0993309
27,30,0.118977
27,31,0.144001
27,32,0.173515
27,33,0.203721
27,34,0.227973
27,35,0.239117
27,36,0.231919
27,37,0.206311
27,38,0.167945
27,39,0.124923
27,40,0.0848115
27,41,0.0527132
27,42,0.0301656
27,43,0.0158928
27,44,0.00762324
27,45,0.00326929
27,46,0.00123219
27,47,0.000403498
27,48,0.000115087
27,49,3.40648e-05
28,0,0
28,1,2.16071e-05
28,2,9.44045e-05
28,3,0.000342448
28,4,0.00106782
28,5,0.00288265
28,6,0.00681631
28,7,0.0143674
28,8,0.0275204
28,9,0.0485241
28,10,0.0788631
28,11,0.117531
28,12,0.160124
28,13,0.19957
28,14,0.227859
28,15,0.239159
28,16,0.232641
28,17,0.212027
28,18,0.184052
28,19,0.155441
28,20,0.130158
28,21,0.110165
28,22,0.0951181
28,23,0.084425
28,24,0.077493
28,25,0.0748719
28,26,0.077493
28,27,0.0844249
28,28,0.0951181
28,29,0.110165
28,30,0.130158
28,31,0.155441
28,32,0.184052
28,33,0.212027
28,34,0.232641
28,35,0.239159
28,36,0.227859
28,37,0.19957
28,38,0.160124
28,39,0.117531
28,40,0.0788631
28,41,0.0485241
28,42,0.0275204
28,43,0.0143674
28,44,0.00681631
28,45,0.00288265
28,46,0.00106783
28,47,0.000342581
28,48,9.5323e-05
28,49,2.70514e-05
29,0,0
29,1,1.59381e-05
29,2,7.21204e-05
29,3,0.000270589
29,4,0.000869279
29,5,0.00240702
29,6,0.00580986
29,7,0.0124421
29,8,0.024138
29,9,0.0430864
29,10,0.0710101
29,11,0.10751
29,12,0.149013
29,13,0.189378
29,14,0.221122
29,15,0.237682
29,16,0.237017
29,17,0.221942
29,18,0.197766
29,19,0.170948
29,20,0.146143
29,21,0.125611
29,22,0.110165
29,23,0.0993309
29,24,0.092889
29,25,0.0906316
29,26,0.092889
29,27,0.0993309
29,28,0.110165
29,29,0.125611
29,30,0.146143
29,31,0.170948
29,32,0.197766
29,33,0.221942
29,34,0.237017
29,35,0.237682
29,36,0.221122
29,37,0.189378
29,38,0.149013
29,39,0.10751
29,40,0.0710101
29,41,0.0430864
29,42,0.024138
29,43,0.0124421
29,44,0.00580986
29,45,0.00240702
29,46,0.000869287
29,47,0.000270661
29,48,7.26621e-05
29,49,1.93948e-05
30,0,0
30,1,1.05924e-05
30,2,5.02869e-05
30,3,0.000197534
30,4,0.000660882
30,5,0.00189454
30,6,0.00470365
30,7,0.0102945
30,8,0.02031
30,9,0.036806
30,10,0.0616834
30,11,0.0952446
30,12,0.134935
30,13,0.175534
30,14,0.210294
30,15,0.232801
30,16,0.239636
30,17,0.231652
30,18,0.213191
30,19,0.189856
30,20,0.166428
30,21,0.146143
30,22,0.130158
30,23,0.118977
30,24,0.11229
30,25,0.110103
30,26,0.11229
30,27,0.118977
30,28,0.130158
30,29,0.146143
30,30,0.166428
30,31,0.189857
30,32,0.213191
30,33,0.231652
30,34,0.239636
30,35,0.232801
30,36,0.210294
30,37,0.175534
30,38,0.134935
30,39,0.0952446
30,40,0.0616834
30,41,0.036806
30,42,0.02031
30,43,0.0102945
30,44,0.00470365
30,45,0.00189454
30,46,0.000660885
30,47,0.000197563
30,48,5.05414e-05
30,49,1.24184e-05
31,0,0
31,1,6.24958e-06
31,2,3.16053e-05
31,3,0.000131834
31,4,0.000465233
31,5,0.00139632
31,6,0.00359936
31,7,0.00810704
31,8,0.0163405
31,9,0.0301572
31,10,0.0515306
31,11,0.0813492
31,12,0.118132
31,13,0.157978
31,14,0.195091
31,15,0.223011
31,16,0.237655
31,17,0.23847
31,18,0.22762
31,19,0.209918
31,20,0.189856
31,21,0.170948
31,22,0.155441
31,23,0.144001
31,24,0.137262
31,25,0.134884
31,26,0.137262
31,27,0.144001
31,28,0.155441
31,29,0.170948
31,30,0.189856
31,31,0.209918
31,32,0.22762
31,33,0.23847
31,34,0.237655
31,35,0.223011
31,36,0.195091
31,37,0.157978
31,38,0.118132
31,39,0.0813492
31,40,0.0515306
31,41,0.0301572
31,42,0.0163405
31,43,0.00810704
31,44,0.00359936
31,45,0.00139632
31,46,0.000465234
31,47,0.000131841
31,48,3.16891e-05
31,49,6.99461e-06
32,0,0
32,1,3.20815e-06
32,2,1.76008e-05
32,3,7.92812e-05
32,4,0.000299601
32,5,0.000954299
32,6,0.00258448
32,7,0.00604743
32,8,0.0125276
32,9,0.0236097
32,10,0.0412067
32,11,0.066701
32,12,0.0995674
32,13,0.137054
32,14,0.174821
32,15,0.207263
32,16,0.22933
32,17,0.239178
32,18,0.237665
32,19,0.22762
32,20,0.213191
32,21,0.197766
32,22,0.184052
32,23,0.173515
32,24,0.166989
32,25,0.164779
32,26,0.166989
32,27,0.173515
32,28,0.184052
32,29,0.197766
32,30,0.213191
32,31,0.22762
32,32,0.237665
32,33,0.239178
32,34,0.22933
32,35,0.207263
32,36,0.174821
32,37,0.137054
32,38,0.0995674
32,39,0.066701
32,40,0.0412067
32,41,0.0236097
32,42,0.0125276
32,43,0.00604743
32,44,0.00258448
32,45,0.000954299
32,46,0.0002996
32,47,7.92804e-05
32,48,1.7611e-05
32,49,3.39733e-06
33,0,0
33,1,1.39725e-06
33,2,8.48937e-06
33,3,4.21109e-05
33,4,0.000173561
33,5,0.000596616
33,6,0.00172294
33,7,0.00424028
33,8,0.00910892
33,9,0.0176102
33,10,0.0314213
33,11,0.0521688
33,12,0.0802497
33,13,0.11408
33,14,0.150413
33,15,0.184854
33,16,0.212832
33,17,0.231177
33,18,0.239178
33,19,0.23847
33,20,0.231652
33,21,0.221942
33,22,0.212027
33,23,0.203721
33,24,0.198412
33,25,0.196498
33,26,0.198412
33,27,0.203721
33,28,0.212027
33,29,0.221942
33,30,0.231652
33,31,0.23847
33,32,0.239178
33,33,0.231177
33,34,0.212832
33,35,0.184854
33,36,0.150413
33,37,0.11408
33,38,0.0802497
33,39,0.0521688
33,40,0.0314213
33,41,0.0176102
33,42,0.00910893
33,43,0.00424028
33,44,0.00172294
33,45,0.000596616
33,46,0.000173561
33,47,4.21094e-05
33,48,8.48173e-06
33,49,1.39013e-06
34,0,0
34,1,5.02784e-07
34,2,3.45375e-06
34,3,1.92565e-05
34,4,8.83607e-05
34,5,0.000334549
34,6,0.00105031
34,7,0.00276477
34,8,0.00623589
34,9,0.0124535
34,10,0.0227754
34,11,0.0387991
34,12,0.0614683
34,13,0.0902786
34,14,0.123349
34,15,0.157328
34,16,0.188154
34,17,0.212832
34,18,0.22933
34,19,0.237655
34,20,0.239636
34,21,0.237017
34,22,0.232641
34,23,0.227973
34,24,0.224775
34,25,0.223533
34,26,0.224775
34,27,0.227973
34,28,0.232641
34,29,0.237017
34,30,0.239636
34,31,0.237655
34,32,0.22933
34,33,0.212832
34,34,0.188154
34,35,0.157328
34,36,0.123349
34,37,0.0902787
34,38,0.0614683
34,39,0.0387991
34,40,0.0227753
34,41,0.0124535
34,42,0.00623589
34,43,0.00276477
34,44,0.00105031
34,45,0.000334549
34,46,8.83607e-05
34,47,1.92558e-05
34,48,3.44781e-06
34,49,4.68166e-07
35,0,0
35,1,1.4596e-07
35,2,1.15527e-06
35,3,7.37661e-06
35,4,3.84356e-05
35,5,0.00016374
35,6,0.000571779
35,7,0.00164749
35,8,0.00397959
35,9,0.0083067
35,10,0.015614
35,11,0.0272948
35,12,0.04461
35,13,0.0676695
35,14,0.0955548
35,15,0.126529
35,16,0.157328
35,17,0.184854
35,18,0.207263
35,19,0.223011
35,20,0.232801
35,21,0.237682
35,22,0.239159
35,23,0.239117
35,24,0.23837
35,25,0.238212
35,26,0.23837
35,27,0.239117
35,28,0.239159
35,29,0.237682
35,30,0.232801
35,31,0.223011
35,32,0.207263
35,33,0.184854
35,34,0.157328
35,35,0.126529
35,36,0.0955548
35,37,0.0676695
35,38,0.04461
35,39,0.0272948
35,40,0.015614
35,41,0.0083067
35,42,0.00397959
35,43,0.00164749
35,44,0.000571779
35,45,0.00016374
35,46,3.84356e-05
35,47,7.37639e-06
35,48,1.15297e-06
35,49,1.27137e-07
36,0,0
36,1,3.35131e-08
36,2,3.11e-07
36,3,2.31099e-06
36,4,1.39021e-05
36,5,6.78774e-05
36,6,0.000269388
36,7,0.000871547
36,8,0.0023187
36,9,0.00518202
36,10,0.0101166
36,11,0.0180877
36,12,0.0304108
36,13,0.0478246
36,14,0.0698399
36,15,0.0955548
36,16,0.123349
36,17,0.150413
36,18,0.174821
36,19,0.195091
36,20,0.210294
36,21,0.221122
36,22,0.227859
36,23,0.231918
36,24,0.233823
36,25,0.234476
36,26,0.233823
36,27,0.231918
36,28,0.227859
36,29,0.221122
36,30,0.210294
36,31,0.195091
36,32,0.174821
36,33,0.150413
36,34,0.123349
36,35,0.0955548
36,36,0.0698399
36,37,0.0478246
36,38,0.0304108
36,39,0.0180877
36,40,0.0101166
36,41,0.00518202
36,42,0.0023187
36,43,0.000871547
36,44,0.000269388
36,45,6.78774e-05
36,46,1.39021e-05
36,47,2.31095e-06
36,48,3.10413e-07
36,49,2.73592e-08
37,0,0
37,1,5.97998e-09
37,2,6.62174e-08
37,3,5.81067e-07
37,4,4.09128e-06
37,5,2.32227e-05
37,6,0.000106496
37,7,0.000395129
37,8,0.00119046
37,9,0.00294565
37,10,0.00614986
37,11,0.0113494
37,12,0.0194479
37,13,0.0315262
37,14,0.0478246
37,15,0.0676695
37,16,0.0902786
37,17,0.11408
37,18,0.137054
37,19,0.157978
37,20,0.175534
37,21,0.189378
37,22,0.19957
37,23,0.206311
37,24,0.210232
37,25,0.211409
37,26,0.210232
37,27,0.206311
37,28,0.19957
37,29,0.189378
37,30,0.175534
37,31,0.157978
37,32,0.137054
37,33,0.11408
37,34,0.0902786
37,35,0.0676695
37,36,0.0478246
37,37,0.0315262
37,38,0.0194479
37,39,0.0113494
37,40,0.00614986
37,41,0.00294565
37,42,0.00119046
37,43,0.000395129
37,44,0.000106496
37,45,2.32227e-05
37,46,4.09128e-06
37,47,5.81061e-07
37,48,6.61126e-08
37,49,4.59033e-09
38,0,0
38,1,8.13985e-10
38,2,1.09767e-08
38,3,1.15509e-07
38,4,9.6403e-07
38,5,6.43443e-06
38,6,3.44993e-05
38,7,0.000148907
38,8,0.000518334
38,9,0.00146247
38,10,0.00339363
38,11,0.00668931
38,12,0.0117861
38,13,0.0194479
38,14,0.0304108
38,15,0.04461
38,16,0.0614683
38,17,0.0802497
38,18,0.0995674
38,19,0.118132
38,20,0.134935
38,21,0.149013
38,22,0.160124
38,23,0.167945
38,24,0.172646
38,25,0.174162
38,26,0.172646
38,27,0.167945
38,28,0.160124
38,29,0.149013
38,30,0.134935
38,31,0.118132
38,32,0.0995674
38,33,0.0802497
38,34,0.0614683
38,35,0.04461
38,36,0.0304108
38,37,0.0194479
38,38,0.0117861
38,39,0.00668931
38,40,0.00339363
38,41,0.00146247
38,42,0.000518334
38,43,0.000148907
38,44,3.44993e-05
38,45,6.43443e-06
38,46,9.6403e-07
38,47,1.15508e-07
38,48,1.09635e-08
38,49,5.89722e-10
39,0,0
39,1,8.25235e-11
39,2,1.39204e-09
39,3,1.78992e-08
39,4,1.79564e-07
39,5,1.42479e-06
39,6,9.01527e-06
39,7,4.56934e-05
39,8,0.000185969
39,9,0.000609468
39,10,0.00161993
39,11,0.00355638
39,12,0.00668931
39,13,0.0113494
39,14,0.0180877
39,15,0.0272948
39,16,0.0387991
39,17,0.0521688
39,18,0.066701
39,19,0.0813492
39,20,0.0952446
39,21,0.10751
39,22,0.117531
39,23,0.124923
39,24,0.129407
39,25,0.130934
39,26,0.129407
39,27,0.124923
39,28,0.117531
39,29,0.10751
39,30,0.0952446
39,31,0.0813492
39,32,0.066701
39,33,0.0521688
39,34,0.0387991
39,35,0.0272948
39,36,0.0180877
39,37,0.0113494
39,38,0.00668931
39,39,0.00355638
39,40,0.00161993
39,41,0.000609468
39,42,0.000185969
39,43,4.56934e-05
39,44,9.01527e-06
39,45,1.42479e-06
39,46,1.79564e-07
39,47,1.78992e-08
39,48,1.39088e-09
39,49,5.66425e-11
40,0,0
40,1,6.01403e-12
40,2,1.31928e-10
40,3,2.12665e-09
40,4,2.61064e-08
40,5,2.49433e-07
40,6,1.88031e-06
40,7,1.12758e-05
40,8,5.40491e-05
40,9,0.000207754
40,10,0.000643183
40,11,0.00161993
40,12,0.00339363
40,13,0.00614986
40,14,0.0101166
40,15,0.015614
40,16,0.0227753
40,17,0.0314213
40,18,0.0412067
40,19,0.0515306
40,20,0.0616834
40,21,0.0710101
40,22,0.0788631
40,23,0.0848115
40,24,0.0884912
40,25,0.0897483
40,26,0.0884912
40,27,0.0848115
40,28,0.0788631
40,29,0.0710101
40,30,0.0616834
40,31,0.0515306
40,32,0.0412066
40,33,0.0314213
40,34,0.0227753
40,35,0.015614
40,36,0.0101166
40,37,0.00614986
40,38,0.00339363
40,39,0.00161993
40,40,0.000643183
40,41,0.000207754
40,42,5.40491e-05
40,43,1.12758e-05
40,44,1.88031e-06
40,45,2.49433e-07
40,46,2.61064e-08
40,47,2.12665e-09
40,48,1.31861e-10
40,49,3.92486e-12
41,0,0
41,1,2.97042e-13
41,2,9.01933e-12
41,3,1.89341e-10
41,4,2.9164e-09
41,5,3.41327e-08
41,6,3.10212e-07
41,7,2.21942e-06
41,8,1.26065e-05
41,9,5.71547e-05
41,10,0.000207754
41,11,0.000609468
41,12,0.00146247
41,13,0.00294565
41,14,0.00518202
41,15,0.0083067
41,16,0.0124535
41,17,0.0176102
41,18,0.0236097
41,19,0.0301572
41,20,0.036806
41,21,0.0430864
41,22,0.0485241
41,23,0.0527132
41,24,0.0553548
41,25,0.0562531
41,26,0.0553548
41,27,0.0527132
41,28,0.0485241
41,29,0.0430864
41,30,0.036806
41,31,0.0301572
41,32,0.0236097
41,33,0.0176102
41,34,0.0124535
41,35,0.0083067
41,36,0.00518202
41,37,0.00294565
41,38,0.00146247
41,39,0.000609468
41,40,0.000207754
41,41,5.71547e-05
41,42,1.26065e-05
41,43,2.21942e-06
41,44,3.10212e-07
41,45,3.41328e-08
41,46,2.9164e-09
41,47,1.89341e-10
41,48,9.01704e-12
41,49,1.84927e-13
42,0,0
42,1,8.88856e-15
42,2,4.1935e-13
42,3,1.21955e-11
42,4,2.44755e-10
42,5,3.5964e-09
42,6,4.00652e-08
42,7,3.45842e-07
42,8,2.3453e-06
42,9,1.26065e-05
42,10,5.40491e-05
42,11,0.000185969
42,12,0.000518334
42,13,0.00119046
42,14,0.0023187
42,15,0.00397959
42,16,0.00623589
42,17,0.00910892
42,18,0.0125276
42,19,0.0163405
42,20,0.02031
42,21,0.024138
42,22,0.0275204
42,23,0.0301656
42,24,0.0318522
42,25,0.0324293
42,26,0.0318522
42,27,0.0301656
42,28,0.0275204
42,29,0.024138
42,30,0.02031
42,31,0.0163405
42,32,0.0125276
42,33,0.00910892
42,34,0.00623589
42,35,0.00397959
42,36,0.0023187
42,37,0.00119046
42,38,0.000518334
42,39,0.000185969
42,40,5.40491e-05
42,41,1.26065e-05
42,42,2.3453e-06
42,43,3.45842e-07
42,44,4.00652e-08
42,45,3.5964e-09
42,46,2.44755e-10
42,47,1.21955e-11
42,48,4.19315e-13
42,49,5.29451e-15
43,0,0
43,1,1.21509e-16
43,2,1.18514e-14
43,3,5.35762e-13
43,4,1.48999e-11
43,5,2.8536e-10
43,6,3.9926e-09
43,7,4.22594e-08
43,8,3.45842e-07
43,9,2.21942e-06
43,10,1.12758e-05
43,11,4.56934e-05
43,12,0.000148907
43,13,0.000395129
43,14,0.000871547
43,15,0.00164749
43,16,0.00276477
43,17,0.00424028
43,18,0.00604743
43,19,0.00810704
43,20,0.0102945
43,21,0.0124421
43,22,0.0143674
43,23,0.0158928
43,24,0.0168721
43,25,0.0172099
43,26,0.0168721
43,27,0.0158928
43,28,0.0143674
43,29,0.0124421
43,30,0.0102945
43,31,0.00810704
43,32,0.00604743
43,33,0.00424028
43,34,0.00276477
43,35,0.00164749
43,36,0.000871547
43,37,0.000395129
43,38,0.000148907
43,39,4.56934e-05
43,40,1.12758e-05
43,41,2.21942e-06
43,42,3.45842e-07
43,43,4.22594e-08
43,44,3.99261e-09
43,45,2.8536e-10
43,46,1.48999e-11
43,47,5.35762e-13
43,48,1.18514e-14
43,49,6.94335e-17
44,0,0
44,1,0
44,2,1.53485e-16
44,3,1.43465e-14
44,4,6.20305e-13
44,5,1.64652e-11
44,6,3.00314e-10
44,7,3.99261e-09
44,8,4.00652e-08
44,9,3.10212e-07
44,10,1.88031e-06
44,11,9.01527e-06
44,12,3.44993e-05
44,13,0.000106496
44,14,0.000269388
44,15,0.000571779
44,16,0.00105031
44,17,0.00172294
44,18,0.00258448
44,19,0.00359935
44,20,0.00470365
44,21,0.00580986
44,22,0.00681631
44,23,0.00762324
44,24,0.00814511
44,25,0.00832589
44,26,0.00814511
44,27,0.00762324
44,28,0.00681631
44,29,0.00580986
44,30,0.00470365
44,31,0.00359935
44,32,0.00258448
44,33,0.00172294
44,34,0.00105031
44,35,0.000571779
44,36,0.000269388
44,37,0.000106496
44,38,3.44993e-05
44,39,9.01527e-06
44,40,1.88031e-06
44,41,3.10212e-07
44,42,4.00652e-08
44,43,3.99261e-09
44,44,3.00314e-10
44,45,1.64652e-11
44,46,6.20305e-13
44,47,1.43465e-14
44,48,1.53485e-16
44,49,0
45,0,0
45,1,0
45,2,0
45,3,1.76507e-16
45,4,1.57811e-14
45,5,6.51303e-13
45,6,1.64652e-11
45,7,2.8536e-10
45,8,3.5964e-09
45,9,3.41327e-08
45,10,2.49433e-07
45,11,1.42479e-06
45,12,6.43443e-06
45,13,2.32227e-05
45,14,6.78774e-05
45,15,0.00016374
45,16,0.000334549
45,17,0.000596616
45,18,0.000954299
45,19,0.00139632
45,20,0.00189454
45,21,0.00240702
45,22,0.00288265
45,23,0.00326929
45,24,0.00352176
45,25,0.00360951
45,26,0.00352176
45,27,0.00326929
45,28,0.00288265
45,29,0.00240702
45,30,0.00189454
45,31,0.00139632
45,32,0.000954299
45,33,0.000596616
45,34,0.000334549
45,35,0.00016374
45,36,6.78774e-05
45,37,2.32227e-05
45,38,6.43443e-06
45,39,1.42479e-06
45,40,2.49433e-07
45,41,3.41328e-08
45,42,3.5964e-09
45,43,2.8536e-10
45,44,1.64652e-11
45,45,6.51303e-13
45,46,1.57811e-14
45,47,1.76507e-16
45,48,0
45,49,0
46,0,0
46,1,0
46,2,0
46,3,0
46,4,1.84912e-16
46,5,1.57811e-14
46,6,6.20305e-13
46,7,1.48999e-11
46,8,2.44755e-10
46,9,2.9164e-09
46,10,2.61064e-08
46,11,1.79564e-07
46,12,9.6403e-07
46,13,4.09128e-06
46,14,1.39021e-05
46,15,3.84356e-05
46,16,8.83607e-05
46,17,0.000173561
46,18,0.0002996
46,19,0.000465233
46,20,0.000660885
46,21,0.000869287
46,22,0.00106783
46,23,0.00123219
46,24,0.0013408
46,25,0.00137875
46,26,0.0013408
46,27,0.00123219
46,28,0.00106783
46,29,0.000869287
46,30,0.000660885
46,31,0.000465233
46,32,0.0002996
46,33,0.000173561
46,34,8.83607e-05
46,35,3.84356e-05
46,36,1.39021e-05
46,37,4.09128e-06
46,38,9.6403e-07
46,39,1.79564e-07
46,40,2.61064e-08
46,41,2.9164e-09
46,42,2.44755e-10
46,43,1.48999e-11
46,44,6.20305e-13
46,45,1.57811e-14
46,46,1.84912e-16
46,47,0
46,48,0
46,49,0
47,0,0
47,1,0
47,2,0
47,3,0
47,4,0
47,5,1.76507e-16
47,6,1.43465e-14
47,7,5.35762e-13
47,8,1.21955e-11
47,9,1.89341e-10
47,10,2.12665e-09
47,11,1.78992e-08
47,12,1.15508e-07
47,13,5.81061e-07
47,14,2.31095e-06
47,15,7.37639e-06
47,16,1.92558e-05
47,17,4.21094e-05
47,18,7.92804e-05
47,19,0.000131841
47,20,0.000197563
47,21,0.000270661
47,22,0.00034258
47,23,0.000403498
47,24,0.000444344
47,25,0.000458726
47,26,0.000444344
47,27,0.000403498
47,28,0.00034258
47,29,0.000270661
47,30,0.000197563
47,31,0.000131841
47,32,7.92804e-05
47,33,4.21094e-05
47,34,1.92558e-05
47,35,7.37639e-06
47,36,2.31095e-06
47,37,5.81061e-07
47,38,1.15508e-07
47,39,1.78992e-08
47,40,2.12665e-09
47,41,1.89341e-10
47,42,1.21955e-11
47,43,5.35762e-13
47,44,1.43465e-14
47,45,1.76507e-16
47,46,0
47,47,0
47,48,0
47,49,0
48,0,0
48,1,0
48,2,0
48,3,0
48,4,0
48,5,0
48,6,1.53485e-16
48,7,1.18514e-14
48,8,4.19315e-13
48,9,9.01704e-12
48,10,1.31861e-10
48,11,1.39088e-09
48,12,1.09635e-08
48,13,6.61126e-08
48,14,3.10413e-07
48,15,1.15297e-06
48,16,3.44781e-06
48,17,8.48173e-06
48,18,1.7611e-05
48,19,3.16891e-05
48,20,5.05414e-05
48,21,7.26621e-05
48,22,9.5323e-05
48,23,0.000115087
48,24,0.00012859
48,25,0.00013339
48,26,0.00012859
48,27,0.000115087
48,28,9.5323e-05
48,29,7.26621e-05
48,30,5.05414e-05
48,31,3.16891e-05
48,32,1.7611e-05
48,33,8.48173e-06
48,34,3.44781e-06
48,35,1.15297e-06
48,36,3.10413e-07
48,37,6.61126e-08
48,38,1.09635e-08
48,39,1.39088e-09
48,40,1.31861e-10
48,41,9.01704e-12
48,42,4.19315e-13
48,43,1.18514e-14
48,44,1.53485e-16
48,45,0
48,46,0
48,47,0
48,48,0
48,49,0
49,0,0
49,1,0
49,2,0
49,3,0
49,4,0
49,5,0
49,6,0
49,7,6.94335e-17
49,8,5.29451e-15
49,9,1.84927e-13
49,10,3.92486e-12
49,11,5.66425e-11
49,12,5.89722e-10
49,13,4.59033e-09
49,14,2.73592e-08
49,15,1.27137e-07
49,16,4.68166e-07
49,17,1.39013e-06
49,18,3.39733e-06
49,19,6.99461e-06
49,20,1.24184e-05
49,21,1.93948e-05
49,22,2.70514e-05
49,23,3.40648e-05
49,24,3.90106e-05
49,25,4.07956e-05
49,26,3.90106e-05
49,27,3.40648e-05
49,28,2.70514e-05
49,29,1.93948e-05
49,30,1.24184e-05
49,31,6.99461e-06
49,32,3.39733e-06
49,33,1.39013e-06
49,34,4.68166e-07
49,35,1.27137e-07
49,36,2.73592e-08
49,37,4.59033e-09
49,38,5.89722e-10
49,39,5.66425e-11
49,40,3.92486e-12
49,41,1.84927e-13
49,42,5.29451e-15
49,43,6.94335e-17
49,44,0
49,45,0
49,46,0
49,47,0
49,48,0
49,49,0
