0,0,0
0,1,0
0,2,0
0,3,0
0,4,0
0,5,0
0,6,0
0,7,0
0,8,0
0,9,0
0,10,0
0,11,0
0,12,0
0,13,0
0,14,0
0,15,0
0,16,0
0,17,0
0,18,0
0,19,0
0,20,0
0,21,0
0,22,0
0,23,0
0,24,0
0,25,0
0,26,0
0,27,0
0,28,0
0,29,0
0,30,0
0,31,0
0,32,0
0,33,0
0,34,0
0,35,0
0,36,0
0,37,0
0,38,0
0,39,0
0,40,0
0,41,0
0,42,0
0,43,0
0,44,0
0,45,0
0,46,0
0,47,0
0,48,0
0,49,0
1,0,0
1,1,0
1,2,0
1,3,0
1,4,0
1,5,3.78116e-17
1,6,3.07111e-15
1,7,1.1476e-13
1,8,2.61803e-12
1,9,4.08144e-11
1,10,4.61388e-10
1,11,3.91936e-09
1,12,2.5612e-08
1,13,1.30966e-07
1,14,5.31663e-07
1,15,1.73921e-06
1,16,4.66727e-06
1,17,1.05033e-05
1,18,2.03187e-05
1,19,3.4599e-05
1,20,5.2871e-05
1,21,7.35628e-05
1,22,9.41954e-05
1,23,0.000111839
1,24,0.000123741
1,25,0.000127944
1,26,0.000123741
1,27,0.000111839
1,28,9.41954e-05
1,29,7.35628e-05
1,30,5.2871e-05
1,31,3.4599e-05
1,32,2.03187e-05
1,33,1.05033e-05
1,34,4.66727e-06
1,35,1.73921e-06
1,36,5.31663e-07
1,37,1.30966e-07
1,38,2.56119e-08
1,39,3.91936e-09
1,40,4.61388e-10
1,41,4.08144e-11
1,42,2.61803e-12
1,43,1.1476e-13
1,44,3.07111e-15
1,45,3.78116e-17
1,46,0
1,47,0
1,48,0
1,49,0
2,0,0
2,1,0
2,2,0
2,3,0
2,4,4.32132e-17
2,5,3.68533e-15
2,6,1.4497e-13
2,7,3.4911e-12
2,8,5.76172e-11
2,9,6.91582e-10
2,10,6.256e-09
2,11,4.36499e-08
2,12,2.38803e-07
2,13,1.03811e-06
2,14,3.63309e-06
2,15,1.03964e-05
2,16,2.48128e-05
2,17,5.05924e-05
2,18,9.03574e-05
2,19,0.000144454
2,20,0.000210164
2,21,0.000281694
2,22,0.000350959
2,23,0.00040897
2,24,0.000447589
2,25,0.000461137
2,26,0.000447589
2,27,0.00040897
2,28,0.000350959
2,29,0.000281694
2,30,0.000210164
2,31,0.000144454
2,32,9.03574e-05
2,33,5.05924e-05
2,34,2.48128e-05
2,35,1.03964e-05
2,36,3.63309e-06
2,37,1.03811e-06
2,38,2.38803e-07
2,39,4.36499e-08
2,40,6.256e-09
2,41,6.91582e-10
2,42,5.76172e-11
2,43,3.4911e-12
2,44,1.4497e-13
2,45,3.68534e-15
2,46,4.32132e-17
2,47,0
2,48,0
2,49,0
3,0,0
3,1,0
3,2,0
3,3,4.51775e-17
3,4,4.03632e-15
3,5,1.66703e-13
3,6,4.22468e-12
3,7,7.35516e-11
3,8,9.33567e-10
3,9,8.95109e-09
3,10,6.63328e-08
3,11,3.85989e-07
3,12,1.78532e-06
3,13,6.63876e-06
3,14,2.01107e-05
3,15,5.0505e-05
3,16,0.000107575
3,17,0.00019947
3,18,0.000329963
3,19,0.000496348
3,20,0.000688503
3,21,0.000889783
3,22,0.00107914
3,23,0.00123453
3,24,0.00133661
3,25,0.0013722
3,26,0.00133661
3,27,0.00123453
3,28,0.00107914
3,29,0.000889783
3,30,0.000688503
3,31,0.000496348
3,32,0.000329963
3,33,0.00019947
3,34,0.000107575
3,35,5.0505e-05
3,36,2.01107e-05
3,37,6.63876e-06
3,38,1.78532e-06
3,39,3.85989e-07
3,40,6.63328e-08
3,41,8.95109e-09
3,42,9.33567e-10
3,43,7.35516e-11
3,44,4.22468e-12
3,45,1.66703e-13
3,46,4.03632e-15
3,47,4.51775e-17
3,48,0
3,49,0
4,0,0
4,1,0
4,2,4.32132e-17
4,3,4.03632e-15
4,4,1.74638e-13
4,5,4.64639e-12
4,6,8.51169e-11
4,7,1.13935e-09
4,8,1.15462e-08
4,9,9.06155e-08
4,10,5.59245e-07
4,11,2.74492e-06
4,12,1.08204e-05
4,13,3.46347e-05
4,14,9.13664e-05
4,15,0.000202823
4,16,0.00038897
4,17,0.000662223
4,18,0.00102357
4,19,0.00145947
4,20,0.00194197
4,21,0.00243133
4,22,0.00288069
4,23,0.00324322
4,24,0.00347872
4,25,0.00356042
4,26,0.00347872
4,27,0.00324322
4,28,0.00288069
4,29,0.00243133
4,30,0.00194197
4,31,0.00145947
4,32,0.00102357
4,33,0.000662223
4,34,0.00038897
4,35,0.000202823
4,36,9.13664e-05
4,37,3.46347e-05
4,38,1.08204e-05
4,39,2.74492e-06
4,40,5.59246e-07
4,41,9.06155e-08
4,42,1.15462e-08
4,43,1.13935e-09
4,44,8.51169e-11
4,45,4.64639e-12
4,46,1.74637e-13
4,47,4.03632e-15
4,48,4.32132e-17
4,49,0
5,0,0
5,1,3.78116e-17
5,2,3.68533e-15
5,3,1.66703e-13
5,4,4.64639e-12
5,5,8.93561e-11
5,6,1.25838e-09
5,7,1.34448e-08
5,8,1.11463e-07
5,9,7.27806e-07
5,10,3.78235e-06
5,11,1.57778e-05
5,12,5.32996e-05
5,13,0.000147594
5,14,0.000341197
5,15,0.000675472
5,16,0.00117951
5,17,0.0018653
5,18,0.00272173
5,19,0.0037108
5,20,0.0047704
5,21,0.00581825
5,22,0.00676261
5,23,0.00751419
5,24,0.00799814
5,25,0.00816531
5,26,0.00799814
5,27,0.00751419
5,28,0.00676261
5,29,0.00581824
5,30,0.0047704
5,31,0.0037108
5,32,0.00272173
5,33,0.0018653
5,34,0.00117951
5,35,0.000675472
5,36,0.000341197
5,37,0.000147594
5,38,5.32996e-05
5,39,1.57778e-05
5,40,3.78236e-06
5,41,7.27806e-07
5,42,1.11463e-07
5,43,1.34448e-08
5,44,1.25838e-09
5,45,8.93561e-11
5,46,4.64639e-12
5,47,1.66703e-13
5,48,3.68533e-15
5,49,2.06245e-17
6,0,0
6,1,3.07111e-15
6,2,1.4497e-13
6,3,4.22468e-12
6,4,8.51169e-11
6,5,1.25838e-09
6,6,1.41435e-08
6,7,1.23589e-07
6,8,8.51972e-07
6,9,4.67923e-06
6,10,2.06258e-05
6,11,7.34839e-05
6,12,0.000213615
6,13,0.000514463
6,14,0.00105114
6,15,0.00187945
6,16,0.00303303
6,17,0.00451776
6,18,0.00629643
6,19,0.00828839
6,20,0.0103718
6,21,0.0123924
6,22,0.014187
6,23,0.0155985
6,24,0.0165012
6,25,0.0168114
6,26,0.0165012
6,27,0.0155985
6,28,0.014187
6,29,0.0123924
6,30,0.0103718
6,31,0.00828839
6,32,0.00629643
6,33,0.00451776
6,34,0.00303303
6,35,0.00187945
6,36,0.00105114
6,37,0.000514463
6,38,0.000213615
6,39,7.34839e-05
6,40,2.06258e-05
6,41,4.67923e-06
6,42,8.51972e-07
6,43,1.23589e-07
6,44,1.41435e-08
6,45,1.25838e-09
6,46,8.51169e-11
6,47,4.22468e-12
6,48,1.44957e-13
6,49,1.74289e-15
7,0,0
7,1,1.1476e-13
7,2,3.4911e-12
7,3,7.35516e-11
7,4,1.13935e-09
7,5,1.34448e-08
7,6,1.23589e-07
7,7,8.97819e-07
7,8,5.20306e-06
7,9,2.42093e-05
7,10,9.09349e-05
7,11,0.000277692
7,12,0.000697808
7,13,0.00147368
7,14,0.00269891
7,15,0.00444106
7,16,0.00674927
7,17,0.00961586
7,18,0.0129563
7,19,0.016616
7,20,0.0203657
7,21,0.0239406
7,22,0.027068
7,23,0.0294991
7,24,0.0310416
7,25,0.0315689
7,26,0.0310416
7,27,0.0294991
7,28,0.027068
7,29,0.0239406
7,30,0.0203657
7,31,0.016616
7,32,0.0129563
7,33,0.00961586
7,34,0.00674927
7,35,0.00444106
7,36,0.00269891
7,37,0.00147368
7,38,0.000697808
7,39,0.000277692
7,40,9.09349e-05
7,41,2.42093e-05
7,42,5.20306e-06
7,43,8.97819e-07
7,44,1.23589e-07
7,45,1.34448e-08
7,46,1.13935e-09
7,47,7.35516e-11
7,48,3.49014e-12
7,49,6.79279e-14
8,0,0
8,1,2.61803e-12
8,2,5.76172e-11
8,3,9.33567e-10
8,4,1.15462e-08
8,5,1.11463e-07
8,6,8.51972e-07
8,7,5.20306e-06
8,8,2.55347e-05
8,9,0.000101128
8,10,0.000324805
8,11,0.000853749
8,12,0.0018696
8,13,0.00351611
8,14,0.00590685
8,15,0.00917011
8,16,0.0133826
8,17,0.0184836
8,18,0.0242969
8,19,0.0305167
8,20,0.0367402
8,21,0.0425528
8,22,0.0475379
8,23,0.0513609
8,24,0.0537572
8,25,0.0545753
8,26,0.0537572
8,27,0.0513609
8,28,0.0475379
8,29,0.0425528
8,30,0.0367402
8,31,0.0305167
8,32,0.0242969
8,33,0.0184836
8,34,0.0133826
8,35,0.00917011
8,36,0.00590685
8,37,0.00351611
8,38,0.0018696
8,39,0.000853749
8,40,0.000324805
8,41,0.000101128
8,42,2.55347e-05
8,43,5.20306e-06
8,44,8.51972e-07
8,45,1.11463e-07
8,46,1.15462e-08
8,47,9.33566e-10
8,48,5.75855e-11
8,49,1.62076e-12
9,0,0
9,1,4.08144e-11
9,2,6.91582e-10
9,3,8.95109e-09
9,4,9.06155e-08
9,5,7.27806e-07
9,6,4.67923e-06
9,7,2.42093e-05
9,8,0.000101128
9,9,0.000342184
9,10,0.000943906
9,11,0.00215352
9,12,0.00417936
9,13,0.00719311
9,14,0.0114369
9,15,0.0171499
9,16,0.0243414
9,17,0.0328085
9,18,0.0421796
9,19,0.0518722
9,20,0.0612884
9,21,0.0698309
9,22,0.076981
9,23,0.0823631
9,24,0.0856855
9,25,0.086818
9,26,0.0856855
9,27,0.0823631
9,28,0.076981
9,29,0.0698309
9,30,0.0612884
9,31,0.0518722
9,32,0.0421796
9,33,0.0328085
9,34,0.0243414
9,35,0.0171499
9,36,0.0114369
9,37,0.00719311
9,38,0.00417936
9,39,0.00215352
9,40,0.000943906
9,41,0.000342184
9,42,0.000101128
9,43,2.42093e-05
9,44,4.67923e-06
9,45,7.27806e-07
9,46,9.06155e-08
9,47,8.95107e-09
9,48,6.90949e-10
9,49,2.65084e-11
10,0,0
10,1,4.61388e-10
10,2,6.256e-09
10,3,6.63328e-08
10,4,5.59245e-07
10,5,3.78236e-06
10,6,2.06258e-05
10,7,9.09349e-05
10,8,0.000324805
10,9,0.000943906
10,10,0.0022569
10,11,0.00455141
10,12,0.00807218
10,13,0.0131928
10,14,0.0203895
10,15,0.0298172
10,16,0.0412202
10,17,0.05416
10,18,0.0678709
10,19,0.0814734
10,20,0.094208
10,21,0.105323
10,22,0.114377
10,23,0.120997
10,24,0.125035
10,25,0.126383
10,26,0.125035
10,27,0.120997
10,28,0.114377
10,29,0.105323
10,30,0.094208
10,31,0.0814734
10,32,0.0678709
10,33,0.05416
10,34,0.0412202
10,35,0.0298172
10,36,0.0203895
10,37,0.0131928
10,38,0.00807218
10,39,0.00455141
10,40,0.0022569
10,41,0.000943906
10,42,0.000324805
10,43,9.09349e-05
10,44,2.06258e-05
10,45,3.78236e-06
10,46,5.59246e-07
10,47,6.63324e-08
10,48,6.24753e-09
10,49,3.15466e-10
11,0,0
11,1,3.91936e-09
11,2,4.36499e-08
11,3,3.85989e-07
11,4,2.74492e-06
11,5,1.57778e-05
11,6,7.34839e-05
11,7,0.000277692
11,8,0.000853749
11,9,0.00215352
11,10,0.00455141
11,11,0.00838418
11,12,0.0141502
11,13,0.0225897
11,14,0.0341065
11,15,0.048396
11,16,0.0649127
11,17,0.0827786
11,18,0.100708
11,19,0.117715
11,20,0.132838
11,21,0.145463
11,22,0.155347
11,23,0.1623
11,24,0.166479
11,25,0.167818
11,26,0.166479
11,27,0.1623
11,28,0.155347
11,29,0.145463
11,30,0.132838
11,31,0.117715
11,32,0.100708
11,33,0.0827786
11,34,0.0649127
11,35,0.048396
11,36,0.0341065
11,37,0.0225897
11,38,0.0141502
11,39,0.00838418
11,40,0.00455141
11,41,0.00215352
11,42,0.000853749
11,43,0.000277692
11,44,7.34839e-05
11,45,1.57778e-05
11,46,2.74492e-06
11,47,3.85985e-07
11,48,4.35698e-08
11,49,2.83168e-09
12,0,0
12,1,2.5612e-08
12,2,2.38803e-07
12,3,1.78532e-06
12,4,1.08204e-05
12,5,5.32996e-05
12,6,0.000213615
12,7,0.000697808
12,8,0.0018696
12,9,0.00417936
12,10,0.00807218
12,11,0.0141502
12,12,0.0233705
12,13,0.0364752
12,14,0.0532338
12,15,0.0729459
12,16,0.0947042
12,17,0.116802
12,18,0.137744
12,19,0.156443
12,20,0.171903
12,21,0.184103
12,22,0.192949
12,23,0.19892
12,24,0.202289
12,25,0.203391
12,26,0.202289
12,27,0.19892
12,28,0.192949
12,29,0.184103
12,30,0.171903
12,31,0.156443
12,32,0.137744
12,33,0.116802
12,34,0.0947042
12,35,0.0729459
12,36,0.0532338
12,37,0.0364752
12,38,0.0233705
12,39,0.0141502
12,40,0.00807218
12,41,0.00417936
12,42,0.0018696
12,43,0.000697808
12,44,0.000213615
12,45,5.32996e-05
12,46,1.08204e-05
12,47,1.78528e-06
12,48,2.38254e-07
12,49,1.9631e-08
13,0,0
13,1,1.30966e-07
13,2,1.03811e-06
13,3,6.63876e-06
13,4,3.46347e-05
13,5,0.000147594
13,6,0.000514463
13,7,0.00147368
13,8,0.00351611
13,9,0.00719311
13,10,0.0131928
13,11,0.0225897
13,12,0.0364752
13,13,0.0549417
13,14,0.0772083
13,15,0.102307
13,16,0.128261
13,17,0.152718
13,18,0.174327
13,19,0.191727
13,20,0.204753
13,21,0.213863
13,22,0.219553
13,23,0.223011
13,24,0.224597
13,25,0.225203
13,26,0.224597
13,27,0.223011
13,28,0.219553
13,29,0.213863
13,30,0.204753
13,31,0.191727
13,32,0.174327
13,33,0.152718
13,34,0.128261
13,35,0.102307
13,36,0.0772083
13,37,0.0549417
13,38,0.0364752
13,39,0.0225897
13,40,0.0131928
13,41,0.00719311
13,42,0.00351611
13,43,0.00147368
13,44,0.000514463
13,45,0.000147594
13,46,3.46347e-05
13,47,6.63851e-06
13,48,1.03536e-06
13,49,1.06918e-07
14,0,0
14,1,5.31663e-07
14,2,3.63309e-06
14,3,2.01107e-05
14,4,9.13664e-05
14,5,0.000341197
14,6,0.00105114
14,7,0.00269891
14,8,0.00590684
14,9,0.0114369
14,10,0.0203895
14,11,0.0341065
14,12,0.0532338
14,13,0.0772083
14,14,0.104906
14,15,0.134209
14,16,0.161918
14,17,0.185902
14,18,0.204616
14,19,0.217295
14,20,0.22503
14,21,0.228503
14,22,0.229543
14,23,0.229183
14,24,0.228583
14,25,0.228309
14,26,0.228583
14,27,0.229183
14,28,0.229543
14,29,0.228503
14,30,0.22503
14,31,0.217295
14,32,0.204616
14,33,0.185902
14,34,0.161918
14,35,0.134209
14,36,0.104906
14,37,0.0772083
14,38,0.0532338
14,39,0.0341065
14,40,0.0203895
14,41,0.0114369
14,42,0.00590684
14,43,0.00269891
14,44,0.00105114
14,45,0.000341197
14,46,9.13663e-05
14,47,2.01096e-05
14,48,3.62322e-06
14,49,4.63911e-07
15,0,0
15,1,1.73921e-06
15,2,1.03964e-05
15,3,5.0505e-05
15,4,0.000202823
15,5,0.000675472
15,6,0.00187945
15,7,0.00444106
15,8,0.00917011
15,9,0.0171499
15,10,0.0298172
15,11,0.048396
15,12,0.0729459
15,13,0.102307
15,14,0.134209
15,15,0.165021
15,16,0.191441
15,17,0.211428
15,18,0.22366
15,19,0.229152
15,20,0.229411
15,21,0.226275
15,22,0.222044
15,23,0.217732
15,24,0.21498
15,25,0.213797
15,26,0.21498
15,27,0.217732
15,28,0.222044
15,29,0.226275
15,30,0.229411
15,31,0.229152
15,32,0.22366
15,33,0.211428
15,34,0.191441
15,35,0.165021
15,36,0.134209
15,37,0.102307
15,38,0.0729459
15,39,0.048396
15,40,0.0298172
15,41,0.0171499
15,42,0.00917011
15,43,0.00444106
15,44,0.00187945
15,45,0.000675472
15,46,0.000202822
15,47,5.05015e-05
15,48,1.03726e-05
15,49,1.62563e-06
16,0,0
16,1,4.66727e-06
16,2,2.48128e-05
16,3,0.000107575
16,4,0.00038897
16,5,0.00117951
16,6,0.00303303
16,7,0.00674927
16,8,0.0133826
16,9,0.0243414
16,10,0.0412202
16,11,0.0649127
16,12,0.0947042
16,13,0.128261
16,14,0.161918
16,15,0.191441
16,16,0.213481
16,17,0.226176
16,18,0.229937
16,19,0.226881
16,20,0.219275
16,21,0.210087
16,22,0.201069
16,23,0.193862
16,24,0.189226
16,25,0.187633
16,26,0.189226
16,27,0.193862
16,28,0.201069
16,29,0.210086
16,30,0.219275
16,31,0.226881
16,32,0.229937
16,33,0.226176
16,34,0.213481
16,35,0.191441
16,36,0.161918
16,37,0.128261
16,38,0.0947042
16,39,0.0649127
16,40,0.0412202
16,41,0.0243414
16,42,0.0133827
16,43,0.00674927
16,44,0.00303303
16,45,0.00117951
16,46,0.000388969
16,47,0.000107568
16,48,2.47852e-05
16,49,4.67272e-06
17,0,0
17,1,1.05033e-05
17,2,5.05924e-05
17,3,0.00019947
17,4,0.000662223
17,5,0.0018653
17,6,0.00451776
17,7,0.00961586
17,8,0.0184836
17,9,0.0328085
17,10,0.05416
17,11,0.0827786
17,12,0.116802
17,13,0.152718
17,14,0.185902
17,15,0.211428
17,16,0.226176
17,17,0.22994
17,18,0.224566
17,19,0.21316
17,20,0.199182
17,21,0.185311
17,22,0.173371
17,23,0.164437
17,24,0.158923
17,25,0.1571
17,26,0.158923
17,27,0.164437
17,28,0.173371
17,29,0.185311
17,30,0.199182
17,31,0.21316
17,32,0.224566
17,33,0.22994
17,34,0.226176
17,35,0.211428
17,36,0.185902
17,37,0.152718
17,38,0.116802
17,39,0.0827786
17,40,0.05416
17,41,0.0328085
17,42,0.0184836
17,43,0.00961587
17,44,0.00451776
17,45,0.0018653
17,46,0.000662222
17,47,0.000199467
17,48,5.06405e-05
17,49,1.12268e-05
18,0,0
18,1,2.03187e-05
18,2,9.03574e-05
18,3,0.000329963
18,4,0.00102357
18,5,0.00272173
18,6,0.00629643
18,7,0.0129563
18,8,0.0242969
18,9,0.0421796
18,10,0.0678709
18,11,0.100708
18,12,0.137744
18,13,0.174327
18,14,0.204616
18,15,0.22366
18,16,0.229937
18,17,0.224566
18,18,0.210759
18,19,0.193035
18,20,0.174717
18,21,0.158464
18,22,0.145405
18,23,0.136069
18,24,0.130527
18,25,0.128666
18,26,0.130527
18,27,0.136069
18,28,0.145405
18,29,0.158464
18,30,0.174717
18,31,0.193035
18,32,0.210759
18,33,0.224566
18,34,0.229937
18,35,0.22366
18,36,0.204616
18,37,0.174327
18,38,0.137744
18,39,0.100708
18,40,0.0678709
18,41,0.0421796
18,42,0.0242969
18,43,0.0129563
18,44,0.00629643
18,45,0.00272173
18,46,0.00102357
18,47,0.000329995
18,48,9.0705e-05
18,49,2.30393e-05
19,0,0
19,1,3.4599e-05
19,2,0.000144454
19,3,0.000496348
19,4,0.00145947
19,5,0.0037108
19,6,0.00828839
19,7,0.016616
19,8,0.0305167
19,9,0.0518722
19,10,0.0814734
19,11,0.117715
19,12,0.156443
19,13,0.191727
19,14,0.217295
19,15,0.229152
19,16,0.226881
19,17,0.21316
19,18,0.193035
19,19,0.171111
19,20,0.150784
19,21,0.134016
19,22,0.121115
19,23,0.112362
19,24,0.107097
19,25,0.105494
19,26,0.107097
19,27,0.112362
19,28,0.121115
19,29,0.134016
19,30,0.150784
19,31,0.171111
19,32,0.193035
19,33,0.21316
19,34,0.226881
19,35,0.229152
19,36,0.217295
19,37,0.191727
19,38,0.156443
19,39,0.117715
19,40,0.0814734
19,41,0.0518722
19,42,0.0305167
19,43,0.016616
19,44,0.00828839
19,45,0.0037108
19,46,0.00145948
19,47,0.000496483
19,48,0.000145509
19,49,4.12755e-05
20,0,0
20,1,5.2871e-05
20,2,0.000210164
20,3,0.000688503
20,4,0.00194197
20,5,0.0047704
20,6,0.0103718
20,7,0.0203657
20,8,0.0367402
20,9,0.0612884
20,10,0.094208
20,11,0.132838
20,12,0.171903
20,13,0.204753
20,14,0.22503
20,15,0.229411
20,16,0.219275
20,17,0.199182
20,18,0.174717
20,19,0.150784
20,20,0.130203
20,21,0.113962
20,22,0.102098
20,23,0.0940141
20,24,0.0893177
20,25,0.087756
20,26,0.0893177
20,27,0.0940141
20,28,0.102098
20,29,0.113962
20,30,0.130203
20,31,0.150784
20,32,0.174717
20,33,0.199182
20,34,0.219275
20,35,0.229411
20,36,0.22503
20,37,0.204753
20,38,0.171903
20,39,0.132838
20,40,0.094208
20,41,0.0612884
20,42,0.0367402
20,43,0.0203657
20,44,0.0103718
20,45,0.0047704
20,46,0.00194201
20,47,0.00068885
20,48,0.000212468
20,49,6.57886e-05
21,0,0
21,1,7.35628e-05
21,2,0.000281694
21,3,0.000889783
21,4,0.00243133
21,5,0.00581825
21,6,0.0123924
21,7,0.0239406
21,8,0.0425528
21,9,0.0698309
21,10,0.105323
21,11,0.145463
21,12,0.184103
21,13,0.213863
21,14,0.228504
21,15,0.226275
21,16,0.210086
21,17,0.185311
21,18,0.158464
21,19,0.134016
21,20,0.113962
21,21,0.0988848
21,22,0.0878691
21,23,0.0804117
21,24,0.0758062
21,25,0.0742954
21,26,0.0758062
21,27,0.0804117
21,28,0.0878689
21,29,0.0988848
21,30,0.113962
21,31,0.134016
21,32,0.158464
21,33,0.185311
21,34,0.210086
21,35,0.226275
21,36,0.228503
21,37,0.213863
21,38,0.184103
21,39,0.145463
21,40,0.105323
21,41,0.0698309
21,42,0.0425528
21,43,0.0239406
21,44,0.0123924
21,45,0.00581826
21,46,0.00243142
21,47,0.000890458
21,48,0.000285773
21,49,9.46817e-05
22,0,0
22,1,9.41954e-05
22,2,0.000350959
22,3,0.00107914
22,4,0.00288069
22,5,0.00676261
22,6,0.014187
22,7,0.027068
22,8,0.0475379
22,9,0.076981
22,10,0.114377
22,11,0.155347
22,12,0.192949
22,13,0.219553
22,14,0.229543
22,15,0.222044
22,16,0.201069
22,17,0.173371
22,18,0.145405
22,19,0.121115
22,20,0.102098
22,21,0.087869
22,22,0.077467
22,23,0.0698885
22,24,0.0648522
22,25,0.0628628
22,26,0.0648521
22,27,0.0698885
22,28,0.077467
22,29,0.087869
22,30,0.102098
22,31,0.121115
22,32,0.145405
22,33,0.173371
22,34,0.201069
22,35,0.222044
22,36,0.229543
22,37,0.219553
22,38,0.192949
22,39,0.155347
22,40,0.114377
22,41,0.076981
22,42,0.0475379
22,43,0.027068
22,44,0.014187
22,45,0.00676264
22,46,0.00288086
22,47,0.00108023
22,48,0.000357117
22,49,0.000124404
23,0,0
23,1,0.000111839
23,2,0.00040897
23,3,0.00123453
23,4,0.00324322
23,5,0.00751419
23,6,0.0155985
23,7,0.0294991
23,8,0.0513609
23,9,0.0823631
23,10,0.120997
23,11,0.1623
23,12,0.19892
23,13,0.223011
23,14,0.229183
23,15,0.217732
23,16,0.193862
23,17,0.164437
23,18,0.136069
23,19,0.112362
23,20,0.0940141
23,21,0.0804117
23,22,0.0698886
23,23,0.0614895
23,24,0.0547288
23,25,0.0511326
23,26,0.0547288
23,27,0.0614895
23,28,0.0698885
23,29,0.0804117
23,30,0.0940142
23,31,0.112362
23,32,0.136069
23,33,0.164437
23,34,0.193862
23,35,0.217732
23,36,0.229183
23,37,0.223011
23,38,0.19892
23,39,0.1623
23,40,0.120997
23,41,0.0823631
23,42,0.0513609
23,43,0.0294991
23,44,0.0155985
23,45,0.00751422
23,46,0.00324346
23,47,0.00123602
23,48,0.000417114
23,49,0.00015041
24,0,0
24,1,0.000123741
24,2,0.000447589
24,3,0.00133661
24,4,0.00347873
24,5,0.00799814
24,6,0.0165012
24,7,0.0310416
24,8,0.0537572
24,9,0.0856855
24,10,0.125035
24,11,0.166479
24,12,0.202289
24,13,0.224597
24,14,0.228583
24,15,0.21498
24,16,0.189226
24,17,0.158923
24,18,0.130527
24,19,0.107097
24,20,0.0893177
24,21,0.0758062
24,22,0.0648521
24,23,0.0547287
24,24,0.0441382
24,25,0.034514
24,26,0.0441383
24,27,0.0547287
24,28,0.0648522
24,29,0.0758062
24,30,0.0893178
24,31,0.107097
24,32,0.130527
24,33,0.158923
24,34,0.189226
24,35,0.21498
24,36,0.228583
24,37,0.224597
24,38,0.202289
24,39,0.166479
24,40,0.125035
24,41,0.0856855
24,42,0.0537572
24,43,0.0310416
24,44,0.0165012
24,45,0.00799818
24,46,0.00347902
24,47,0.00133841
24,48,0.000457171
24,49,0.000168219
25,0,0
25,1,0.000127944
25,2,0.000461137
25,3,0.0013722
25,4,0.00356042
25,5,0.00816531
25,6,0.0168114
25,7,0.0315689
25,8,0.0545753
25,9,0.086818
25,10,0.126383
25,11,0.167818
25,12,0.203391
25,13,0.225203
25,14,0.228309
25,15,0.213797
25,16,0.187633
25,17,0.1571
25,18,0.128666
25,19,0.105494
25,20,0.0877561
25,21,0.0742953
25,22,0.0628628
25,23,0.0511324
25,24,0.0345142
25,25,0.000169857
25,26,0.0345143
25,27,0.0511325
25,28,0.0628627
25,29,0.0742953
25,30,0.087756
25,31,0.105494
25,32,0.128666
25,33,0.1571
25,34,0.187633
25,35,0.213797
25,36,0.228309
25,37,0.225203
25,38,0.203391
25,39,0.167818
25,40,0.126383
25,41,0.086818
25,42,0.0545753
25,43,0.0315689
25,44,0.0168114
25,45,0.00816535
25,46,0.00356073
25,47,0.00137411
25,48,0.000471243
25,49,0.000174555
26,0,0
26,1,0.000123741
26,2,0.000447589
26,3,0.00133661
26,4,0.00347873
26,5,0.00799814
26,6,0.0165012
26,7,0.0310416
26,8,0.0537572
26,9,0.0856855
26,10,0.125035
26,11,0.166479
26,12,0.202289
26,13,0.224597
26,14,0.228583
26,15,0.21498
26,16,0.189226
26,17,0.158923
26,18,0.130527
26,19,0.107097
26,20,0.0893177
26,21,0.0758062
26,22,0.0648521
26,23,0.0547287
26,24,0.0441382
26,25,0.034514
26,26,0.0441383
26,27,0.0547287
26,28,0.0648522
26,29,0.0758062
26,30,0.0893178
26,31,0.107097
26,32,0.130527
26,33,0.158923
26,34,0.189226
26,35,0.21498
26,36,0.228583
26,37,0.224597
26,38,0.202289
26,39,0.166479
26,40,0.125035
26,41,0.0856855
26,42,0.0537572
26,43,0.0310416
26,44,0.0165012
26,45,0.00799818
26,46,0.00347902
26,47,0.00133841
26,48,0.000457171
26,49,0.000168219
27,0,0
27,1,0.000111839
27,2,0.00040897
27,3,0.00123453
27,4,0.00324322
27,5,0.00751419
27,6,0.0155985
27,7,0.0294991
27,8,0.0513609
27,9,0.0823631
27,10,0.120997
27,11,0.1623
27,12,0.19892
27,13,0.223011
27,14,0.229183
27,15,0.217732
27,16,0.193862
27,17,0.164437
27,18,0.136069
27,19,0.112362
27,20,0.0940141
27,21,0.0804117
27,22,0.0698886
27,23,0.0614895
27,24,0.0547288
27,25,0.0511326
27,26,0.0547288
27,27,0.0614895
27,28,0.0698885
27,29,0.0804117
27,30,0.0940142
27,31,0.112362
27,32,0.136069
27,33,0.164437
27,34,0.193862
27,35,0.217732
27,36,0.229183
27,37,0.223011
27,38,0.19892
27,39,0.1623
27,40,0.120997
27,41,0.0823631
27,42,0.0513609
27,43,0.0294991
27,44,0.0155985
27,45,0.00751422
27,46,0.00324346
27,47,0.00123602
27,48,0.000417114
27,49,0.00015041
28,0,0
28,1,9.41954e-05
28,2,0.000350959
28,3,0.00107914
28,4,0.00288069
28,5,0.00676261
28,6,0.014187
28,7,0.027068
28,8,0.0475379
28,9,0.076981
28,10,0.114377
28,11,0.155347
28,12,0.192949
28,13,0.219553
28,14,0.229543
28,15,0.222044
28,16,0.201069
28,17,0.173371
28,18,0.145405
28,19,0.121115
28,20,0.102098
28,21,0.087869
28,22,0.077467
28,23,0.0698885
28,24,0.0648522
28,25,0.0628628
28,26,0.0648521
28,27,0.0698885
28,28,0.077467
28,29,0.087869
28,30,0.102098
28,31,0.121115
28,32,0.145405
28,33,0.173371
28,34,0.201069
28,35,0.222044
28,36,0.229543
28,37,0.219553
28,38,0.192949
28,39,0.155347
28,40,0.114377
28,41,0.076981
28,42,0.0475379
28,43,0.027068
28,44,0.014187
28,45,0.00676264
28,46,0.00288086
28,47,0.00108023
28,48,0.000357117
28,49,0.000124404
29,0,0
29,1,7.35628e-05
29,2,0.000281694
29,3,0.000889783
29,4,0.00243133
29,5,0.00581825
29,6,0.0123924
29,7,0.0239406
29,8,0.0425528
29,9,0.0698309
29,10,0.105323
29,11,0.145463
29,12,0.184103
29,13,0.213863
29,14,0.228504
29,15,0.226275
29,16,0.210086
29,17,0.185311
29,18,0.158464
29,19,0.134016
29,20,0.113962
29,21,0.0988848
29,22,0.0878691
29,23,0.0804117
29,24,0.0758062
29,25,0.0742954
29,26,0.0758062
29,27,0.0804117
29,28,0.0878689
29,29,0.0988848
29,30,0.113962
29,31,0.134016
29,32,0.158464
29,33,0.185311
29,34,0.210086
29,35,0.226275
29,36,0.228503
29,37,0.213863
29,38,0.184103
29,39,0.145463
29,40,0.105323
29,41,0.0698309
29,42,0.0425528
29,43,0.0239406
29,44,0.0123924
29,45,0.00581826
29,46,0.00243142
29,47,0.000890458
29,48,0.000285773
29,49,9.46817e-05
30,0,0
30,1,5.2871e-05
30,2,0.000210164
30,3,0.000688503
30,4,0.00194197
30,5,0.0047704
30,6,0.0103718
30,7,0.0203657
30,8,0.0367402
30,9,0.0612884
30,10,0.094208
30,11,0.132838
30,12,0.171903
30,13,0.204753
30,14,0.22503
30,15,0.229411
30,16,0.219275
30,17,0.199182
30,18,0.174717
30,19,0.150784
30,20,0.130203
30,21,0.113962
30,22,0.102098
30,23,0.0940141
30,24,0.0893177
30,25,0.087756
30,26,0.0893177
30,27,0.0940141
30,28,0.102098
30,29,0.113962
30,30,0.130203
30,31,0.150784
30,32,0.174717
30,33,0.199182
30,34,0.219275
30,35,0.229411
30,36,0.22503
30,37,0.204753
30,38,0.171903
30,39,0.132838
30,40,0.094208
30,41,0.0612884
30,42,0.0367402
30,43,0.0203657
30,44,0.0103718
30,45,0.0047704
30,46,0.00194201
30,47,0.00068885
30,48,0.000212468
30,49,6.57886e-05
31,0,0
31,1,3.4599e-05
31,2,0.000144454
31,3,0.000496348
31,4,0.00145947
31,5,0.0037108
31,6,0.00828839
31,7,0.016616
31,8,0.0305167
31,9,0.0518722
31,10,0.0814734
31,11,0.117715
31,12,0.156443
31,13,0.191727
31,14,0.217295
31,15,0.229152
31,16,0.226881
31,17,0.21316
31,18,0.193035
31,19,0.171111
31,20,0.150784
31,21,0.134016
31,22,0.121115
31,23,0.112362
31,24,0.107097
31,25,0.105494
31,26,0.107097
31,27,0.112362
31,28,0.121115
31,29,0.134016
31,30,0.150784
31,31,0.171111
31,32,0.193035
31,33,0.21316
31,34,0.226881
31,35,0.229152
31,36,0.217295
31,37,0.191727
31,38,0.156443
31,39,0.117715
31,40,0.0814734
31,41,0.0518722
31,42,0.0305167
31,43,0.016616
31,44,0.00828839
31,45,0.0037108
31,46,0.00145948
31,47,0.000496483
31,48,0.000145509
31,49,4.12755e-05
32,0,0
32,1,2.03187e-05
32,2,9.03574e-05
32,3,0.000329963
32,4,0.00102357
32,5,0.00272173
32,6,0.00629643
32,7,0.0129563
32,8,0.0242969
32,9,0.0421796
32,10,0.0678709
32,11,0.100708
32,12,0.137744
32,13,0.174327
32,14,0.204616
32,15,0.22366
32,16,0.229937
32,17,0.224566
32,18,0.210759
32,19,0.193035
32,20,0.174717
32,21,0.158464
32,22,0.145405
32,23,0.136069
32,24,0.130527
32,25,0.128666
32,26,0.130527
32,27,0.136069
32,28,0.145405
32,29,0.158464
32,30,0.174717
32,31,0.193035
32,32,0.210759
32,33,0.224566
32,34,0.229937
32,35,0.22366
32,36,0.204616
32,37,0.174327
32,38,0.137744
32,39,0.100708
32,40,0.0678709
32,41,0.0421796
32,42,0.0242969
32,43,0.0129563
32,44,0.00629643
32,45,0.00272173
32,46,0.00102357
32,47,0.000329995
32,48,9.0705e-05
32,49,2.30393e-05
33,0,0
33,1,1.05033e-05
33,2,5.05924e-05
33,3,0.00019947
33,4,0.000662223
33,5,0.0018653
33,6,0.00451776
33,7,0.00961586
33,8,0.0184836
33,9,0.0328085
33,10,0.05416
33,11,0.0827786
33,12,0.116802
33,13,0.152718
33,14,0.185902
33,15,0.211428
33,16,0.226176
33,17,0.22994
33,18,0.224566
33,19,0.21316
33,20,0.199182
33,21,0.185311
33,22,0.173371
33,23,0.164437
33,24,0.158923
33,25,0.1571
33,26,0.158923
33,27,0.164437
33,28,0.173371
33,29,0.185311
33,30,0.199182
33,31,0.21316
33,32,0.224566
33,33,0.22994
33,34,0.226176
33,35,0.211428
33,36,0.185902
33,37,0.152718
33,38,0.116802
33,39,0.0827786
33,40,0.05416
33,41,0.0328085
33,42,0.0184836
33,43,0.00961587
33,44,0.00451776
33,45,0.0018653
33,46,0.000662222
33,47,0.000199467
33,48,5.06405e-05
33,49,1.12268e-05
34,0,0
34,1,4.66727e-06
34,2,2.48128e-05
34,3,0.000107575
34,4,0.00038897
34,5,0.00117951
34,6,0.00303303
34,7,0.00674927
34,8,0.0133826
34,9,0.0243414
34,10,0.0412202
34,11,0.0649127
34,12,0.0947042
34,13,0.128261
34,14,0.161918
34,15,0.191441
34,16,0.213481
34,17,0.226176
34,18,0.229937
34,19,0.226881
34,20,0.219275
34,21,0.210087
34,22,0.201069
34,23,0.193862
34,24,0.189226
34,25,0.187633
34,26,0.189226
34,27,0.193862
34,28,0.201069
34,29,0.210086
34,30,0.219275
34,31,0.226881
34,32,0.229937
34,33,0.226176
34,34,0.213481
34,35,0.191441
34,36,0.161918
34,37,0.128261
34,38,0.0947042
34,39,0.0649127
34,40,0.0412202
34,41,0.0243414
34,42,0.0133827
34,43,0.00674927
34,44,0.00303303
34,45,0.00117951
34,46,0.000388969
34,47,0.000107568
34,48,2.47852e-05
34,49,4.67272e-06
35,0,0
35,1,1.73921e-06
35,2,1.03964e-05
35,3,5.0505e-05
35,4,0.000202823
35,5,0.000675472
35,6,0.00187945
35,7,0.00444106
35,8,0.00917011
35,9,0.0171499
35,10,0.0298172
35,11,0.048396
35,12,0.0729459
35,13,0.102307
35,14,0.134209
35,15,0.165021
35,16,0.191441
35,17,0.211428
35,18,0.22366
35,19,0.229152
35,20,0.229411
35,21,0.226275
35,22,0.222044
35,23,0.217732
35,24,0.21498
35,25,0.213797
35,26,0.21498
35,27,0.217732
35,28,0.222044
35,29,0.226275
35,30,0.229411
35,31,0.229152
35,32,0.22366
35,33,0.211428
35,34,0.191441
35,35,0.165021
35,36,0.134209
35,37,0.102307
35,38,0.0729459
35,39,0.048396
35,40,0.0298172
35,41,0.0171499
35,42,0.00917011
35,43,0.00444106
35,44,0.00187945
35,45,0.000675472
35,46,0.000202822
35,47,5.05015e-05
35,48,1.03726e-05
35,49,1.62563e-06
36,0,0
36,1,5.31663e-07
36,2,3.63309e-06
36,3,2.01107e-05
36,4,9.13664e-05
36,5,0.000341197
36,6,0.00105114
36,7,0.00269891
36,8,0.00590684
36,9,0.0114369
36,10,0.0203895
36,11,0.0341065
36,12,0.0532338
36,13,0.0772083
36,14,0.104906
36,15,0.134209
36,16,0.161918
36,17,0.185902
36,18,0.204616
36,19,0.217295
36,20,0.22503
36,21,0.228503
36,22,0.229543
36,23,0.229183
36,24,0.228583
36,25,0.228309
36,26,0.228583
36,27,0.229183
36,28,0.229543
36,29,0.228503
36,30,0.22503
36,31,0.217295
36,32,0.204616
36,33,0.185902
36,34,0.161918
36,35,0.134209
36,36,0.104906
36,37,0.0772083
36,38,0.0532338
36,39,0.0341065
36,40,0.0203895
36,41,0.0114369
36,42,0.00590684
36,43,0.00269891
36,44,0.00105114
36,45,0.000341197
36,46,9.13663e-05
36,47,2.01096e-05
36,48,3.62322e-06
36,49,4.63911e-07
37,0,0
37,1,1.30966e-07
37,2,1.03811e-06
37,3,6.63876e-06
37,4,3.46347e-05
37,5,0.000147594
37,6,0.000514463
37,7,0.00147368
37,8,0.00351611
37,9,0.00719311
37,10,0.0131928
37,11,0.0225897
37,12,0.0364752
37,13,0.0549417
37,14,0.0772083
37,15,0.102307
37,16,0.128261
37,17,0.152718
37,18,0.174327
37,19,0.191727
37,20,0.204753
37,21,0.213863
37,22,0.219553
37,23,0.223011
37,24,0.224597
37,25,0.225203
37,26,0.224597
37,27,0.223011
37,28,0.219553
37,29,0.213863
37,30,0.204753
37,31,0.191727
37,32,0.174327
37,33,0.152718
37,34,0.128261
37,35,0.102307
37,36,0.0772083
37,37,0.0549417
37,38,0.0364752
37,39,0.0225897
37,40,0.0131928
37,41,0.00719311
37,42,0.00351611
37,43,0.00147368
37,44,0.000514463
37,45,0.000147594
37,46,3.46347e-05
37,47,6.63851e-06
37,48,1.03536e-06
37,49,1.06918e-07
38,0,0
38,1,2.5612e-08
38,2,2.38803e-07
38,3,1.78532e-06
38,4,1.08204e-05
38,5,5.32996e-05
38,6,0.000213615
38,7,0.000697808
38,8,0.0018696
38,9,0.00417936
38,10,0.00807218
38,11,0.0141502
38,12,0.0233705
38,13,0.0364752
38,14,0.0532338
38,15,0.0729459
38,16,0.0947042
38,17,0.116802
38,18,0.137744
38,19,0.156443
38,20,0.171903
38,21,0.184103
38,22,0.192949
38,23,0.19892
38,24,0.202289
38,25,0.203391
38,26,0.202289
38,27,0.19892
38,28,0.192949
38,29,0.184103
38,30,0.171903
38,31,0.156443
38,32,0.137744
38,33,0.116802
38,34,0.0947042
38,35,0.0729459
38,36,0.0532338
38,37,0.0364752
38,38,0.0233705
38,39,0.0141502
38,40,0.00807218
38,41,0.00417936
38,42,0.0018696
38,43,0.000697808
38,44,0.000213615
38,45,5.32996e-05
38,46,1.08204e-05
38,47,1.78528e-06
38,48,2.38254e-07
38,49,1.9631e-08
39,0,0
39,1,3.91936e-09
39,2,4.36499e-08
39,3,3.85989e-07
39,4,2.74492e-06
39,5,1.57778e-05
39,6,7.34839e-05
39,7,0.000277692
39,8,0.000853749
39,9,0.00215352
39,10,0.00455141
39,11,0.00838418
39,12,0.0141502
39,13,0.0225897
39,14,0.0341065
39,15,0.048396
39,16,0.0649127
39,17,0.0827786
39,18,0.100708
39,19,0.117715
39,20,0.132838
39,21,0.145463
39,22,0.155347
39,23,0.1623
39,24,0.166479
39,25,0.167818
39,26,0.166479
39,27,0.1623
39,28,0.155347
39,29,0.145463
39,30,0.132838
39,31,0.117715
39,32,0.100708
39,33,0.0827786
39,34,0.0649127
39,35,0.048396
39,36,0.0341065
39,37,0.0225897
39,38,0.0141502
39,39,0.00838418
39,40,0.00455141
39,41,0.00215352
39,42,0.000853749
39,43,0.000277692
39,44,7.34839e-05
39,45,1.57778e-05
39,46,2.74492e-06
39,47,3.85985e-07
39,48,4.35698e-08
39,49,2.83168e-09
40,0,0
40,1,4.61388e-10
40,2,6.256e-09
40,3,6.63328e-08
40,4,5.59245e-07
40,5,3.78236e-06
40,6,2.06258e-05
40,7,9.09349e-05
40,8,0.000324805
40,9,0.000943906
40,10,0.0022569
40,11,0.00455141
40,12,0.00807218
40,13,0.0131928
40,14,0.0203895
40,15,0.0298172
40,16,0.0412202
40,17,0.05416
40,18,0.0678709
40,19,0.0814734
40,20,0.094208
40,21,0.105323
40,22,0.114377
40,23,0.120997
40,24,0.125035
40,25,0.126383
40,26,0.125035
40,27,0.120997
40,28,0.114377
40,29,0.105323
40,30,0.094208
40,31,0.0814734
40,32,0.0678709
40,33,0.05416
40,34,0.0412202
40,35,0.0298172
40,36,0.0203895
40,37,0.0131928
40,38,0.00807218
40,39,0.00455141
40,40,0.0022569
40,41,0.000943906
40,42,0.000324805
40,43,9.09349e-05
40,44,2.06258e-05
40,45,3.78236e-06
40,46,5.59246e-07
40,47,6.63324e-08
40,48,6.24753e-09
40,49,3.15466e-10
41,0,0
41,1,4.08144e-11
41,2,6.91582e-10
41,3,8.95109e-09
41,4,9.06155e-08
41,5,7.27806e-07
41,6,4.67923e-06
41,7,2.42093e-05
41,8,0.000101128
41,9,0.000342184
41,10,0.000943906
41,11,0.00215352
41,12,0.00417936
41,13,0.00719311
41,14,0.0114369
41,15,0.0171499
41,16,0.0243414
41,17,0.0328085
41,18,0.0421796
41,19,0.0518722
41,20,0.0612884
41,21,0.0698309
41,22,0.076981
41,23,0.0823631
41,24,0.0856855
41,25,0.086818
41,26,0.0856855
41,27,0.0823631
41,28,0.076981
41,29,0.0698309
41,30,0.0612884
41,31,0.0518722
41,32,0.0421796
41,33,0.0328085
41,34,0.0243414
41,35,0.0171499
41,36,0.0114369
41,37,0.00719311
41,38,0.00417936
41,39,0.00215352
41,40,0.000943906
41,41,0.000342184
41,42,0.000101128
41,43,2.42093e-05
41,44,4.67923e-06
41,45,7.27806e-07
41,46,9.06155e-08
41,47,8.95107e-09
41,48,6.90949e-10
41,49,2.65084e-11
42,0,0
42,1,2.61803e-12
42,2,5.76172e-11
42,3,9.33567e-10
42,4,1.15462e-08
42,5,1.11463e-07
42,6,8.51972e-07
42,7,5.20306e-06
42,8,2.55347e-05
42,9,0.000101128
42,10,0.000324805
42,11,0.000853749
42,12,0.0018696
42,13,0.00351611
42,14,0.00590685
42,15,0.00917011
42,16,0.0133826
42,17,0.0184836
42,18,0.0242969
42,19,0.0305167
42,20,0.0367402
42,21,0.0425528
42,22,0.0475379
42,23,0.0513609
42,24,0.0537572
42,25,0.0545753
42,26,0.0537572
42,27,0.0513609
42,28,0.0475379
42,29,0.0425528
42,30,0.0367402
42,31,0.0305167
42,32,0.0242969
42,33,0.0184836
42,34,0.0133826
42,35,0.00917011
42,36,0.00590685
42,37,0.00351611
42,38,0.0018696
42,39,0.000853749
42,40,0.000324805
42,41,0.000101128
42,42,2.55347e-05
42,43,5.20306e-06
42,44,8.51972e-07
42,45,1.11463e-07
42,46,1.15462e-08
42,47,9.33566e-10
42,48,5.75855e-11
42,49,1.62076e-12
43,0,0
43,1,1.1476e-13
43,2,3.4911e-12
43,3,7.35516e-11
43,4,1.13935e-09
43,5,1.34448e-08
43,6,1.23589e-07
43,7,8.97819e-07
43,8,5.20306e-06
43,9,2.42093e-05
43,10,9.09349e-05
43,11,0.000277692
43,12,0.000697808
43,13,0.00147368
43,14,0.00269891
43,15,0.00444106
43,16,0.00674927
43,17,0.00961586
43,18,0.0129563
43,19,0.016616
43,20,0.0203657
43,21,0.0239406
43,22,0.027068
43,23,0.0294991
43,24,0.0310416
43,25,0.0315689
43,26,0.0310416
43,27,0.0294991
43,28,0.027068
43,29,0.0239406
43,30,0.0203657
43,31,0.016616
43,32,0.0129563
43,33,0.00961586
43,34,0.00674927
43,35,0.00444106
43,36,0.00269891
43,37,0.00147368
43,38,0.000697808
43,39,0.000277692
43,40,9.09349e-05
43,41,2.42093e-05
43,42,5.20306e-06
43,43,8.97819e-07
43,44,1.23589e-07
43,45,1.34448e-08
43,46,1.13935e-09
43,47,7.35516e-11
43,48,3.49014e-12
43,49,6.79279e-14
44,0,0
44,1,3.07111e-15
44,2,1.4497e-13
44,3,4.22468e-12
44,4,8.51169e-11
44,5,1.25838e-09
44,6,1.41435e-08
44,7,1.23589e-07
44,8,8.51972e-07
44,9,4.67923e-06
44,10,2.06258e-05
44,11,7.34839e-05
44,12,0.000213615
44,13,0.000514463
44,14,0.00105114
44,15,0.00187945
44,16,0.00303303
44,17,0.00451776
44,18,0.00629643
44,19,0.00828839
44,20,0.0103718
44,21,0.0123924
44,22,0.014187
44,23,0.0155985
44,24,0.0165012
44,25,0.0168114
44,26,0.0165012
44,27,0.0155985
44,28,0.014187
44,29,0.0123924
44,30,0.0103718
44,31,0.00828839
44,32,0.00629643
44,33,0.00451776
44,34,0.00303303
44,35,0.00187945
44,36,0.00105114
44,37,0.000514463
44,38,0.000213615
44,39,7.34839e-05
44,40,2.06258e-05
44,41,4.67923e-06
44,42,8.51972e-07
44,43,1.23589e-07
44,44,1.41435e-08
44,45,1.25838e-09
44,46,8.51169e-11
44,47,4.22468e-12
44,48,1.44957e-13
44,49,1.74289e-15
45,0,0
45,1,3.78116e-17
45,2,3.68533e-15
45,3,1.66703e-13
45,4,4.64639e-12
45,5,8.93561e-11
45,6,1.25838e-09
45,7,1.34448e-08
45,8,1.11463e-07
45,9,7.27806e-07
45,10,3.78235e-06
45,11,1.57778e-05
45,12,5.32996e-05
45,13,0.000147594
45,14,0.000341197
45,15,0.000675472
45,16,0.00117951
45,17,0.0018653
45,18,0.00272173
45,19,0.0037108
45,20,0.0047704
45,21,0.00581826
45,22,0.00676264
45,23,0.00751422
45,24,0.00799818
45,25,0.00816535
45,26,0.00799818
45,27,0.00751422
45,28,0.00676264
45,29,0.00581826
45,30,0.0047704
45,31,0.0037108
45,32,0.00272173
45,33,0.0018653
45,34,0.00117951
45,35,0.000675472
45,36,0.000341197
45,37,0.000147594
45,38,5.32996e-05
45,39,1.57778e-05
45,40,3.78236e-06
45,41,7.27806e-07
45,42,1.11463e-07
45,43,1.34448e-08
45,44,1.25838e-09
45,45,8.93561e-11
45,46,4.64639e-12
45,47,1.66703e-13
45,48,3.68533e-15
45,49,2.06245e-17
46,0,0
46,1,0
46,2,4.32132e-17
46,3,4.03632e-15
46,4,1.74638e-13
46,5,4.64639e-12
46,6,8.51169e-11
46,7,1.13935e-09
46,8,1.15462e-08
46,9,9.06155e-08
46,10,5.59245e-07
46,11,2.74492e-06
46,12,1.08204e-05
46,13,3.46347e-05
46,14,9.13663e-05
46,15,0.000202822
46,16,0.000388969
46,17,0.000662222
46,18,0.00102357
46,19,0.00145948
46,20,0.00194201
46,21,0.00243142
46,22,0.00288086
46,23,0.00324346
46,24,0.00347902
46,25,0.00356073
46,26,0.00347902
46,27,0.00324346
46,28,0.00288086
46,29,0.00243142
46,30,0.00194201
46,31,0.00145948
46,32,0.00102357
46,33,0.000662222
46,34,0.000388969
46,35,0.000202822
46,36,9.13663e-05
46,37,3.46347e-05
46,38,1.08204e-05
46,39,2.74492e-06
46,40,5.59245e-07
46,41,9.06155e-08
46,42,1.15462e-08
46,43,1.13935e-09
46,44,8.51169e-11
46,45,4.64639e-12
46,46,1.74637e-13
46,47,4.03632e-15
46,48,4.32132e-17
46,49,0
47,0,0
47,1,0
47,2,0
47,3,4.51775e-17
47,4,4.03632e-15
47,5,1.66703e-13
47,6,4.22468e-12
47,7,7.35516e-11
47,8,9.33566e-10
47,9,8.95107e-09
47,10,6.63324e-08
47,11,3.85985e-07
47,12,1.78528e-06
47,13,6.63851e-06
47,14,2.01096e-05
47,15,5.05015e-05
47,16,0.000107568
47,17,0.000199467
47,18,0.000329995
47,19,0.000496483
47,20,0.00068885
47,21,0.000890458
47,22,0.00108023
47,23,0.00123602
47,24,0.00133841
47,25,0.00137411
47,26,0.00133841
47,27,0.00123602
47,28,0.00108023
47,29,0.000890458
47,30,0.00068885
47,31,0.000496483
47,32,0.000329995
47,33,0.000199467
47,34,0.000107568
47,35,5.05015e-05
47,36,2.01096e-05
47,37,6.63851e-06
47,38,1.78528e-06
47,39,3.85985e-07
47,40,6.63324e-08
47,41,8.95107e-09
47,42,9.33567e-10
47,43,7.35516e-11
47,44,4.22468e-12
47,45,1.66703e-13
47,46,4.03632e-15
47,47,4.51775e-17
47,48,0
47,49,0
48,0,0
48,1,0
48,2,0
48,3,0
48,4,4.32132e-17
48,5,3.68533e-15
48,6,1.44957e-13
48,7,3.49014e-12
48,8,5.75856e-11
48,9,6.90949e-10
48,10,6.24753e-09
48,11,4.35698e-08
48,12,2.38254e-07
48,13,1.03536e-06
48,14,3.62322e-06
48,15,1.03726e-05
48,16,2.47852e-05
48,17,5.06405e-05
48,18,9.0705e-05
48,19,0.000145509
48,20,0.000212468
48,21,0.000285773
48,22,0.000357117
48,23,0.000417114
48,24,0.000457171
48,25,0.000471243
48,26,0.000457171
48,27,0.000417114
48,28,0.000357117
48,29,0.000285773
48,30,0.000212468
48,31,0.000145509
48,32,9.0705e-05
48,33,5.06405e-05
48,34,2.47852e-05
48,35,1.03726e-05
48,36,3.62322e-06
48,37,1.03536e-06
48,38,2.38254e-07
48,39,4.35697e-08
48,40,6.24753e-09
48,41,6.90949e-10
48,42,5.75856e-11
48,43,3.49014e-12
48,44,1.44957e-13
48,45,3.68534e-15
48,46,4.32132e-17
48,47,0
48,48,0
48,49,0
49,0,0
49,1,0
49,2,0
49,3,0
49,4,0
49,5,2.06245e-17
49,6,1.74289e-15
49,7,6.79279e-14
49,8,1.62076e-12
49,9,2.65084e-11
49,10,3.15466e-10
49,11,2.83168e-09
49,12,1.9631e-08
49,13,1.06918e-07
49,14,4.63911e-07
49,15,1.62563e-06
49,16,4.67272e-06
49,17,1.12268e-05
49,18,2.30393e-05
49,19,4.12755e-05
49,20,6.57886e-05
49,21,9.46817e-05
49,22,0.000124404
49,23,0.00015041
49,24,0.000168219
49,25,0.000174555
49,26,0.000168219
49,27,0.00015041
49,28,0.000124404
49,29,9.46817e-05
49,30,6.57886e-05
49,31,4.12755e-05
49,32,2.30393e-05
49,33,1.12268e-05
49,34,4.67271e-06
49,35,1.62563e-06
49,36,4.63911e-07
49,37,1.06918e-07
49,38,1.9631e-08
49,39,2.83168e-09
49,40,3.15466e-10
49,41,2.65084e-11
49,42,1.62076e-12
49,43,6.79279e-14
49,44,1.74289e-15
49,45,2.06245e-17
49,46,0
49,47,0
49,48,0
49,49,0
