0,0,0
0,1,0
0,2,0
0,3,0
0,4,0
0,5,0
0,6,0
0,7,0
0,8,0
0,9,0
0,10,0
0,11,0
0,12,0
0,13,0
0,14,0
0,15,0
0,16,0
0,17,0
0,18,0
0,19,0
0,20,0
0,21,0
0,22,0
0,23,0
0,24,0
0,25,0
0,26,0
0,27,0
0,28,0
0,29,0
0,30,0
0,31,0
0,32,0
0,33,0
0,34,0
0,35,0
0,36,0
0,37,0
0,38,0
0,39,0
0,40,0
0,41,0
0,42,0
0,43,0
0,44,0
0,45,0
0,46,0
0,47,0
0,48,0
0,49,0
1,0,0
1,1,1.34346e-16
1,2,6.34958e-15
1,3,1.85882e-13
1,4,3.77703e-12
1,5,5.65847e-11
1,6,6.48171e-10
1,7,5.81263e-09
1,8,4.14695e-08
1,9,2.38107e-07
1,10,1.11035e-06
1,11,4.24113e-06
1,12,1.33988e-05
1,13,3.54646e-05
1,14,8.00124e-05
1,15,0.000157174
1,16,0.000274922
1,17,0.000436794
1,18,0.000640206
1,19,0.000875867
1,20,0.00112841
1,21,0.00137795
1,22,0.00160254
1,23,0.00178104
1,24,0.00189589
1,25,0.00193552
1,26,0.00189589
1,27,0.00178104
1,28,0.00160254
1,29,0.00137795
1,30,0.00112841
1,31,0.000875866
1,32,0.000640206
1,33,0.000436794
1,34,0.000274922
1,35,0.000157174
1,36,8.00124e-05
1,37,3.54646e-05
1,38,1.33988e-05
1,39,4.24113e-06
1,40,1.11035e-06
1,41,2.38107e-07
1,42,4.14695e-08
1,43,5.81263e-09
1,44,6.48171e-10
1,45,5.65847e-11
1,46,3.77703e-12
1,47,1.85882e-13
1,48,6.34894e-15
1,49,6.81871e-17
2,0,0
2,1,6.34958e-15
2,2,1.94071e-13
2,3,4.12471e-12
2,4,6.47704e-11
2,5,7.79378e-10
2,6,7.35797e-09
2,7,5.53785e-08
2,8,3.36038e-07
2,9,1.65808e-06
2,10,6.70282e-06
2,11,2.23829e-05
2,12,6.24176e-05
2,13,0.00014759
2,14,0.000301939
2,15,0.000546914
2,16,0.000896486
2,17,0.00135315
2,18,0.00190509
2,19,0.00252598
2,20,0.00317655
2,21,0.0038085
2,22,0.00437016
2,23,0.0048125
2,24,0.0050955
2,25,0.00519286
2,26,0.0050955
2,27,0.0048125
2,28,0.00437016
2,29,0.0038085
2,30,0.00317655
2,31,0.00252598
2,32,0.00190509
2,33,0.00135315
2,34,0.000896487
2,35,0.000546914
2,36,0.000301939
2,37,0.00014759
2,38,6.24176e-05
2,39,2.23829e-05
2,40,6.70282e-06
2,41,1.65808e-06
2,42,3.36038e-07
2,43,5.53785e-08
2,44,7.35797e-09
2,45,7.79378e-10
2,46,6.47704e-11
2,47,4.12471e-12
2,48,1.94011e-13
2,49,3.34641e-15
3,0,0
3,1,1.85882e-13
3,2,4.12471e-12
3,3,6.76977e-11
3,4,8.52873e-10
3,5,8.44401e-09
3,6,6.67464e-08
3,7,4.25854e-07
3,8,2.21047e-06
3,9,9.39549e-06
3,10,3.29213e-05
3,11,9.59416e-05
3,12,0.000235625
3,13,0.000496973
3,14,0.0009219
3,15,0.00154143
3,16,0.00237044
3,17,0.0034013
3,18,0.00460102
3,19,0.00591176
3,20,0.00725386
3,21,0.00853449
3,22,0.00965698
3,23,0.0105322
3,24,0.0110884
3,25,0.0112791
3,26,0.0110884
3,27,0.0105322
3,28,0.00965698
3,29,0.00853449
3,30,0.00725386
3,31,0.00591176
3,32,0.00460102
3,33,0.0034013
3,34,0.00237044
3,35,0.00154143
3,36,0.0009219
3,37,0.000496973
3,38,0.000235625
3,39,9.59416e-05
3,40,3.29213e-05
3,41,9.39549e-06
3,42,2.21047e-06
3,43,4.25854e-07
3,44,6.67464e-08
3,45,8.44401e-09
3,46,8.52873e-10
3,47,6.76976e-11
3,48,4.12207e-12
3,49,1.01959e-13
4,0,0
4,1,3.77703e-12
4,2,6.47704e-11
4,3,8.52873e-10
4,4,8.83995e-09
4,5,7.32622e-08
4,6,4.90675e-07
4,7,2.67549e-06
4,8,1.19438e-05
4,9,4.38858e-05
4,10,0.00013364
4,11,0.000340935
4,12,0.000741173
4,13,0.0014061
4,14,0.00239197
4,15,0.00373671
4,16,0.00544977
4,17,0.00750119
4,18,0.00981982
4,19,0.0122926
4,20,0.0147742
4,21,0.0171032
4,22,0.019117
4,23,0.0206715
4,24,0.0216522
4,25,0.0219876
4,26,0.0216522
4,27,0.0206715
4,28,0.019117
4,29,0.0171032
4,30,0.0147742
4,31,0.0122926
4,32,0.00981982
4,33,0.00750119
4,34,0.00544977
4,35,0.00373671
4,36,0.00239197
4,37,0.0014061
4,38,0.000741173
4,39,0.000340935
4,40,0.00013364
4,41,4.38858e-05
4,42,1.19438e-05
4,43,2.67549e-06
4,44,4.90675e-07
4,45,7.32623e-08
4,46,8.83995e-09
4,47,8.52871e-10
4,48,6.47003e-11
4,49,2.1618e-12
5,0,0
5,1,5.65847e-11
5,2,7.79378e-10
5,3,8.44401e-09
5,4,7.32623e-08
5,5,5.14371e-07
5,6,2.94289e-06
5,7,1.37879e-05
5,8,5.31174e-05
5,9,0.000169122
5,10,0.00044879
5,11,0.00100724
5,12,0.00195629
5,13,0.00338591
5,14,0.00537138
5,15,0.00796328
5,16,0.0111554
5,17,0.0148752
5,18,0.0189801
5,19,0.0232604
5,20,0.0274714
5,21,0.0313522
5,22,0.0346577
5,23,0.0371788
5,24,0.0387565
5,25,0.0392938
5,26,0.0387565
5,27,0.0371788
5,28,0.0346577
5,29,0.0313522
5,30,0.0274714
5,31,0.0232604
5,32,0.0189801
5,33,0.0148752
5,34,0.0111554
5,35,0.00796328
5,36,0.00537138
5,37,0.00338591
5,38,0.00195629
5,39,0.00100724
5,40,0.00044879
5,41,0.000169122
5,42,5.31174e-05
5,43,1.37879e-05
5,44,2.94289e-06
5,45,5.14371e-07
5,46,7.32623e-08
5,47,8.44395e-09
5,48,7.78095e-10
5,49,3.38929e-11
6,0,0
6,1,6.48171e-10
6,2,7.35797e-09
6,3,6.67464e-08
6,4,4.90675e-07
6,5,2.94289e-06
6,6,1.44628e-05
6,7,5.84249e-05
6,8,0.00019469
6,9,0.000538477
6,10,0.00125113
6,11,0.00249451
6,12,0.00440066
6,13,0.00709793
6,14,0.0107145
6,15,0.0153048
6,16,0.0208098
6,17,0.0270633
6,18,0.0337784
6,19,0.0405987
6,20,0.0471436
6,21,0.0530382
6,22,0.0579661
6,23,0.0616653
6,24,0.0639587
6,25,0.0647335
6,26,0.0639587
6,27,0.0616653
6,28,0.0579661
6,29,0.0530382
6,30,0.0471436
6,31,0.0405987
6,32,0.0337784
6,33,0.0270633
6,34,0.0208098
6,35,0.0153048
6,36,0.0107145
6,37,0.00709793
6,38,0.00440066
6,39,0.00249451
6,40,0.00125113
6,41,0.000538477
6,42,0.00019469
6,43,5.84249e-05
6,44,1.44628e-05
6,45,2.94289e-06
6,46,4.90675e-07
6,47,6.67455e-08
6,48,7.34091e-09
6,49,4.07637e-10
7,0,0
7,1,5.81263e-09
7,2,5.53785e-08
7,3,4.25854e-07
7,4,2.67549e-06
7,5,1.37879e-05
7,6,5.84249e-05
7,7,0.000204027
7,8,0.000589646
7,9,0.00142365
7,10,0.00292643
7,11,0.0052816
7,12,0.00868437
7,13,0.0133828
7,14,0.0195469
7,15,0.0271445
7,16,0.0359788
7,17,0.0456756
7,18,0.0557192
7,19,0.065584
7,20,0.074742
7,21,0.0827594
7,22,0.0892967
7,23,0.0941096
7,24,0.097055
7,25,0.0980416
7,26,0.097055
7,27,0.0941095
7,28,0.0892967
7,29,0.0827594
7,30,0.074742
7,31,0.065584
7,32,0.0557192
7,33,0.0456756
7,34,0.0359788
7,35,0.0271445
7,36,0.0195469
7,37,0.0133828
7,38,0.00868437
7,39,0.0052816
7,40,0.00292643
7,41,0.00142365
7,42,0.000589646
7,43,0.000204027
7,44,5.84249e-05
7,45,1.37879e-05
7,46,2.67549e-06
7,47,4.25842e-07
7,48,5.52079e-08
7,49,3.85245e-09
8,0,0
8,1,4.14695e-08
8,2,3.36038e-07
8,3,2.21047e-06
8,4,1.19438e-05
8,5,5.31174e-05
8,6,0.00019469
8,7,0.000589646
8,8,0.00148605
8,9,0.00316735
8,10,0.00588067
8,11,0.00989757
8,12,0.0156177
8,13,0.0233917
8,14,0.0332336
8,15,0.0448823
8,16,0.0578721
8,17,0.071479
8,18,0.0849713
8,19,0.0976673
8,20,0.108975
8,21,0.118534
8,22,0.126067
8,23,0.13149
8,24,0.134736
8,25,0.135825
8,26,0.134736
8,27,0.13149
8,28,0.126067
8,29,0.118534
8,30,0.108975
8,31,0.0976673
8,32,0.0849713
8,33,0.071479
8,34,0.0578721
8,35,0.0448823
8,36,0.0332336
8,37,0.0233917
8,38,0.0156177
8,39,0.00989757
8,40,0.00588067
8,41,0.00316735
8,42,0.00148605
8,43,0.000589646
8,44,0.00019469
8,45,5.31174e-05
8,46,1.19438e-05
8,47,2.21036e-06
8,48,3.34732e-07
8,49,2.90849e-08
9,0,0
9,1,2.38107e-07
9,2,1.65808e-06
9,3,9.39549e-06
9,4,4.38858e-05
9,5,0.000169122
9,6,0.000538477
9,7,0.00142365
9,8,0.00316735
9,9,0.00609293
9,10,0.010554
9,11,0.0171051
9,12,0.0263305
9,13,0.0383387
9,14,0.0527597
9,15,0.06903
9,16,0.0862169
9,17,0.103261
9,18,0.119319
9,19,0.133595
9,20,0.14569
9,21,0.1554
9,22,0.162714
9,23,0.167795
9,24,0.17074
9,25,0.171728
9,26,0.17074
9,27,0.167795
9,28,0.162714
9,29,0.1554
9,30,0.14569
9,31,0.133595
9,32,0.119319
9,33,0.103261
9,34,0.0862169
9,35,0.06903
9,36,0.0527597
9,37,0.0383387
9,38,0.0263305
9,39,0.0171051
9,40,0.010554
9,41,0.00609293
9,42,0.00316735
9,43,0.00142365
9,44,0.000538477
9,45,0.000169122
9,46,4.38858e-05
9,47,9.39471e-06
9,48,1.65038e-06
9,49,1.77519e-07
10,0,0
10,1,1.11035e-06
10,2,6.70282e-06
10,3,3.29213e-05
10,4,0.00013364
10,5,0.00044879
10,6,0.00125113
10,7,0.00292643
10,8,0.00588067
10,9,0.010554
10,10,0.017627
10,11,0.0279279
10,12,0.0417513
10,13,0.0586306
10,14,0.0778755
10,15,0.0984139
10,16,0.118728
10,17,0.137684
10,18,0.154306
10,19,0.167988
10,20,0.178749
10,21,0.186634
10,22,0.192177
10,23,0.195691
10,24,0.197663
10,25,0.198266
10,26,0.197663
10,27,0.195691
10,28,0.192177
10,29,0.186634
10,30,0.178749
10,31,0.167988
10,32,0.154306
10,33,0.137684
10,34,0.118728
10,35,0.0984139
10,36,0.0778755
10,37,0.0586306
10,38,0.0417513
10,39,0.0279279
10,40,0.017627
10,41,0.010554
10,42,0.00588067
10,43,0.00292643
10,44,0.00125113
10,45,0.00044879
10,46,0.00013364
10,47,3.2917e-05
10,48,6.66786e-06
10,49,8.84172e-07
11,0,0
11,1,4.24113e-06
11,2,2.23829e-05
11,3,9.59416e-05
11,4,0.000340935
11,5,0.00100724
11,6,0.00249451
11,7,0.0052816
11,8,0.00989757
11,9,0.0171051
11,10,0.0279279
11,11,0.0429525
11,12,0.0617567
11,13,0.0834939
11,14,0.10701
11,15,0.130308
11,16,0.151667
11,17,0.169971
11,18,0.184256
11,19,0.194702
11,20,0.201627
11,21,0.205757
11,22,0.208004
11,23,0.208938
11,24,0.209351
11,25,0.209365
11,26,0.20935
11,27,0.208938
11,28,0.208004
11,29,0.205757
11,30,0.201627
11,31,0.194702
11,32,0.184256
11,33,0.169971
11,34,0.151667
11,35,0.130308
11,36,0.10701
11,37,0.083494
11,38,0.0617567
11,39,0.0429525
11,40,0.0279279
11,41,0.0171051
11,42,0.00989757
11,43,0.0052816
11,44,0.00249451
11,45,0.00100724
11,46,0.000340933
11,47,9.59236e-05
11,48,2.22635e-05
11,49,3.62405e-06
12,0,0
12,1,1.33988e-05
12,2,6.24176e-05
12,3,0.000235625
12,4,0.000741173
12,5,0.00195629
12,6,0.00440066
12,7,0.00868437
12,8,0.0156177
12,9,0.0263305
12,10,0.0417513
12,11,0.0617567
12,12,0.0854112
12,13,0.111426
12,14,0.137458
12,15,0.160934
12,16,0.180425
12,17,0.194715
12,18,0.203769
12,19,0.20852
12,20,0.209702
12,21,0.208951
12,22,0.207022
12,23,0.205119
12,24,0.203652
12,25,0.203171
12,26,0.203652
12,27,0.205119
12,28,0.207022
12,29,0.208951
12,30,0.209702
12,31,0.20852
12,32,0.203769
12,33,0.194715
12,34,0.180425
12,35,0.160934
12,36,0.137458
12,37,0.111426
12,38,0.0854113
12,39,0.0617567
12,40,0.0417513
12,41,0.0263305
12,42,0.0156177
12,43,0.00868437
12,44,0.00440066
12,45,0.00195629
12,46,0.000741165
12,47,0.000235569
12,48,6.21282e-05
12,49,1.2335e-05
13,0,0
13,1,3.54646e-05
13,2,0.00014759
13,3,0.000496973
13,4,0.0014061
13,5,0.00338591
13,6,0.00709793
13,7,0.0133828
13,8,0.0233917
13,9,0.0383387
13,10,0.0586306
13,11,0.0834939
13,12,0.111426
13,13,0.139878
13,14,0.16552
13,15,0.186166
13,16,0.200462
13,17,0.207905
13,18,0.209894
13,19,0.207558
13,20,0.202749
13,21,0.197046
13,22,0.191398
13,23,0.18703
13,24,0.184024
13,25,0.18316
13,26,0.184024
13,27,0.18703
13,28,0.191398
13,29,0.197046
13,30,0.202749
13,31,0.207558
13,32,0.209894
13,33,0.207905
13,34,0.200462
13,35,0.186166
13,36,0.16552
13,37,0.139878
13,38,0.111426
13,39,0.0834939
13,40,0.0586306
13,41,0.0383387
13,42,0.0233917
13,43,0.0133828
13,44,0.00709793
13,45,0.0033859
13,46,0.00140608
13,47,0.000496857
13,48,0.000147199
13,49,3.52562e-05
14,0,0
14,1,8.00124e-05
14,2,0.000301939
14,3,0.0009219
14,4,0.00239197
14,5,0.00537138
14,6,0.0107145
14,7,0.0195469
14,8,0.0332336
14,9,0.0527597
14,10,0.0778755
14,11,0.10701
14,12,0.137458
14,13,0.16552
14,14,0.187954
14,15,0.202864
14,16,0.20941
14,17,0.208864
14,18,0.203175
14,19,0.19423
14,20,0.184474
14,21,0.174899
14,22,0.166955
14,23,0.160874
14,24,0.15722
14,25,0.15594
14,26,0.15722
14,27,0.160874
14,28,0.166955
14,29,0.174899
14,30,0.184474
14,31,0.19423
14,32,0.203175
14,33,0.208864
14,34,0.20941
14,35,0.202864
14,36,0.187954
14,37,0.16552
14,38,0.137458
14,39,0.10701
14,40,0.0778755
14,41,0.0527597
14,42,0.0332336
14,43,0.0195469
14,44,0.0107145
14,45,0.00537137
14,46,0.00239193
14,47,0.0009218
14,48,0.000302265
14,49,8.58577e-05
15,0,0
15,1,0.000157174
15,2,0.000546914
15,3,0.00154143
15,4,0.00373671
15,5,0.00796328
15,6,0.0153048
15,7,0.0271445
15,8,0.0448823
15,9,0.06903
15,10,0.0984139
15,11,0.130308
15,12,0.160934
15,13,0.186166
15,14,0.202864
15,15,0.209768
15,16,0.207794
15,17,0.199331
15,18,0.186898
15,19,0.173274
15,20,0.160221
15,21,0.14887
15,22,0.139973
15,23,0.133487
15,24,0.129752
15,25,0.128396
15,26,0.129752
15,27,0.133487
15,28,0.139973
15,29,0.14887
15,30,0.160221
15,31,0.173274
15,32,0.186898
15,33,0.199331
15,34,0.207794
15,35,0.209768
15,36,0.202864
15,37,0.186166
15,38,0.160934
15,39,0.130309
15,40,0.0984139
15,41,0.06903
15,42,0.0448823
15,43,0.0271445
15,44,0.0153048
15,45,0.00796327
15,46,0.0037367
15,47,0.00154178
15,48,0.000550591
15,49,0.00018136
16,0,0
16,1,0.000274922
16,2,0.000896487
16,3,0.00237044
16,4,0.00544977
16,5,0.0111554
16,6,0.0208098
16,7,0.0359788
16,8,0.0578721
16,9,0.0862169
16,10,0.118728
16,11,0.151667
16,12,0.180425
16,13,0.200462
16,14,0.20941
16,15,0.207794
16,16,0.197814
16,17,0.182743
16,18,0.16595
16,19,0.149768
16,20,0.135667
16,21,0.12428
16,22,0.115679
16,23,0.10977
16,24,0.106308
16,25,0.105185
16,26,0.106308
16,27,0.109769
16,28,0.115679
16,29,0.12428
16,30,0.135667
16,31,0.149768
16,32,0.16595
16,33,0.182743
16,34,0.197814
16,35,0.207794
16,36,0.20941
16,37,0.200462
16,38,0.180425
16,39,0.151667
16,40,0.118728
16,41,0.0862169
16,42,0.0578721
16,43,0.0359788
16,44,0.0208098
16,45,0.0111554
16,46,0.00544999
16,47,0.0023724
16,48,0.000909092
16,49,0.000338882
17,0,0
17,1,0.000436794
17,2,0.00135315
17,3,0.0034013
17,4,0.00750119
17,5,0.0148752
17,6,0.0270633
17,7,0.0456756
17,8,0.071479
17,9,0.103261
17,10,0.137684
17,11,0.169971
17,12,0.194715
17,13,0.207905
17,14,0.208864
17,15,0.199331
17,16,0.182743
17,17,0.163484
17,18,0.144501
17,19,0.127849
17,20,0.114342
17,21,0.103898
17,22,0.0964423
17,23,0.0913167
17,24,0.0884955
17,25,0.087476
17,26,0.0884955
17,27,0.0913167
17,28,0.0964424
17,29,0.103898
17,30,0.114342
17,31,0.127849
17,32,0.144501
17,33,0.163484
17,34,0.182743
17,35,0.199331
17,36,0.208864
17,37,0.207905
17,38,0.194715
17,39,0.169971
17,40,0.137684
17,41,0.103261
17,42,0.071479
17,43,0.0456756
17,44,0.0270633
17,45,0.0148753
17,46,0.00750208
17,47,0.00340709
17,48,0.00138369
17,49,0.000570641
18,0,0
18,1,0.000640206
18,2,0.00190509
18,3,0.00460102
18,4,0.00981982
18,5,0.0189801
18,6,0.0337784
18,7,0.0557192
18,8,0.0849713
18,9,0.119319
18,10,0.154306
18,11,0.184256
18,12,0.203769
18,13,0.209894
18,14,0.203175
18,15,0.186898
18,16,0.16595
18,17,0.144501
18,18,0.125224
18,19,0.109555
18,20,0.0973458
18,21,0.0884815
18,22,0.0821284
18,23,0.077982
18,24,0.0755824
18,25,0.0748156
18,26,0.0755824
18,27,0.077982
18,28,0.0821285
18,29,0.0884814
18,30,0.0973459
18,31,0.109555
18,32,0.125224
18,33,0.144501
18,34,0.16595
18,35,0.186897
18,36,0.203175
18,37,0.209894
18,38,0.203769
18,39,0.184256
18,40,0.154306
18,41,0.119319
18,42,0.0849713
18,43,0.0557192
18,44,0.0337784
18,45,0.0189804
18,46,0.00982216
18,47,0.00461394
18,48,0.00196536
18,49,0.000879402
19,0,0
19,1,0.000875867
19,2,0.00252598
19,3,0.00591176
19,4,0.0122926
19,5,0.0232604
19,6,0.0405987
19,7,0.0655839
19,8,0.0976673
19,9,0.133595
19,10,0.167988
19,11,0.194702
19,12,0.20852
19,13,0.207558
19,14,0.19423
19,15,0.173274
19,16,0.149768
19,17,0.127849
19,18,0.109555
19,19,0.0953245
19,20,0.0848384
19,21,0.0772679
19,22,0.0719436
19,23,0.0684057
19,24,0.0663307
19,25,0.0656694
19,26,0.0663307
19,27,0.0684056
19,28,0.0719437
19,29,0.0772679
19,30,0.0848384
19,31,0.0953246
19,32,0.109555
19,33,0.127849
19,34,0.149768
19,35,0.173274
19,36,0.19423
19,37,0.207558
19,38,0.20852
19,39,0.194702
19,40,0.167988
19,41,0.133595
19,42,0.0976673
19,43,0.065584
19,44,0.0405988
19,45,0.0232613
19,46,0.0122974
19,47,0.00593573
19,48,0.00262874
19,49,0.00125529
20,0,0
20,1,0.00112841
20,2,0.00317655
20,3,0.00725386
20,4,0.0147742
20,5,0.0274714
20,6,0.0471436
20,7,0.074742
20,8,0.108975
20,9,0.14569
20,10,0.178749
20,11,0.201627
20,12,0.209702
20,13,0.202749
20,14,0.184474
20,15,0.160221
20,16,0.135667
20,17,0.114341
20,18,0.0973458
20,19,0.0848383
20,20,0.0756779
20,21,0.0691393
20,22,0.064404
20,23,0.0611432
20,24,0.0591647
20,25,0.0584865
20,26,0.0591647
20,27,0.0611432
20,28,0.064404
20,29,0.0691394
20,30,0.0756778
20,31,0.0848384
20,32,0.0973459
20,33,0.114341
20,34,0.135667
20,35,0.160221
20,36,0.184474
20,37,0.202749
20,38,0.209702
20,39,0.201627
20,40,0.178749
20,41,0.14569
20,42,0.108975
20,43,0.0747421
20,44,0.0471439
20,45,0.027473
20,46,0.0147826
20,47,0.00729266
20,48,0.00333282
20,49,0.00167505
21,0,0
21,1,0.00137795
21,2,0.00380851
21,3,0.00853449
21,4,0.0171032
21,5,0.0313522
21,6,0.0530382
21,7,0.0827594
21,8,0.118534
21,9,0.1554
21,10,0.186634
21,11,0.205757
21,12,0.208951
21,13,0.197046
21,14,0.174899
21,15,0.14887
21,16,0.12428
21,17,0.103898
21,18,0.0884815
21,19,0.0772679
21,20,0.0691394
21,21,0.0631755
21,22,0.0586167
21,23,0.0553074
21,24,0.0530473
21,25,0.0522952
21,26,0.0530474
21,27,0.0553074
21,28,0.0586167
21,29,0.0631755
21,30,0.0691393
21,31,0.0772679
21,32,0.0884814
21,33,0.103898
21,34,0.12428
21,35,0.14887
21,36,0.174899
21,37,0.197046
21,38,0.208952
21,39,0.205757
21,40,0.186634
21,41,0.1554
21,42,0.118534
21,43,0.0827595
21,44,0.0530386
21,45,0.0313547
21,46,0.017116
21,47,0.00859065
21,48,0.00402458
21,49,0.00210396
22,0,0
22,1,0.00160254
22,2,0.00437016
22,3,0.00965698
22,4,0.019117
22,5,0.0346577
22,6,0.0579661
22,7,0.0892967
22,8,0.126067
22,9,0.162714
22,10,0.192177
22,11,0.208004
22,12,0.207022
22,13,0.191398
22,14,0.166955
22,15,0.139973
22,16,0.115679
22,17,0.0964424
22,18,0.0821285
22,19,0.0719437
22,20,0.064404
22,21,0.0586166
22,22,0.0539131
22,23,0.0500044
22,24,0.0471158
22,25,0.0458678
22,26,0.0471156
22,27,0.0500045
22,28,0.0539131
22,29,0.0586167
22,30,0.064404
22,31,0.0719437
22,32,0.0821285
22,33,0.0964423
22,34,0.115679
22,35,0.139973
22,36,0.166955
22,37,0.191398
22,38,0.207022
22,39,0.208004
22,40,0.192177
22,41,0.162714
22,42,0.126067
22,43,0.0892968
22,44,0.0579667
22,45,0.0346613
22,46,0.0191344
22,47,0.0097309
22,48,0.00464527
22,49,0.00250028
23,0,0
23,1,0.00178104
23,2,0.0048125
23,3,0.0105322
23,4,0.0206715
23,5,0.0371788
23,6,0.0616653
23,7,0.0941095
23,8,0.13149
23,9,0.167795
23,10,0.195691
23,11,0.208938
23,12,0.205119
23,13,0.18703
23,14,0.160874
23,15,0.133487
23,16,0.109769
23,17,0.0913167
23,18,0.077982
23,19,0.0684057
23,20,0.0611432
23,21,0.0553073
23,22,0.0500045
23,23,0.0451114
23,24,0.0406373
23,25,0.038135
23,26,0.0406373
23,27,0.0451114
23,28,0.0500045
23,29,0.0553073
23,30,0.0611431
23,31,0.0684056
23,32,0.0779821
23,33,0.0913167
23,34,0.109769
23,35,0.133487
23,36,0.160874
23,37,0.18703
23,38,0.205119
23,39,0.208938
23,40,0.195691
23,41,0.167795
23,42,0.13149
23,43,0.0941097
23,44,0.0616661
23,45,0.0371834
23,46,0.0206931
23,47,0.0106216
23,48,0.00513774
23,49,0.00282145
24,0,0
24,1,0.00189589
24,2,0.0050955
24,3,0.0110884
24,4,0.0216522
24,5,0.0387565
24,6,0.0639587
24,7,0.097055
24,8,0.134736
24,9,0.17074
24,10,0.197663
24,11,0.209351
24,12,0.203652
24,13,0.184024
24,14,0.15722
24,15,0.129752
24,16,0.106308
24,17,0.0884955
24,18,0.0755825
24,19,0.0663307
24,20,0.0591647
24,21,0.0530473
24,22,0.0471158
24,23,0.0406374
24,24,0.0331628
24,25,0.0259764
24,26,0.0331629
24,27,0.0406372
24,28,0.0471158
24,29,0.0530474
24,30,0.0591647
24,31,0.0663307
24,32,0.0755825
24,33,0.0884954
24,34,0.106308
24,35,0.129752
24,36,0.15722
24,37,0.184024
24,38,0.203652
24,39,0.209351
24,40,0.197663
24,41,0.17074
24,42,0.134736
24,43,0.0970552
24,44,0.0639597
24,45,0.0387618
24,46,0.0216767
24,47,0.0111883
24,48,0.0054544
24,49,0.00303076
25,0,0
25,1,0.00193552
25,2,0.00519286
25,3,0.0112791
25,4,0.0219876
25,5,0.0392938
25,6,0.0647335
25,7,0.0980416
25,8,0.135825
25,9,0.171728
25,10,0.198265
25,11,0.209366
25,12,0.203171
25,13,0.18316
25,14,0.15594
25,15,0.128396
25,16,0.105185
25,17,0.087476
25,18,0.0748156
25,19,0.0656694
25,20,0.0584865
25,21,0.052295
25,22,0.0458679
25,23,0.038135
25,24,0.0259763
25,25,3.72665e-06
25,26,0.0259763
25,27,0.0381349
25,28,0.0458678
25,29,0.052295
25,30,0.0584865
25,31,0.0656694
25,32,0.0748156
25,33,0.0874759
25,34,0.105185
25,35,0.128396
25,36,0.15594
25,37,0.18316
25,38,0.203171
25,39,0.209366
25,40,0.198266
25,41,0.171728
25,42,0.135825
25,43,0.0980418
25,44,0.0647346
25,45,0.0392994
25,46,0.0220131
25,47,0.0113828
25,48,0.00556361
25,49,0.00310345
26,0,0
26,1,0.00189589
26,2,0.0050955
26,3,0.0110884
26,4,0.0216522
26,5,0.0387565
26,6,0.0639587
26,7,0.097055
26,8,0.134736
26,9,0.17074
26,10,0.197663
26,11,0.209351
26,12,0.203652
26,13,0.184024
26,14,0.15722
26,15,0.129752
26,16,0.106308
26,17,0.0884955
26,18,0.0755825
26,19,0.0663307
26,20,0.0591647
26,21,0.0530473
26,22,0.0471158
26,23,0.0406374
26,24,0.0331628
26,25,0.0259764
26,26,0.0331629
26,27,0.0406372
26,28,0.0471158
26,29,0.0530474
26,30,0.0591647
26,31,0.0663307
26,32,0.0755825
26,33,0.0884954
26,34,0.106308
26,35,0.129752
26,36,0.15722
26,37,0.184024
26,38,0.203652
26,39,0.209351
26,40,0.197663
26,41,0.17074
26,42,0.134736
26,43,0.0970552
26,44,0.0639597
26,45,0.0387618
26,46,0.0216767
26,47,0.0111883
26,48,0.0054544
26,49,0.00303076
27,0,0
27,1,0.00178104
27,2,0.0048125
27,3,0.0105322
27,4,0.0206715
27,5,0.0371788
27,6,0.0616653
27,7,0.0941095
27,8,0.13149
27,9,0.167795
27,10,0.195691
27,11,0.208938
27,12,0.205119
27,13,0.18703
27,14,0.160874
27,15,0.133487
27,16,0.109769
27,17,0.0913167
27,18,0.077982
27,19,0.0684057
27,20,0.0611432
27,21,0.0553073
27,22,0.0500045
27,23,0.0451114
27,24,0.0406373
27,25,0.038135
27,26,0.0406373
27,27,0.0451114
27,28,0.0500045
27,29,0.0553073
27,30,0.0611431
27,31,0.0684056
27,32,0.0779821
27,33,0.0913167
27,34,0.109769
27,35,0.133487
27,36,0.160874
27,37,0.18703
27,38,0.205119
27,39,0.208938
27,40,0.195691
27,41,0.167795
27,42,0.13149
27,43,0.0941097
27,44,0.0616661
27,45,0.0371834
27,46,0.0206931
27,47,0.0106216
27,48,0.00513774
27,49,0.00282145
28,0,0
28,1,0.00160254
28,2,0.00437016
28,3,0.00965698
28,4,0.019117
28,5,0.0346577
28,6,0.0579661
28,7,0.0892967
28,8,0.126067
28,9,0.162714
28,10,0.192177
28,11,0.208004
28,12,0.207022
28,13,0.191398
28,14,0.166955
28,15,0.139973
28,16,0.115679
28,17,0.0964424
28,18,0.0821285
28,19,0.0719437
28,20,0.064404
28,21,0.0586166
28,22,0.0539131
28,23,0.0500044
28,24,0.0471158
28,25,0.0458678
28,26,0.0471156
28,27,0.0500045
28,28,0.0539131
28,29,0.0586167
28,30,0.064404
28,31,0.0719437
28,32,0.0821285
28,33,0.0964423
28,34,0.115679
28,35,0.139973
28,36,0.166955
28,37,0.191398
28,38,0.207022
28,39,0.208004
28,40,0.192177
28,41,0.162714
28,42,0.126067
28,43,0.0892968
28,44,0.0579667
28,45,0.0346613
28,46,0.0191344
28,47,0.0097309
28,48,0.00464527
28,49,0.00250028
29,0,0
29,1,0.00137795
29,2,0.00380851
29,3,0.00853449
29,4,0.0171032
29,5,0.0313522
29,6,0.0530382
29,7,0.0827594
29,8,0.118534
29,9,0.1554
29,10,0.186634
29,11,0.205757
29,12,0.208951
29,13,0.197046
29,14,0.174899
29,15,0.14887
29,16,0.12428
29,17,0.103898
29,18,0.0884815
29,19,0.0772679
29,20,0.0691394
29,21,0.0631755
29,22,0.0586167
29,23,0.0553074
29,24,0.0530473
29,25,0.0522952
29,26,0.0530474
29,27,0.0553074
29,28,0.0586167
29,29,0.0631755
29,30,0.0691393
29,31,0.0772679
29,32,0.0884814
29,33,0.103898
29,34,0.12428
29,35,0.14887
29,36,0.174899
29,37,0.197046
29,38,0.208952
29,39,0.205757
29,40,0.186634
29,41,0.1554
29,42,0.118534
29,43,0.0827595
29,44,0.0530386
29,45,0.0313547
29,46,0.017116
29,47,0.00859065
29,48,0.00402458
29,49,0.00210396
30,0,0
30,1,0.00112841
30,2,0.00317655
30,3,0.00725386
30,4,0.0147742
30,5,0.0274714
30,6,0.0471436
30,7,0.074742
30,8,0.108975
30,9,0.14569
30,10,0.178749
30,11,0.201627
30,12,0.209702
30,13,0.202749
30,14,0.184474
30,15,0.160221
30,16,0.135667
30,17,0.114341
30,18,0.0973458
30,19,0.0848383
30,20,0.0756779
30,21,0.0691393
30,22,0.064404
30,23,0.0611432
30,24,0.0591647
30,25,0.0584865
30,26,0.0591647
30,27,0.0611432
30,28,0.064404
30,29,0.0691394
30,30,0.0756778
30,31,0.0848384
30,32,0.0973459
30,33,0.114341
30,34,0.135667
30,35,0.160221
30,36,0.184474
30,37,0.202749
30,38,0.209702
30,39,0.201627
30,40,0.178749
30,41,0.14569
30,42,0.108975
30,43,0.0747421
30,44,0.0471439
30,45,0.027473
30,46,0.0147826
30,47,0.00729266
30,48,0.00333282
30,49,0.00167505
31,0,0
31,1,0.000875867
31,2,0.00252598
31,3,0.00591176
31,4,0.0122926
31,5,0.0232604
31,6,0.0405987
31,7,0.0655839
31,8,0.0976673
31,9,0.133595
31,10,0.167988
31,11,0.194702
31,12,0.20852
31,13,0.207558
31,14,0.19423
31,15,0.173274
31,16,0.149768
31,17,0.127849
31,18,0.109555
31,19,0.0953245
31,20,0.0848384
31,21,0.0772679
31,22,0.0719436
31,23,0.0684057
31,24,0.0663307
31,25,0.0656694
31,26,0.0663307
31,27,0.0684056
31,28,0.0719437
31,29,0.0772679
31,30,0.0848384
31,31,0.0953246
31,32,0.109555
31,33,0.127849
31,34,0.149768
31,35,0.173274
31,36,0.19423
31,37,0.207558
31,38,0.20852
31,39,0.194702
31,40,0.167988
31,41,0.133595
31,42,0.0976673
31,43,0.065584
31,44,0.0405988
31,45,0.0232613
31,46,0.0122974
31,47,0.00593573
31,48,0.00262874
31,49,0.00125529
32,0,0
32,1,0.000640206
32,2,0.00190509
32,3,0.00460102
32,4,0.00981982
32,5,0.0189801
32,6,0.0337784
32,7,0.0557192
32,8,0.0849713
32,9,0.119319
32,10,0.154306
32,11,0.184256
32,12,0.203769
32,13,0.209894
32,14,0.203175
32,15,0.186898
32,16,0.16595
32,17,0.144501
32,18,0.125224
32,19,0.109555
32,20,0.0973458
32,21,0.0884815
32,22,0.0821284
32,23,0.077982
32,24,0.0755824
32,25,0.0748156
32,26,0.0755824
32,27,0.077982
32,28,0.0821285
32,29,0.0884814
32,30,0.0973459
32,31,0.109555
32,32,0.125224
32,33,0.144501
32,34,0.16595
32,35,0.186897
32,36,0.203175
32,37,0.209894
32,38,0.203769
32,39,0.184256
32,40,0.154306
32,41,0.119319
32,42,0.0849713
32,43,0.0557192
32,44,0.0337784
32,45,0.0189804
32,46,0.00982216
32,47,0.00461394
32,48,0.00196536
32,49,0.000879402
33,0,0
33,1,0.000436794
33,2,0.00135315
33,3,0.0034013
33,4,0.00750119
33,5,0.0148752
33,6,0.0270633
33,7,0.0456756
33,8,0.071479
33,9,0.103261
33,10,0.137684
33,11,0.169971
33,12,0.194715
33,13,0.207905
33,14,0.208864
33,15,0.199331
33,16,0.182743
33,17,0.163484
33,18,0.144501
33,19,0.127849
33,20,0.114342
33,21,0.103898
33,22,0.0964423
33,23,0.0913167
33,24,0.0884955
33,25,0.087476
33,26,0.0884955
33,27,0.0913167
33,28,0.0964424
33,29,0.103898
33,30,0.114342
33,31,0.127849
33,32,0.144501
33,33,0.163484
33,34,0.182743
33,35,0.199331
33,36,0.208864
33,37,0.207905
33,38,0.194715
33,39,0.169971
33,40,0.137684
33,41,0.103261
33,42,0.071479
33,43,0.0456756
33,44,0.0270633
33,45,0.0148753
33,46,0.00750208
33,47,0.00340709
33,48,0.00138369
33,49,0.000570641
34,0,0
34,1,0.000274922
34,2,0.000896487
34,3,0.00237044
34,4,0.00544977
34,5,0.0111554
34,6,0.0208098
34,7,0.0359788
34,8,0.0578721
34,9,0.0862169
34,10,0.118728
34,11,0.151667
34,12,0.180425
34,13,0.200462
34,14,0.20941
34,15,0.207794
34,16,0.197814
34,17,0.182743
34,18,0.16595
34,19,0.149768
34,20,0.135667
34,21,0.12428
34,22,0.115679
34,23,0.10977
34,24,0.106308
34,25,0.105185
34,26,0.106308
34,27,0.109769
34,28,0.115679
34,29,0.12428
34,30,0.135667
34,31,0.149768
34,32,0.16595
34,33,0.182743
34,34,0.197814
34,35,0.207794
34,36,0.20941
34,37,0.200462
34,38,0.180425
34,39,0.151667
34,40,0.118728
34,41,0.0862169
34,42,0.0578721
34,43,0.0359788
34,44,0.0208098
34,45,0.0111554
34,46,0.00544999
34,47,0.0023724
34,48,0.000909092
34,49,0.000338882
35,0,0
35,1,0.000157174
35,2,0.000546914
35,3,0.00154143
35,4,0.00373671
35,5,0.00796328
35,6,0.0153048
35,7,0.0271445
35,8,0.0448823
35,9,0.06903
35,10,0.0984139
35,11,0.130308
35,12,0.160934
35,13,0.186166
35,14,0.202864
35,15,0.209768
35,16,0.207794
35,17,0.199331
35,18,0.186898
35,19,0.173274
35,20,0.160221
35,21,0.14887
35,22,0.139973
35,23,0.133487
35,24,0.129752
35,25,0.128396
35,26,0.129752
35,27,0.133487
35,28,0.139973
35,29,0.14887
35,30,0.160221
35,31,0.173274
35,32,0.186898
35,33,0.199331
35,34,0.207794
35,35,0.209768
35,36,0.202864
35,37,0.186166
35,38,0.160934
35,39,0.130309
35,40,0.0984139
35,41,0.06903
35,42,0.0448823
35,43,0.0271445
35,44,0.0153048
35,45,0.00796327
35,46,0.0037367
35,47,0.00154178
35,48,0.000550591
35,49,0.00018136
36,0,0
36,1,8.00124e-05
36,2,0.000301939
36,3,0.0009219
36,4,0.00239197
36,5,0.00537138
36,6,0.0107145
36,7,0.0195469
36,8,0.0332336
36,9,0.0527597
36,10,0.0778755
36,11,0.10701
36,12,0.137458
36,13,0.16552
36,14,0.187954
36,15,0.202864
36,16,0.20941
36,17,0.208864
36,18,0.203175
36,19,0.19423
36,20,0.184474
36,21,0.174899
36,22,0.166955
36,23,0.160874
36,24,0.15722
36,25,0.15594
36,26,0.15722
36,27,0.160874
36,28,0.166955
36,29,0.174899
36,30,0.184474
36,31,0.19423
36,32,0.203175
36,33,0.208864
36,34,0.20941
36,35,0.202864
36,36,0.187954
36,37,0.16552
36,38,0.137458
36,39,0.10701
36,40,0.0778755
36,41,0.0527597
36,42,0.0332336
36,43,0.0195469
36,44,0.0107145
36,45,0.00537137
36,46,0.00239193
36,47,0.0009218
36,48,0.000302265
36,49,8.58577e-05
37,0,0
37,1,3.54646e-05
37,2,0.00014759
37,3,0.000496973
37,4,0.0014061
37,5,0.00338591
37,6,0.00709793
37,7,0.0133828
37,8,0.0233917
37,9,0.0383387
37,10,0.0586306
37,11,0.0834939
37,12,0.111426
37,13,0.139878
37,14,0.16552
37,15,0.186166
37,16,0.200462
37,17,0.207905
37,18,0.209894
37,19,0.207558
37,20,0.202749
37,21,0.197046
37,22,0.191398
37,23,0.18703
37,24,0.184024
37,25,0.18316
37,26,0.184024
37,27,0.18703
37,28,0.191398
37,29,0.197046
37,30,0.202749
37,31,0.207558
37,32,0.209894
37,33,0.207905
37,34,0.200462
37,35,0.186166
37,36,0.16552
37,37,0.139878
37,38,0.111426
37,39,0.0834939
37,40,0.0586306
37,41,0.0383387
37,42,0.0233917
37,43,0.0133828
37,44,0.00709793
37,45,0.0033859
37,46,0.00140608
37,47,0.000496857
37,48,0.000147199
37,49,3.52562e-05
38,0,0
38,1,1.33988e-05
38,2,6.24176e-05
38,3,0.000235625
38,4,0.000741173
38,5,0.00195629
38,6,0.00440066
38,7,0.00868437
38,8,0.0156177
38,9,0.0263305
38,10,0.0417513
38,11,0.0617567
38,12,0.0854112
38,13,0.111426
38,14,0.137458
38,15,0.160934
38,16,0.180425
38,17,0.194715
38,18,0.203769
38,19,0.20852
38,20,0.209702
38,21,0.208951
38,22,0.207022
38,23,0.205119
38,24,0.203652
38,25,0.203171
38,26,0.203652
38,27,0.205119
38,28,0.207022
38,29,0.208951
38,30,0.209702
38,31,0.20852
38,32,0.203769
38,33,0.194715
38,34,0.180425
38,35,0.160934
38,36,0.137458
38,37,0.111426
38,38,0.0854113
38,39,0.0617567
38,40,0.0417513
38,41,0.0263305
38,42,0.0156177
38,43,0.00868437
38,44,0.00440066
38,45,0.00195629
38,46,0.000741165
38,47,0.000235569
38,48,6.21282e-05
38,49,1.2335e-05
39,0,0
39,1,4.24113e-06
39,2,2.23829e-05
39,3,9.59416e-05
39,4,0.000340935
39,5,0.00100724
39,6,0.00249451
39,7,0.0052816
39,8,0.00989757
39,9,0.0171051
39,10,0.0279279
39,11,0.0429525
39,12,0.0617567
39,13,0.0834939
39,14,0.10701
39,15,0.130308
39,16,0.151667
39,17,0.169971
39,18,0.184256
39,19,0.194702
39,20,0.201627
39,21,0.205757
39,22,0.208004
39,23,0.208938
39,24,0.209351
39,25,0.209365
39,26,0.20935
39,27,0.208938
39,28,0.208004
39,29,0.205757
39,30,0.201627
39,31,0.194702
39,32,0.184256
39,33,0.169971
39,34,0.151667
39,35,0.130308
39,36,0.10701
39,37,0.083494
39,38,0.0617567
39,39,0.0429525
39,40,0.0279279
39,41,0.0171051
39,42,0.00989757
39,43,0.0052816
39,44,0.00249451
39,45,0.00100724
39,46,0.000340933
39,47,9.59236e-05
39,48,2.22635e-05
39,49,3.62405e-06
40,0,0
40,1,1.11035e-06
40,2,6.70282e-06
40,3,3.29213e-05
40,4,0.00013364
40,5,0.00044879
40,6,0.00125113
40,7,0.00292643
40,8,0.00588067
40,9,0.010554
40,10,0.017627
40,11,0.0279279
40,12,0.0417513
40,13,0.0586306
40,14,0.0778755
40,15,0.0984139
40,16,0.118728
40,17,0.137684
40,18,0.154306
40,19,0.167988
40,20,0.178749
40,21,0.186634
40,22,0.192177
40,23,0.195691
40,24,0.197663
40,25,0.198266
40,26,0.197663
40,27,0.195691
40,28,0.192177
40,29,0.186634
40,30,0.178749
40,31,0.167988
40,32,0.154306
40,33,0.137684
40,34,0.118728
40,35,0.0984139
40,36,0.0778755
40,37,0.0586306
40,38,0.0417513
40,39,0.0279279
40,40,0.017627
40,41,0.010554
40,42,0.00588067
40,43,0.00292643
40,44,0.00125113
40,45,0.00044879
40,46,0.00013364
40,47,3.2917e-05
40,48,6.66786e-06
40,49,8.84172e-07
41,0,0
41,1,2.38107e-07
41,2,1.65808e-06
41,3,9.39549e-06
41,4,4.38858e-05
41,5,0.000169122
41,6,0.000538477
41,7,0.00142365
41,8,0.00316735
41,9,0.00609293
41,10,0.010554
41,11,0.0171051
41,12,0.0263305
41,13,0.0383387
41,14,0.0527597
41,15,0.06903
41,16,0.0862169
41,17,0.103261
41,18,0.119319
41,19,0.133595
41,20,0.14569
41,21,0.1554
41,22,0.162714
41,23,0.167795
41,24,0.17074
41,25,0.171728
41,26,0.17074
41,27,0.167795
41,28,0.162714
41,29,0.1554
41,30,0.14569
41,31,0.133595
41,32,0.119319
41,33,0.103261
41,34,0.0862169
41,35,0.06903
41,36,0.0527597
41,37,0.0383387
41,38,0.0263305
41,39,0.0171051
41,40,0.010554
41,41,0.00609293
41,42,0.00316735
41,43,0.00142365
41,44,0.000538477
41,45,0.000169122
41,46,4.38858e-05
41,47,9.39471e-06
41,48,1.65038e-06
41,49,1.77519e-07
42,0,0
42,1,4.14695e-08
42,2,3.36038e-07
42,3,2.21047e-06
42,4,1.19438e-05
42,5,5.31174e-05
42,6,0.00019469
42,7,0.000589646
42,8,0.00148605
42,9,0.00316735
42,10,0.00588067
42,11,0.00989757
42,12,0.0156177
42,13,0.0233917
42,14,0.0332336
42,15,0.0448823
42,16,0.0578721
42,17,0.071479
42,18,0.0849713
42,19,0.0976673
42,20,0.108975
42,21,0.118534
42,22,0.126067
42,23,0.13149
42,24,0.134736
42,25,0.135825
42,26,0.134736
42,27,0.13149
42,28,0.126067
42,29,0.118534
42,30,0.108975
42,31,0.0976673
42,32,0.0849713
42,33,0.071479
42,34,0.0578721
42,35,0.0448823
42,36,0.0332336
42,37,0.0233917
42,38,0.0156177
42,39,0.00989757
42,40,0.00588067
42,41,0.00316735
42,42,0.00148605
42,43,0.000589646
42,44,0.00019469
42,45,5.31174e-05
42,46,1.19438e-05
42,47,2.21036e-06
42,48,3.34732e-07
42,49,2.90849e-08
43,0,0
43,1,5.81263e-09
43,2,5.53785e-08
43,3,4.25854e-07
43,4,2.67549e-06
43,5,1.37879e-05
43,6,5.84249e-05
43,7,0.000204027
43,8,0.000589646
43,9,0.00142365
43,10,0.00292643
43,11,0.0052816
43,12,0.00868437
43,13,0.0133828
43,14,0.0195469
43,15,0.0271445
43,16,0.0359788
43,17,0.0456756
43,18,0.0557192
43,19,0.065584
43,20,0.0747421
43,21,0.0827595
43,22,0.0892968
43,23,0.0941097
43,24,0.0970552
43,25,0.0980418
43,26,0.0970552
43,27,0.0941097
43,28,0.0892968
43,29,0.0827595
43,30,0.0747421
43,31,0.065584
43,32,0.0557192
43,33,0.0456756
43,34,0.0359788
43,35,0.0271445
43,36,0.0195469
43,37,0.0133828
43,38,0.00868437
43,39,0.0052816
43,40,0.00292643
43,41,0.00142365
43,42,0.000589646
43,43,0.000204027
43,44,5.84249e-05
43,45,1.37879e-05
43,46,2.67549e-06
43,47,4.25842e-07
43,48,5.52079e-08
43,49,3.85245e-09
44,0,0
44,1,6.48171e-10
44,2,7.35797e-09
44,3,6.67464e-08
44,4,4.90675e-07
44,5,2.94289e-06
44,6,1.44628e-05
44,7,5.84249e-05
44,8,0.00019469
44,9,0.000538477
44,10,0.00125113
44,11,0.00249451
44,12,0.00440066
44,13,0.00709793
44,14,0.0107145
44,15,0.0153048
44,16,0.0208098
44,17,0.0270633
44,18,0.0337784
44,19,0.0405988
44,20,0.0471439
44,21,0.0530386
44,22,0.0579667
44,23,0.0616661
44,24,0.0639597
44,25,0.0647346
44,26,0.0639597
44,27,0.0616661
44,28,0.0579667
44,29,0.0530386
44,30,0.0471439
44,31,0.0405988
44,32,0.0337784
44,33,0.0270633
44,34,0.0208098
44,35,0.0153048
44,36,0.0107145
44,37,0.00709793
44,38,0.00440066
44,39,0.00249451
44,40,0.00125113
44,41,0.000538477
44,42,0.00019469
44,43,5.84249e-05
44,44,1.44628e-05
44,45,2.94289e-06
44,46,4.90675e-07
44,47,6.67455e-08
44,48,7.34091e-09
44,49,4.07637e-10
45,0,0
45,1,5.65847e-11
45,2,7.79378e-10
45,3,8.44401e-09
45,4,7.32623e-08
45,5,5.14371e-07
45,6,2.94289e-06
45,7,1.37879e-05
45,8,5.31174e-05
45,9,0.000169122
45,10,0.00044879
45,11,0.00100724
45,12,0.00195629
45,13,0.0033859
45,14,0.00537137
45,15,0.00796327
45,16,0.0111554
45,17,0.0148753
45,18,0.0189804
45,19,0.0232613
45,20,0.027473
45,21,0.0313547
45,22,0.0346613
45,23,0.0371834
45,24,0.0387618
45,25,0.0392994
45,26,0.0387618
45,27,0.0371834
45,28,0.0346613
45,29,0.0313547
45,30,0.027473
45,31,0.0232613
45,32,0.0189804
45,33,0.0148753
45,34,0.0111554
45,35,0.00796327
45,36,0.00537137
45,37,0.0033859
45,38,0.00195629
45,39,0.00100724
45,40,0.00044879
45,41,0.000169122
45,42,5.31174e-05
45,43,1.37879e-05
45,44,2.94289e-06
45,45,5.14371e-07
45,46,7.32623e-08
45,47,8.44395e-09
45,48,7.78095e-10
45,49,3.38929e-11
46,0,0
46,1,3.77703e-12
46,2,6.47704e-11
46,3,8.52873e-10
46,4,8.83995e-09
46,5,7.32622e-08
46,6,4.90675e-07
46,7,2.67549e-06
46,8,1.19438e-05
46,9,4.38858e-05
46,10,0.00013364
46,11,0.000340933
46,12,0.000741165
46,13,0.00140608
46,14,0.00239193
46,15,0.0037367
46,16,0.00544999
46,17,0.00750208
46,18,0.00982216
46,19,0.0122974
46,20,0.0147826
46,21,0.017116
46,22,0.0191344
46,23,0.0206931
46,24,0.0216767
46,25,0.0220131
46,26,0.0216767
46,27,0.0206931
46,28,0.0191344
46,29,0.017116
46,30,0.0147826
46,31,0.0122974
46,32,0.00982216
46,33,0.00750208
46,34,0.00544999
46,35,0.0037367
46,36,0.00239193
46,37,0.00140608
46,38,0.000741165
46,39,0.000340933
46,40,0.00013364
46,41,4.38858e-05
46,42,1.19438e-05
46,43,2.67549e-06
46,44,4.90675e-07
46,45,7.32623e-08
46,46,8.83995e-09
46,47,8.52871e-10
46,48,6.47003e-11
46,49,2.1618e-12
47,0,0
47,1,1.85882e-13
47,2,4.12471e-12
47,3,6.76976e-11
47,4,8.52871e-10
47,5,8.44395e-09
47,6,6.67455e-08
47,7,4.25842e-07
47,8,2.21036e-06
47,9,9.39471e-06
47,10,3.2917e-05
47,11,9.59236e-05
47,12,0.000235569
47,13,0.000496857
47,14,0.000921799
47,15,0.00154178
47,16,0.0023724
47,17,0.00340709
47,18,0.00461394
47,19,0.00593573
47,20,0.00729266
47,21,0.00859065
47,22,0.0097309
47,23,0.0106216
47,24,0.0111883
47,25,0.0113828
47,26,0.0111883
47,27,0.0106216
47,28,0.0097309
47,29,0.00859065
47,30,0.00729266
47,31,0.00593573
47,32,0.00461394
47,33,0.00340709
47,34,0.0023724
47,35,0.00154178
47,36,0.0009218
47,37,0.000496857
47,38,0.000235569
47,39,9.59236e-05
47,40,3.2917e-05
47,41,9.3947e-06
47,42,2.21036e-06
47,43,4.25842e-07
47,44,6.67455e-08
47,45,8.44395e-09
47,46,8.52871e-10
47,47,6.76976e-11
47,48,4.12207e-12
47,49,1.01959e-13
48,0,0
48,1,6.34894e-15
48,2,1.94011e-13
48,3,4.12207e-12
48,4,6.47003e-11
48,5,7.78095e-10
48,6,7.34091e-09
48,7,5.52079e-08
48,8,3.34732e-07
48,9,1.65038e-06
48,10,6.66786e-06
48,11,2.22635e-05
48,12,6.21282e-05
48,13,0.000147199
48,14,0.000302265
48,15,0.000550591
48,16,0.000909092
48,17,0.00138369
48,18,0.00196536
48,19,0.00262874
48,20,0.00333282
48,21,0.00402458
48,22,0.00464527
48,23,0.00513774
48,24,0.0054544
48,25,0.00556361
48,26,0.0054544
48,27,0.00513774
48,28,0.00464527
48,29,0.00402458
48,30,0.00333282
48,31,0.00262874
48,32,0.00196536
48,33,0.00138369
48,34,0.000909092
48,35,0.000550591
48,36,0.000302265
48,37,0.000147199
48,38,6.21282e-05
48,39,2.22635e-05
48,40,6.66786e-06
48,41,1.65037e-06
48,42,3.34732e-07
48,43,5.52079e-08
48,44,7.34091e-09
48,45,7.78095e-10
48,46,6.47003e-11
48,47,4.12207e-12
48,48,1.9395e-13
48,49,3.3461e-15
49,0,0
49,1,6.8187e-17
49,2,3.34641e-15
49,3,1.01959e-13
49,4,2.1618e-12
49,5,3.38929e-11
49,6,4.07637e-10
49,7,3.85245e-09
49,8,2.90849e-08
49,9,1.77519e-07
49,10,8.84172e-07
49,11,3.62405e-06
49,12,1.2335e-05
49,13,3.52562e-05
49,14,8.58577e-05
49,15,0.00018136
49,16,0.000338882
49,17,0.000570641
49,18,0.000879402
49,19,0.00125529
49,20,0.00167505
49,21,0.00210396
49,22,0.00250028
49,23,0.00282145
49,24,0.00303076
49,25,0.00310345
49,26,0.00303076
49,27,0.00282145
49,28,0.00250028
49,29,0.00210396
49,30,0.00167505
49,31,0.00125529
49,32,0.000879402
49,33,0.000570641
49,34,0.000338882
49,35,0.00018136
49,36,8.58577e-05
49,37,3.52562e-05
49,38,1.2335e-05
49,39,3.62405e-06
49,40,8.84172e-07
49,41,1.77519e-07
49,42,2.90849e-08
49,43,3.85245e-09
49,44,4.07637e-10
49,45,3.38929e-11
49,46,2.1618e-12
49,47,1.01959e-13
49,48,3.3461e-15
49,49,0
