0,0,0
0,1,0
0,2,0
0,3,0
0,4,0
0,5,0
0,6,0
0,7,0
0,8,0
0,9,0
0,10,0
0,11,0
0,12,0
0,13,0
0,14,0
0,15,0
0,16,0
0,17,0
0,18,0
0,19,0
0,20,0
0,21,0
0,22,0
0,23,0
0,24,0
0,25,0
0,26,0
0,27,0
0,28,0
0,29,0
0,30,0
0,31,0
0,32,0
0,33,0
0,34,0
0,35,0
0,36,0
0,37,0
0,38,0
0,39,0
0,40,0
0,41,0
0,42,0
0,43,0
0,44,0
0,45,0
0,46,0
0,47,0
0,48,0
0,49,0
0,50,0
0,51,0
0,52,0
0,53,0
0,54,0
0,55,0
0,56,0
0,57,0
0,58,0
0,59,0
0,60,0
0,61,0
0,62,0
0,63,0
0,64,0
0,65,0
0,66,0
0,67,0
0,68,0
0,69,0
0,70,0
0,71,0
0,72,0
0,73,0
0,74,0
0,75,0
0,76,0
0,77,0
0,78,0
0,79,0
0,80,0
0,81,0
0,82,0
0,83,0
0,84,0
0,85,0
0,86,0
0,87,0
0,88,0
0,89,0
0,90,0
0,91,0
0,92,0
0,93,0
0,94,0
0,95,0
0,96,0
0,97,0
0,98,0
0,99,0
1,0,0
1,1,5.37262e-14
1,2,1.19512e-12
1,3,1.96907e-11
1,4,2.49433e-10
1,5,2.488e-09
1,6,1.98597e-08
1,7,1.28306e-07
1,8,6.76572e-07
1,9,2.93213e-06
1,10,1.05167e-05
1,11,3.14902e-05
1,12,7.96765e-05
1,13,0.000173233
1,14,0.000330489
1,15,0.000565604
1,16,0.000885433
1,17,0.00128711
1,18,0.00175708
1,19,0.00227178
1,20,0.0027993
1,21,0.00330273
1,22,0.00374397
1,23,0.00408797
1,24,0.00430657
1,25,0.00438152
1,26,0.00430657
1,27,0.00408797
1,28,0.00374397
1,29,0.00330273
1,30,0.0027993
1,31,0.00227178
1,32,0.00175708
1,33,0.00128711
1,34,0.000885433
1,35,0.000565604
1,36,0.000330489
1,37,0.000173233
1,38,7.96765e-05
1,39,3.14902e-05
1,40,1.05167e-05
1,41,2.93213e-06
1,42,6.76572e-07
1,43,1.28306e-07
1,44,1.98597e-08
1,45,2.488e-09
1,46,2.49433e-10
1,47,1.96907e-11
1,48,1.19512e-12
1,49,5.37591e-14
1,50,1.68662e-15
1,51,3.2923e-17
1,52,3.00879e-19
1,53,0
1,54,0
1,55,0
1,56,0
1,57,0
1,58,0
1,59,0
1,60,0
1,61,0
1,62,0
1,63,0
1,64,0
1,65,0
1,66,0
1,67,0
1,68,0
1,69,0
1,70,0
1,71,0
1,72,0
1,73,0
1,74,0
1,75,0
1,76,0
1,77,0
1,78,0
1,79,0
1,80,0
1,81,0
1,82,0
1,83,0
1,84,0
1,85,0
1,86,0
1,87,0
1,88,0
1,89,0
1,90,0
1,91,0
1,92,0
1,93,0
1,94,0
1,95,0
1,96,0
1,97,0
1,98,0
1,99,0
2,0,0
2,1,1.19512e-12
2,2,2.059e-11
2,3,2.7292e-10
2,4,2.85427e-09
2,5,2.39359e-08
2,6,1.62769e-07
2,7,9.04827e-07
2,8,4.13796e-06
2,9,1.56614e-05
2,10,4.94107e-05
2,11,0.00013128
2,12,0.000298156
2,13,0.000590528
2,14,0.00104362
2,15,0.0016814
2,16,0.0025113
2,17,0.00351973
2,18,0.00467102
2,19,0.00590836
2,20,0.00715817
2,21,0.0083375
2,22,0.00936213
2,23,0.0101559
2,24,0.0106582
2,25,0.0108301
2,26,0.0106582
2,27,0.0101559
2,28,0.00936213
2,29,0.0083375
2,30,0.00715817
2,31,0.00590836
2,32,0.00467102
2,33,0.00351973
2,34,0.0025113
2,35,0.0016814
2,36,0.00104362
2,37,0.000590528
2,38,0.000298156
2,39,0.00013128
2,40,4.94107e-05
2,41,1.56614e-05
2,42,4.13796e-06
2,43,9.04827e-07
2,44,1.62769e-07
2,45,2.39359e-08
2,46,2.85427e-09
2,47,2.7292e-10
2,48,2.059e-11
2,49,1.19668e-12
2,50,5.1643e-14
2,51,1.55723e-15
2,52,2.92649e-17
2,53,2.57897e-19
2,54,0
2,55,0
2,56,0
2,57,0
2,58,0
2,59,0
2,60,0
2,61,0
2,62,0
2,63,0
2,64,0
2,65,0
2,66,0
2,67,0
2,68,0
2,69,0
2,70,0
2,71,0
2,72,0
2,73,0
2,74,0
2,75,0
2,76,0
2,77,0
2,78,0
2,79,0
2,80,0
2,81,0
2,82,0
2,83,0
2,84,0
2,85,0
2,86,0
2,87,0
2,88,0
2,89,0
2,90,0
2,91,0
2,92,0
2,93,0
2,94,0
2,95,0
2,96,0
2,97,0
2,98,0
2,99,0
3,0,0
3,1,1.96907e-11
3,2,2.7292e-10
3,3,2.98226e-09
3,4,2.61678e-08
3,5,1.86416e-07
3,6,1.0865e-06
3,7,5.21043e-06
3,8,2.06609e-05
3,9,6.81263e-05
3,10,0.000188345
3,11,0.000442286
3,12,0.000899179
3,13,0.00162121
3,14,0.00265635
3,15,0.00403313
3,16,0.00575022
3,17,0.00777042
3,18,0.0100192
3,19,0.0123861
3,20,0.0147363
3,21,0.0169224
3,22,0.0188001
3,23,0.0202421
3,24,0.0211491
3,25,0.0214587
3,26,0.0211491
3,27,0.0202421
3,28,0.0188001
3,29,0.0169224
3,30,0.0147363
3,31,0.0123861
3,32,0.0100192
3,33,0.00777042
3,34,0.00575022
3,35,0.00403313
3,36,0.00265635
3,37,0.00162121
3,38,0.000899179
3,39,0.000442286
3,40,0.000188345
3,41,6.81264e-05
3,42,2.06609e-05
3,43,5.21043e-06
3,44,1.0865e-06
3,45,1.86416e-07
3,46,2.61678e-08
3,47,2.98226e-09
3,48,2.72922e-10
3,49,1.97364e-11
3,50,1.1012e-12
3,51,4.56912e-14
3,52,1.32661e-15
3,53,2.4039e-17
3,54,2.04539e-19
3,55,0
3,56,0
3,57,0
3,58,0
3,59,0
3,60,0
3,61,0
3,62,0
3,63,0
3,64,0
3,65,0
3,66,0
3,67,0
3,68,0
3,69,0
3,70,0
3,71,0
3,72,0
3,73,0
3,74,0
3,75,0
3,76,0
3,77,0
3,78,0
3,79,0
3,80,0
3,81,0
3,82,0
3,83,0
3,84,0
3,85,0
3,86,0
3,87,0
3,88,0
3,89,0
3,90,0
3,91,0
3,92,0
3,93,0
3,94,0
3,95,0
3,96,0
3,97,0
3,98,0
3,99,0
4,0,0
4,1,2.49433e-10
4,2,2.85427e-09
4,3,2.61678e-08
4,4,1.95023e-07
4,5,1.1903e-06
4,6,5.98007e-06
4,7,2.48294e-05
4,8,8.55603e-05
4,9,0.00024624
4,10,0.000598244
4,11,0.00124861
4,12,0.00229437
4,13,0.00381548
4,14,0.00587657
4,15,0.00850843
4,16,0.0116874
4,17,0.0153308
4,18,0.0192917
4,19,0.0233725
4,20,0.0273474
4,21,0.0309819
4,22,0.0340602
4,23,0.0363976
4,24,0.0378572
4,25,0.038353
4,26,0.0378572
4,27,0.0363976
4,28,0.0340602
4,29,0.0309819
4,30,0.0273474
4,31,0.0233725
4,32,0.0192917
4,33,0.0153308
4,34,0.0116874
4,35,0.00850843
4,36,0.00587657
4,37,0.00381548
4,38,0.00229437
4,39,0.00124861
4,40,0.000598244
4,41,0.00024624
4,42,8.55603e-05
4,43,2.48294e-05
4,44,5.98007e-06
4,45,1.1903e-06
4,46,1.95023e-07
4,47,2.61678e-08
4,48,2.85431e-09
4,49,2.50365e-10
4,50,1.73795e-11
4,51,9.32217e-13
4,52,3.72395e-14
4,53,1.04243e-15
4,54,1.82365e-17
4,55,1.49995e-19
4,56,0
4,57,0
4,58,0
4,59,0
4,60,0
4,61,0
4,62,0
4,63,0
4,64,0
4,65,0
4,66,0
4,67,0
4,68,0
4,69,0
4,70,0
4,71,0
4,72,0
4,73,0
4,74,0
4,75,0
4,76,0
4,77,0
4,78,0
4,79,0
4,80,0
4,81,0
4,82,0
4,83,0
4,84,0
4,85,0
4,86,0
4,87,0
4,88,0
4,89,0
4,90,0
4,91,0
4,92,0
4,93,0
4,94,0
4,95,0
4,96,0
4,97,0
4,98,0
4,99,0
5,0,0
5,1,2.488e-09
5,2,2.39359e-08
5,3,1.86416e-07
5,4,1.1903e-06
5,5,6.26071e-06
5,6,2.72139e-05
5,7,9.80541e-05
5,8,0.000294168
5,9,0.000741025
5,10,0.00159166
5,11,0.00298651
5,12,0.00504582
5,13,0.00789058
5,14,0.0116172
5,15,0.0162398
5,16,0.0216775
5,17,0.0277477
5,18,0.0341715
5,19,0.0406232
5,20,0.0467561
5,21,0.0522442
5,22,0.0568082
5,23,0.0602236
5,24,0.0623362
5,25,0.0630495
5,26,0.0623362
5,27,0.0602236
5,28,0.0568082
5,29,0.0522442
5,30,0.0467561
5,31,0.0406232
5,32,0.0341715
5,33,0.0277477
5,34,0.0216775
5,35,0.0162398
5,36,0.0116172
5,37,0.00789058
5,38,0.00504582
5,39,0.00298651
5,40,0.00159166
5,41,0.000741025
5,42,0.000294168
5,43,9.80541e-05
5,44,2.72139e-05
5,45,6.26071e-06
5,46,1.1903e-06
5,47,1.86416e-07
5,48,2.39367e-08
5,49,2.50205e-09
5,50,2.10625e-10
5,51,1.40529e-11
5,52,7.25574e-13
5,53,2.794e-14
5,54,7.5496e-16
5,55,1.27656e-17
5,56,1.0161e-19
5,57,0
5,58,0
5,59,0
5,60,0
5,61,0
5,62,0
5,63,0
5,64,0
5,65,0
5,66,0
5,67,0
5,68,0
5,69,0
5,70,0
5,71,0
5,72,0
5,73,0
5,74,0
5,75,0
5,76,0
5,77,0
5,78,0
5,79,0
5,80,0
5,81,0
5,82,0
5,83,0
5,84,0
5,85,0
5,86,0
5,87,0
5,88,0
5,89,0
5,90,0
5,91,0
5,92,0
5,93,0
5,94,0
5,95,0
5,96,0
5,97,0
5,98,0
5,99,0
6,0,0
6,1,1.98597e-08
6,2,1.62769e-07
6,3,1.0865e-06
6,4,5.98007e-06
6,5,2.72139e-05
6,6,0.000102605
6,7,0.000321445
6,8,0.000841997
6,9,0.00186811
6,10,0.00359223
6,11,0.00618311
6,12,0.00983911
6,13,0.0147678
6,14,0.0210572
6,15,0.0286296
6,16,0.037262
6,17,0.0465689
6,18,0.0560845
6,19,0.0653304
6,20,0.0738452
6,21,0.0812613
6,22,0.0872801
6,23,0.0917057
6,24,0.0944051
6,25,0.0953131
6,26,0.0944051
6,27,0.0917057
6,28,0.08728
6,29,0.0812613
6,30,0.0738452
6,31,0.0653304
6,32,0.0560845
6,33,0.0465689
6,34,0.037262
6,35,0.0286296
6,36,0.0210572
6,37,0.0147678
6,38,0.00983911
6,39,0.00618311
6,40,0.00359223
6,41,0.00186811
6,42,0.000841997
6,43,0.000321445
6,44,0.000102605
6,45,2.72139e-05
6,46,5.98007e-06
6,47,1.0865e-06
6,48,1.62779e-07
6,49,2.00221e-08
6,50,2.00778e-09
6,51,1.62393e-10
6,52,1.04261e-11
6,53,5.1877e-13
6,54,1.92784e-14
6,55,5.03389e-16
6,56,8.23584e-18
6,57,6.3506e-20
6,58,0
6,59,0
6,60,0
6,61,0
6,62,0
6,63,0
6,64,0
6,65,0
6,66,0
6,67,0
6,68,0
6,69,0
6,70,0
6,71,0
6,72,0
6,73,0
6,74,0
6,75,0
6,76,0
6,77,0
6,78,0
6,79,0
6,80,0
6,81,0
6,82,0
6,83,0
6,84,0
6,85,0
6,86,0
6,87,0
6,88,0
6,89,0
6,90,0
6,91,0
6,92,0
6,93,0
6,94,0
6,95,0
6,96,0
6,97,0
6,98,0
6,99,0
7,0,0
7,1,1.28306e-07
7,2,9.04827e-07
7,3,5.21043e-06
7,4,2.48294e-05
7,5,9.80541e-05
7,6,0.000321445
7,7,0.000878524
7,8,0.00202279
7,9,0.00400693
7,10,0.00705733
7,11,0.0114644
7,12,0.0175927
7,13,0.0256526
7,14,0.0355603
7,15,0.047029
7,16,0.0595495
7,17,0.0724517
7,18,0.0850964
7,19,0.0968672
7,20,0.107296
7,21,0.116064
7,22,0.122961
7,23,0.127918
7,24,0.130883
7,25,0.131878
7,26,0.130883
7,27,0.127918
7,28,0.122961
7,29,0.116064
7,30,0.107296
7,31,0.0968672
7,32,0.0850964
7,33,0.0724517
7,34,0.0595495
7,35,0.047029
7,36,0.0355603
7,37,0.0256526
7,38,0.0175927
7,39,0.0114644
7,40,0.00705733
7,41,0.00400693
7,42,0.00202279
7,43,0.000878524
7,44,0.000321445
7,45,9.80541e-05
7,46,2.48294e-05
7,47,5.21044e-06
7,48,9.04941e-07
7,49,1.2978e-07
7,50,1.5304e-08
7,51,1.47366e-09
7,52,1.14637e-10
7,53,7.0897e-12
7,54,3.40309e-13
7,55,1.22172e-14
7,56,3.08591e-16
7,57,4.89003e-18
7,58,3.65641e-20
7,59,0
7,60,0
7,61,0
7,62,0
7,63,0
7,64,0
7,65,0
7,66,0
7,67,0
7,68,0
7,69,0
7,70,0
7,71,0
7,72,0
7,73,0
7,74,0
7,75,0
7,76,0
7,77,0
7,78,0
7,79,0
7,80,0
7,81,0
7,82,0
7,83,0
7,84,0
7,85,0
7,86,0
7,87,0
7,88,0
7,89,0
7,90,0
7,91,0
7,92,0
7,93,0
7,94,0
7,95,0
7,96,0
7,97,0
7,98,0
7,99,0
8,0,0
8,1,6.76572e-07
8,2,4.13796e-06
8,3,2.06609e-05
8,4,8.55603e-05
8,5,0.000294168
8,6,0.000841997
8,7,0.00202279
8,8,0.00415442
8,9,0.00753197
8,10,0.0125412
8,11,0.0197286
8,12,0.0294843
8,13,0.0417193
8,14,0.0560368
8,15,0.0718102
8,16,0.0881074
8,17,0.10405
8,18,0.118867
8,19,0.131931
8,20,0.142953
8,21,0.151754
8,22,0.158407
8,23,0.163002
8,24,0.165693
8,25,0.166575
8,26,0.165693
8,27,0.163002
8,28,0.158407
8,29,0.151754
8,30,0.142953
8,31,0.131931
8,32,0.118867
8,33,0.10405
8,34,0.0881074
8,35,0.0718102
8,36,0.0560368
8,37,0.0417193
8,38,0.0294843
8,39,0.0197286
8,40,0.0125412
8,41,0.00753197
8,42,0.00415442
8,43,0.00202279
8,44,0.000841997
8,45,0.000294168
8,46,8.55603e-05
8,47,2.0661e-05
8,48,4.13895e-06
8,49,6.8725e-07
8,50,9.4388e-08
8,51,1.06781e-08
8,52,9.88137e-10
8,53,7.39954e-11
8,54,4.4122e-12
8,55,2.04504e-13
8,56,7.09926e-15
8,57,1.73626e-16
8,58,2.66729e-18
8,59,1.93574e-20
8,60,0
8,61,0
8,62,0
8,63,0
8,64,0
8,65,0
8,66,0
8,67,0
8,68,0
8,69,0
8,70,0
8,71,0
8,72,0
8,73,0
8,74,0
8,75,0
8,76,0
8,77,0
8,78,0
8,79,0
8,80,0
8,81,0
8,82,0
8,83,0
8,84,0
8,85,0
8,86,0
8,87,0
8,88,0
8,89,0
8,90,0
8,91,0
8,92,0
8,93,0
8,94,0
8,95,0
8,96,0
8,97,0
8,98,0
8,99,0
9,0,0
9,1,2.93213e-06
9,2,1.56614e-05
9,3,6.81264e-05
9,4,0.00024624
9,5,0.000741025
9,6,0.00186811
9,7,0.00400693
9,8,0.00753197
9,9,0.0129179
9,10,0.0208802
9,11,0.0320381
9,12,0.0463498
9,13,0.0632686
9,14,0.0820644
9,15,0.101549
9,16,0.120446
9,17,0.137817
9,18,0.152808
9,19,0.16511
9,20,0.174697
9,21,0.181745
9,22,0.186699
9,23,0.189847
9,24,0.191631
9,25,0.192163
9,26,0.191631
9,27,0.189847
9,28,0.186699
9,29,0.181745
9,30,0.174697
9,31,0.16511
9,32,0.152808
9,33,0.137817
9,34,0.120446
9,35,0.101549
9,36,0.0820645
9,37,0.0632686
9,38,0.0463498
9,39,0.0320381
9,40,0.0208802
9,41,0.0129179
9,42,0.00753197
9,43,0.00400693
9,44,0.00186811
9,45,0.000741025
9,46,0.00024624
9,47,6.8127e-05
9,48,1.56682e-05
9,49,2.99467e-06
9,50,4.75373e-07
9,51,6.25428e-08
9,52,6.79129e-09
9,53,6.04351e-10
9,54,4.35971e-11
9,55,2.50844e-12
9,56,1.12361e-13
9,57,3.77496e-15
9,58,8.94701e-17
9,59,1.33364e-18
9,60,9.40218e-21
9,61,0
9,62,0
9,63,0
9,64,0
9,65,0
9,66,0
9,67,0
9,68,0
9,69,0
9,70,0
9,71,0
9,72,0
9,73,0
9,74,0
9,75,0
9,76,0
9,77,0
9,78,0
9,79,0
9,80,0
9,81,0
9,82,0
9,83,0
9,84,0
9,85,0
9,86,0
9,87,0
9,88,0
9,89,0
9,90,0
9,91,0
9,92,0
9,93,0
9,94,0
9,95,0
9,96,0
9,97,0
9,98,0
9,99,0
10,0,0
10,1,1.05167e-05
10,2,4.94107e-05
10,3,0.000188345
10,4,0.000598244
10,5,0.00159166
10,6,0.00359223
10,7,0.00705733
10,8,0.0125412
10,9,0.0208802
10,10,0.0329361
10,11,0.0488367
10,12,0.0679218
10,13,0.0893389
10,14,0.111717
10,15,0.133221
10,16,0.152583
10,17,0.168773
10,18,0.181251
10,19,0.190301
10,20,0.196187
10,21,0.199762
10,22,0.201615
10,23,0.202463
10,24,0.202763
10,25,0.202825
10,26,0.202762
10,27,0.202463
10,28,0.201615
10,29,0.199763
10,30,0.196187
10,31,0.190301
10,32,0.181251
10,33,0.168773
10,34,0.152584
10,35,0.133221
10,36,0.111717
10,37,0.0893389
10,38,0.0679218
10,39,0.0488367
10,40,0.0329361
10,41,0.0208802
10,42,0.0125412
10,43,0.00705733
10,44,0.00359223
10,45,0.00159166
10,46,0.000598245
10,47,0.000188349
10,48,4.94484e-05
10,49,1.08158e-05
10,50,1.97095e-06
10,51,2.99036e-07
10,52,3.76924e-08
10,53,3.92982e-09
10,54,3.36463e-10
10,55,2.33963e-11
10,56,1.29983e-12
10,57,5.63092e-14
10,58,1.8323e-15
10,59,4.21185e-17
10,60,6.09666e-19
10,61,4.17875e-21
10,62,0
10,63,0
10,64,0
10,65,0
10,66,0
10,67,0
10,68,0
10,69,0
10,70,0
10,71,0
10,72,0
10,73,0
10,74,0
10,75,0
10,76,0
10,77,0
10,78,0
10,79,0
10,80,0
10,81,0
10,82,0
10,83,0
10,84,0
10,85,0
10,86,0
10,87,0
10,88,0
10,89,0
10,90,0
10,91,0
10,92,0
10,93,0
10,94,0
10,95,0
10,96,0
10,97,0
10,98,0
10,99,0
11,0,0
11,1,3.14902e-05
11,2,0.00013128
11,3,0.000442286
11,4,0.0012486
11,5,0.00298651
11,6,0.00618311
11,7,0.0114644
11,8,0.0197286
11,9,0.0320381
11,10,0.0488367
11,11,0.0695228
11,12,0.093083
11,13,0.118013
11,14,0.141903
11,15,0.162848
11,16,0.179699
11,17,0.191569
11,18,0.19894
11,19,0.202448
11,20,0.20308
11,21,0.202101
11,22,0.200201
11,23,0.198454
11,24,0.197065
11,25,0.196679
11,26,0.197065
11,27,0.198454
11,28,0.200201
11,29,0.202101
11,30,0.20308
11,31,0.202448
11,32,0.19894
11,33,0.191569
11,34,0.179699
11,35,0.162848
11,36,0.141903
11,37,0.118013
11,38,0.093083
11,39,0.0695228
11,40,0.0488367
11,41,0.0320381
11,42,0.0197286
11,43,0.0114644
11,44,0.00618311
11,45,0.00298651
11,46,0.00124861
11,47,0.000442306
11,48,0.000131451
11,49,3.26681e-05
11,50,6.78542e-06
11,51,1.17788e-06
11,52,1.70739e-07
11,53,2.06165e-08
11,54,2.06416e-09
11,55,1.7009e-10
11,56,1.14059e-11
11,57,6.12212e-13
11,58,2.56654e-14
11,59,8.09433e-16
11,60,1.80584e-17
11,61,2.54028e-19
11,62,1.69409e-21
11,63,0
11,64,0
11,65,0
11,66,0
11,67,0
11,68,0
11,69,0
11,70,0
11,71,0
11,72,0
11,73,0
11,74,0
11,75,0
11,76,0
11,77,0
11,78,0
11,79,0
11,80,0
11,81,0
11,82,0
11,83,0
11,84,0
11,85,0
11,86,0
11,87,0
11,88,0
11,89,0
11,90,0
11,91,0
11,92,0
11,93,0
11,94,0
11,95,0
11,96,0
11,97,0
11,98,0
11,99,0
12,0,0
12,1,7.96765e-05
12,2,0.000298156
12,3,0.000899179
12,4,0.00229437
12,5,0.00504582
12,6,0.00983911
12,7,0.0175927
12,8,0.0294843
12,9,0.0463498
12,10,0.0679218
12,11,0.093083
12,12,0.120142
12,13,0.146296
12,14,0.16878
12,15,0.186135
12,16,0.19726
12,17,0.202445
12,18,0.203009
12,19,0.199961
12,20,0.195216
12,21,0.189684
12,22,0.184596
12,23,0.180517
12,24,0.177904
12,25,0.177034
12,26,0.177904
12,27,0.180517
12,28,0.184596
12,29,0.189684
12,30,0.195216
12,31,0.199961
12,32,0.203009
12,33,0.202445
12,34,0.19726
12,35,0.186135
12,36,0.168781
12,37,0.146296
12,38,0.120142
12,39,0.093083
12,40,0.0679218
12,41,0.0463498
12,42,0.0294843
12,43,0.0175927
12,44,0.00983911
12,45,0.00504582
12,46,0.00229438
12,47,0.000899267
12,48,0.000298793
12,49,8.35373e-05
12,50,1.96054e-05
12,51,3.86079e-06
12,52,6.37758e-07
12,53,8.82673e-08
12,54,1.02071e-08
12,55,9.81349e-10
12,56,7.78383e-11
12,57,5.03517e-12
12,58,2.61215e-13
12,59,1.06028e-14
12,60,3.24281e-16
12,61,7.02623e-18
12,62,9.61185e-20
12,63,6.24137e-22
12,64,0
12,65,0
12,66,0
12,67,0
12,68,0
12,69,0
12,70,0
12,71,0
12,72,0
12,73,0
12,74,0
12,75,0
12,76,0
12,77,0
12,78,0
12,79,0
12,80,0
12,81,0
12,82,0
12,83,0
12,84,0
12,85,0
12,86,0
12,87,0
12,88,0
12,89,0
12,90,0
12,91,0
12,92,0
12,93,0
12,94,0
12,95,0
12,96,0
12,97,0
12,98,0
12,99,0
13,0,0
13,1,0.000173233
13,2,0.000590528
13,3,0.00162121
13,4,0.00381548
13,5,0.00789058
13,6,0.0147678
13,7,0.0256526
13,8,0.0417193
13,9,0.0632686
13,10,0.0893389
13,11,0.118013
13,12,0.146296
13,13,0.170705
13,14,0.188986
13,15,0.199872
13,16,0.203258
13,17,0.200912
13,18,0.194327
13,19,0.185561
13,20,0.176361
13,21,0.167587
13,22,0.160476
13,23,0.154955
13,24,0.151792
13,25,0.150553
13,26,0.151792
13,27,0.154955
13,28,0.160476
13,29,0.167587
13,30,0.176361
13,31,0.185561
13,32,0.194327
13,33,0.200912
13,34,0.203258
13,35,0.199872
13,36,0.188986
13,37,0.170705
13,38,0.146296
13,39,0.118013
13,40,0.0893389
13,41,0.0632686
13,42,0.0417193
13,43,0.0256526
13,44,0.0147678
13,45,0.00789058
13,46,0.00381552
13,47,0.00162152
13,48,0.000592515
13,49,0.000183895
13,50,4.82172e-05
13,51,1.06617e-05
13,52,1.98714e-06
13,53,3.11979e-07
13,54,4.11924e-08
13,55,4.55945e-09
13,56,4.20828e-10
13,57,3.21279e-11
13,58,2.00504e-12
13,59,1.00562e-13
13,60,3.95363e-15
13,61,1.17321e-16
13,62,2.47015e-18
13,63,3.28827e-20
13,64,2.08046e-22
13,65,0
13,66,0
13,67,0
13,68,0
13,69,0
13,70,0
13,71,0
13,72,0
13,73,0
13,74,0
13,75,0
13,76,0
13,77,0
13,78,0
13,79,0
13,80,0
13,81,0
13,82,0
13,83,0
13,84,0
13,85,0
13,86,0
13,87,0
13,88,0
13,89,0
13,90,0
13,91,0
13,92,0
13,93,0
13,94,0
13,95,0
13,96,0
13,97,0
13,98,0
13,99,0
14,0,0
14,1,0.000330489
14,2,0.00104362
14,3,0.00265635
14,4,0.00587657
14,5,0.0116172
14,6,0.0210572
14,7,0.0355603
14,8,0.0560368
14,9,0.0820644
14,10,0.111717
14,11,0.141903
14,12,0.168781
14,13,0.188986
14,14,0.200599
14,15,0.203261
14,16,0.198647
14,17,0.189049
14,18,0.176695
14,19,0.164028
14,20,0.152078
14,21,0.142029
14,22,0.134068
14,23,0.128415
14,24,0.125074
14,25,0.123929
14,26,0.125074
14,27,0.128416
14,28,0.134068
14,29,0.142029
14,30,0.152078
14,31,0.164028
14,32,0.176695
14,33,0.189049
14,34,0.198647
14,35,0.203261
14,36,0.200599
14,37,0.188986
14,38,0.168781
14,39,0.141903
14,40,0.111717
14,41,0.0820644
14,42,0.0560368
14,43,0.0355603
14,44,0.0210572
14,45,0.0116172
14,46,0.00587671
14,47,0.00265727
14,48,0.00104886
14,49,0.000355686
14,50,0.000102757
14,51,2.51977e-05
14,52,5.23765e-06
14,53,9.22244e-07
14,54,1.37415e-07
14,55,1.729e-08
14,56,1.83035e-09
14,57,1.62094e-10
14,58,1.19075e-11
14,59,7.16869e-13
14,60,3.47624e-14
14,61,1.32408e-15
14,62,3.81355e-17
14,63,7.80606e-19
14,64,1.01177e-20
14,65,6.24137e-23
14,66,0
14,67,0
14,68,0
14,69,0
14,70,0
14,71,0
14,72,0
14,73,0
14,74,0
14,75,0
14,76,0
14,77,0
14,78,0
14,79,0
14,80,0
14,81,0
14,82,0
14,83,0
14,84,0
14,85,0
14,86,0
14,87,0
14,88,0
14,89,0
14,90,0
14,91,0
14,92,0
14,93,0
14,94,0
14,95,0
14,96,0
14,97,0
14,98,0
14,99,0
15,0,0
15,1,0.000565604
15,2,0.0016814
15,3,0.00403313
15,4,0.00850843
15,5,0.0162398
15,6,0.0286296
15,7,0.047029
15,8,0.0718102
15,9,0.101549
15,10,0.133221
15,11,0.162848
15,12,0.186135
15,13,0.199872
15,14,0.203261
15,15,0.197724
15,16,0.185888
15,17,0.170728
15,18,0.155008
15,19,0.14043
15,20,0.127965
15,21,0.118062
15,22,0.110558
15,23,0.105484
15,24,0.102445
15,25,0.101518
15,26,0.102445
15,27,0.105484
15,28,0.110558
15,29,0.118062
15,30,0.127965
15,31,0.14043
15,32,0.155008
15,33,0.170728
15,34,0.185888
15,35,0.197724
15,36,0.203261
15,37,0.199872
15,38,0.186135
15,39,0.162848
15,40,0.133221
15,41,0.101549
15,42,0.0718102
15,43,0.047029
15,44,0.0286296
15,45,0.0162399
15,46,0.00850881
15,47,0.00403544
15,48,0.00169327
15,49,0.000617524
15,50,0.000193632
15,51,5.19201e-05
15,52,1.18772e-05
15,53,2.31564e-06
15,54,3.84451e-07
15,55,5.42739e-08
15,56,6.49846e-09
15,57,6.57217e-10
15,58,5.57973e-11
15,59,3.94175e-12
15,60,2.28839e-13
15,61,1.07275e-14
15,62,3.95883e-16
15,63,1.10692e-17
15,64,2.20361e-19
15,65,2.78238e-21
15,66,1.67452e-23
15,67,0
15,68,0
15,69,0
15,70,0
15,71,0
15,72,0
15,73,0
15,74,0
15,75,0
15,76,0
15,77,0
15,78,0
15,79,0
15,80,0
15,81,0
15,82,0
15,83,0
15,84,0
15,85,0
15,86,0
15,87,0
15,88,0
15,89,0
15,90,0
15,91,0
15,92,0
15,93,0
15,94,0
15,95,0
15,96,0
15,97,0
15,98,0
15,99,0
16,0,0
16,1,0.000885433
16,2,0.0025113
16,3,0.00575022
16,4,0.0116874
16,5,0.0216775
16,6,0.037262
16,7,0.0595495
16,8,0.0881073
16,9,0.120446
16,10,0.152583
16,11,0.179699
16,12,0.19726
16,13,0.203258
16,14,0.198647
16,15,0.185888
16,16,0.16865
16,17,0.150449
16,18,0.133413
16,19,0.118956
16,20,0.10734
16,21,0.0985138
16,22,0.0921432
16,23,0.0878504
16,24,0.0854158
16,25,0.0845968
16,26,0.0854159
16,27,0.0878504
16,28,0.0921433
16,29,0.0985138
16,30,0.10734
16,31,0.118956
16,32,0.133413
16,33,0.150449
16,34,0.168651
16,35,0.185888
16,36,0.198647
16,37,0.203258
16,38,0.19726
16,39,0.179699
16,40,0.152584
16,41,0.120446
16,42,0.0881074
16,43,0.0595495
16,44,0.037262
16,45,0.0216776
16,46,0.0116883
16,47,0.00575524
16,48,0.00253491
16,49,0.000980537
16,50,0.000328999
16,51,9.51035e-05
16,52,2.36097e-05
16,53,5.02678e-06
16,54,9.17197e-07
16,55,1.43274e-07
16,56,1.91261e-08
16,57,2.17543e-09
16,58,2.0987e-10
16,59,1.70605e-11
16,60,1.15791e-12
16,61,6.47806e-14
16,62,2.93447e-15
16,63,1.04902e-16
16,64,2.84765e-18
16,65,5.51485e-20
16,66,6.78629e-22
16,67,3.98694e-24
16,68,0
16,69,0
16,70,0
16,71,0
16,72,0
16,73,0
16,74,0
16,75,0
16,76,0
16,77,0
16,78,0
16,79,0
16,80,0
16,81,0
16,82,0
16,83,0
16,84,0
16,85,0
16,86,0
16,87,0
16,88,0
16,89,0
16,90,0
16,91,0
16,92,0
16,93,0
16,94,0
16,95,0
16,96,0
16,97,0
16,98,0
16,99,0
17,0,0
17,1,0.00128711
17,2,0.00351973
17,3,0.00777042
17,4,0.0153308
17,5,0.0277477
17,6,0.0465689
17,7,0.0724516
17,8,0.10405
17,9,0.137817
17,10,0.168773
17,11,0.191569
17,12,0.202445
17,13,0.200912
17,14,0.189049
17,15,0.170728
17,16,0.150449
17,17,0.131085
17,18,0.114516
17,19,0.101321
17,20,0.091169
17,21,0.0838688
17,22,0.0785679
17,23,0.0752108
17,24,0.0731628
17,25,0.0726065
17,26,0.0731628
17,27,0.0752108
17,28,0.078568
17,29,0.0838688
17,30,0.091169
17,31,0.101321
17,32,0.114516
17,33,0.131085
17,34,0.150449
17,35,0.170728
17,36,0.189049
17,37,0.200912
17,38,0.202445
17,39,0.191569
17,40,0.168773
17,41,0.137817
17,42,0.10405
17,43,0.0724517
17,44,0.046569
17,45,0.027748
17,46,0.0153327
17,47,0.00778003
17,48,0.00356164
17,49,0.00144474
17,50,0.000512388
17,51,0.000157632
17,52,4.19027e-05
17,53,9.60964e-06
17,54,1.90002e-06
17,55,3.23695e-07
17,56,4.74626e-08
17,57,5.9774e-09
17,58,6.44442e-10
17,59,5.9189e-11
17,60,4.59918e-12
17,61,2.99472e-13
17,62,1.61278e-14
17,63,7.05401e-16
17,64,2.44159e-17
17,65,6.43352e-19
17,66,1.21216e-20
17,67,1.4542e-22
17,68,8.34476e-25
17,69,0
17,70,0
17,71,0
17,72,0
17,73,0
17,74,0
17,75,0
17,76,0
17,77,0
17,78,0
17,79,0
17,80,0
17,81,0
17,82,0
17,83,0
17,84,0
17,85,0
17,86,0
17,87,0
17,88,0
17,89,0
17,90,0
17,91,0
17,92,0
17,93,0
17,94,0
17,95,0
17,96,0
17,97,0
17,98,0
17,99,0
18,0,0
18,1,0.00175708
18,2,0.00467102
18,3,0.0100192
18,4,0.0192917
18,5,0.0341715
18,6,0.0560845
18,7,0.0850964
18,8,0.118867
18,9,0.152808
18,10,0.181251
18,11,0.19894
18,12,0.203009
18,13,0.194327
18,14,0.176695
18,15,0.155008
18,16,0.133413
18,17,0.114516
18,18,0.0993965
18,19,0.0878262
18,20,0.0794167
18,21,0.0733117
18,22,0.0690554
18,23,0.06623
18,24,0.0645816
18,25,0.0640711
18,26,0.0645815
18,27,0.0662299
18,28,0.0690553
18,29,0.0733118
18,30,0.0794166
18,31,0.0878262
18,32,0.0993964
18,33,0.114516
18,34,0.133413
18,35,0.155008
18,36,0.176695
18,37,0.194327
18,38,0.203009
18,39,0.19894
18,40,0.181251
18,41,0.152808
18,42,0.118867
18,43,0.0850964
18,44,0.0560846
18,45,0.0341721
18,46,0.0192952
18,47,0.0100356
18,48,0.00473849
18,49,0.00199695
18,50,0.000740874
18,51,0.000239868
18,52,6.74681e-05
18,53,1.64561e-05
18,54,3.47884e-06
18,55,6.3729e-07
18,56,1.01118e-07
18,57,1.388e-08
18,58,1.64459e-09
18,59,1.67612e-10
18,60,1.46184e-11
18,61,1.08324e-12
18,62,6.75326e-14
18,63,3.49509e-15
18,64,1.47413e-16
18,65,4.9359e-18
18,66,1.26182e-19
18,67,2.31271e-21
18,68,2.7055e-23
18,69,1.51723e-25
18,70,0
18,71,0
18,72,0
18,73,0
18,74,0
18,75,0
18,76,0
18,77,0
18,78,0
18,79,0
18,80,0
18,81,0
18,82,0
18,83,0
18,84,0
18,85,0
18,86,0
18,87,0
18,88,0
18,89,0
18,90,0
18,91,0
18,92,0
18,93,0
18,94,0
18,95,0
18,96,0
18,97,0
18,98,0
18,99,0
19,0,0
19,1,0.00227178
19,2,0.00590836
19,3,0.0123861
19,4,0.0233725
19,5,0.0406232
19,6,0.0653304
19,7,0.0968672
19,8,0.131931
19,9,0.16511
19,10,0.190301
19,11,0.202448
19,12,0.199961
19,13,0.185561
19,14,0.164028
19,15,0.14043
19,16,0.118956
19,17,0.101321
19,18,0.0878262
19,19,0.0780111
19,20,0.0708489
19,21,0.0657365
19,22,0.0620437
19,23,0.0595523
19,24,0.058051
19,25,0.0575701
19,26,0.058051
19,27,0.0595524
19,28,0.0620437
19,29,0.0657365
19,30,0.0708488
19,31,0.078011
19,32,0.0878262
19,33,0.101321
19,34,0.118956
19,35,0.14043
19,36,0.164028
19,37,0.185561
19,38,0.199961
19,39,0.202448
19,40,0.190301
19,41,0.16511
19,42,0.131931
19,43,0.0968672
19,44,0.0653306
19,45,0.0406243
19,46,0.0233782
19,47,0.0124117
19,48,0.00600819
19,49,0.00261071
19,50,0.00100437
19,51,0.000338933
19,52,9.98244e-05
19,53,2.5607e-05
19,54,5.71836e-06
19,55,1.11183e-06
19,56,1.88233e-07
19,57,2.77372e-08
19,58,3.55312e-09
19,59,3.94771e-10
19,60,3.79049e-11
19,61,3.1288e-12
19,62,2.20403e-13
19,63,1.31185e-14
19,64,6.50854e-16
19,65,2.64186e-17
19,66,8.54441e-19
19,67,2.11713e-20
19,68,3.77298e-22
19,69,4.3042e-24
19,70,2.36013e-26
19,71,0
19,72,0
19,73,0
19,74,0
19,75,0
19,76,0
19,77,0
19,78,0
19,79,0
19,80,0
19,81,0
19,82,0
19,83,0
19,84,0
19,85,0
19,86,0
19,87,0
19,88,0
19,89,0
19,90,0
19,91,0
19,92,0
19,93,0
19,94,0
19,95,0
19,96,0
19,97,0
19,98,0
19,99,0
20,0,0
20,1,0.0027993
20,2,0.00715817
20,3,0.0147363
20,4,0.0273474
20,5,0.0467561
20,6,0.0738452
20,7,0.107296
20,8,0.142953
20,9,0.174697
20,10,0.196187
20,11,0.20308
20,12,0.195216
20,13,0.176361
20,14,0.152078
20,15,0.127965
20,16,0.10734
20,17,0.091169
20,18,0.0794167
20,19,0.0708489
20,20,0.0646871
20,21,0.060104
20,22,0.0566871
20,23,0.054252
20,24,0.0526882
20,25,0.0521932
20,26,0.0526883
20,27,0.0542519
20,28,0.056687
20,29,0.060104
20,30,0.0646872
20,31,0.0708488
20,32,0.0794166
20,33,0.091169
20,34,0.10734
20,35,0.127965
20,36,0.152078
20,37,0.176361
20,38,0.195216
20,39,0.20308
20,40,0.196187
20,41,0.174697
20,42,0.142953
20,43,0.107296
20,44,0.0738455
20,45,0.0467578
20,46,0.0273559
20,47,0.0147729
20,48,0.00729527
20,49,0.00324791
20,50,0.0012861
20,51,0.00044861
20,52,0.000137096
20,53,3.66217e-05
20,54,8.54679e-06
20,55,1.74332e-06
20,56,3.10942e-07
20,57,4.85073e-08
20,58,6.61593e-09
20,59,7.87944e-10
20,60,8.1757e-11
20,61,7.36398e-12
20,62,5.72779e-13
20,63,3.81928e-14
20,64,2.16157e-15
20,65,1.02436e-16
20,66,3.98922e-18
20,67,1.24322e-19
20,68,2.98059e-21
20,69,5.15982e-23
20,70,5.73893e-25
20,71,3.07844e-27
20,72,0
20,73,0
20,74,0
20,75,0
20,76,0
20,77,0
20,78,0
20,79,0
20,80,0
20,81,0
20,82,0
20,83,0
20,84,0
20,85,0
20,86,0
20,87,0
20,88,0
20,89,0
20,90,0
20,91,0
20,92,0
20,93,0
20,94,0
20,95,0
20,96,0
20,97,0
20,98,0
20,99,0
21,0,0
21,1,0.00330273
21,2,0.0083375
21,3,0.0169224
21,4,0.0309819
21,5,0.0522442
21,6,0.0812613
21,7,0.116064
21,8,0.151754
21,9,0.181745
21,10,0.199763
21,11,0.202101
21,12,0.189684
21,13,0.167587
21,14,0.142029
21,15,0.118062
21,16,0.0985138
21,17,0.0838689
21,18,0.0733117
21,19,0.0657366
21,20,0.060104
21,21,0.0557364
21,22,0.0522902
21,23,0.0495553
21,24,0.0477573
21,25,0.0470462
21,26,0.0477572
21,27,0.0495554
21,28,0.0522902
21,29,0.0557364
21,30,0.060104
21,31,0.0657365
21,32,0.0733118
21,33,0.0838688
21,34,0.0985138
21,35,0.118062
21,36,0.142029
21,37,0.167587
21,38,0.189684
21,39,0.202101
21,40,0.199762
21,41,0.181745
21,42,0.151754
21,43,0.116064
21,44,0.0812618
21,45,0.0522467
21,46,0.0309936
21,47,0.0169709
21,48,0.00851362
21,49,0.00386262
21,50,0.00156423
21,51,0.000559896
21,52,0.000176119
21,53,4.85622e-05
21,54,1.17319e-05
21,55,2.48447e-06
21,56,4.61589e-07
21,57,7.52881e-08
21,58,1.07833e-08
21,59,1.35568e-09
21,60,1.49416e-10
21,61,1.44044e-11
21,62,1.21037e-12
21,63,8.81997e-14
21,64,5.53424e-15
21,65,2.96117e-16
21,66,1.33314e-17
21,67,4.95724e-19
21,68,1.48273e-20
21,69,3.42942e-22
21,70,5.7564e-24
21,71,6.23797e-26
21,72,3.27493e-28
21,73,0
21,74,0
21,75,0
21,76,0
21,77,0
21,78,0
21,79,0
21,80,0
21,81,0
21,82,0
21,83,0
21,84,0
21,85,0
21,86,0
21,87,0
21,88,0
21,89,0
21,90,0
21,91,0
21,92,0
21,93,0
21,94,0
21,95,0
21,96,0
21,97,0
21,98,0
21,99,0
22,0,0
22,1,0.00374397
22,2,0.00936213
22,3,0.0188001
22,4,0.0340602
22,5,0.0568082
22,6,0.08728
22,7,0.122961
22,8,0.158407
22,9,0.186699
22,10,0.201615
22,11,0.200201
22,12,0.184596
22,13,0.160476
22,14,0.134068
22,15,0.110558
22,16,0.0921432
22,17,0.078568
22,18,0.0690554
22,19,0.0620437
22,20,0.056687
22,21,0.0522902
22,22,0.0484457
22,23,0.045186
22,24,0.0426517
22,25,0.0415876
22,26,0.0426519
22,27,0.045186
22,28,0.0484458
22,29,0.0522901
22,30,0.056687
22,31,0.0620436
22,32,0.0690554
22,33,0.078568
22,34,0.0921432
22,35,0.110558
22,36,0.134068
22,37,0.160476
22,38,0.184596
22,39,0.200201
22,40,0.201615
22,41,0.186699
22,42,0.158407
22,43,0.122961
22,44,0.0872807
22,45,0.0568115
22,46,0.0340751
22,47,0.0188602
22,48,0.00957498
22,49,0.00440614
22,50,0.00181454
22,51,0.000662166
22,52,0.000212849
22,53,6.01055e-05
22,54,1.49023e-05
22,55,3.24602e-06
22,56,6.21805e-07
22,57,1.04858e-07
22,58,1.55774e-08
22,59,2.03899e-09
22,60,2.35045e-10
22,61,2.38313e-11
22,62,2.12047e-12
22,63,1.65018e-13
22,64,1.11773e-14
22,65,6.54526e-16
22,66,3.28303e-17
22,67,1.39257e-18
22,68,4.90625e-20
22,69,1.39901e-21
22,70,3.10521e-23
22,71,5.03606e-25
22,72,5.30891e-27
22,73,2.72911e-29
22,74,0
22,75,0
22,76,0
22,77,0
22,78,0
22,79,0
22,80,0
22,81,0
22,82,0
22,83,0
22,84,0
22,85,0
22,86,0
22,87,0
22,88,0
22,89,0
22,90,0
22,91,0
22,92,0
22,93,0
22,94,0
22,95,0
22,96,0
22,97,0
22,98,0
22,99,0
23,0,0
23,1,0.00408797
23,2,0.0101559
23,3,0.0202421
23,4,0.0363976
23,5,0.0602236
23,6,0.0917057
23,7,0.127918
23,8,0.163002
23,9,0.189847
23,10,0.202463
23,11,0.198454
23,12,0.180517
23,13,0.154955
23,14,0.128416
23,15,0.105484
23,16,0.0878504
23,17,0.0752109
23,18,0.06623
23,19,0.0595523
23,20,0.0542519
23,21,0.0495554
23,22,0.0451861
23,23,0.0408645
23,24,0.0369619
23,25,0.0346242
23,26,0.0369618
23,27,0.0408644
23,28,0.0451861
23,29,0.0495555
23,30,0.0542519
23,31,0.0595524
23,32,0.0662299
23,33,0.0752109
23,34,0.0878504
23,35,0.105484
23,36,0.128416
23,37,0.154955
23,38,0.180517
23,39,0.198454
23,40,0.202463
23,41,0.189847
23,42,0.163002
23,43,0.127918
23,44,0.0917065
23,45,0.0602275
23,46,0.0364153
23,47,0.0203119
23,48,0.0103989
23,49,0.00483268
23,50,0.00201351
23,51,0.000744706
23,52,0.000243014
23,53,6.97708e-05
23,54,1.76139e-05
23,55,3.91253e-06
23,56,7.65572e-07
23,57,1.32122e-07
23,58,2.01305e-08
23,59,2.70942e-09
23,60,3.22145e-10
23,61,3.38148e-11
23,62,3.12926e-12
23,63,2.54723e-13
23,64,1.81776e-14
23,65,1.13195e-15
23,66,6.11217e-17
23,67,2.83724e-18
23,68,1.11886e-19
23,69,3.686e-21
23,70,9.89904e-23
23,71,2.08717e-24
23,72,3.24708e-26
23,73,3.31807e-28
23,74,1.67088e-30
23,75,0
23,76,0
23,77,0
23,78,0
23,79,0
23,80,0
23,81,0
23,82,0
23,83,0
23,84,0
23,85,0
23,86,0
23,87,0
23,88,0
23,89,0
23,90,0
23,91,0
23,92,0
23,93,0
23,94,0
23,95,0
23,96,0
23,97,0
23,98,0
23,99,0
24,0,0
24,1,0.00430657
24,2,0.0106582
24,3,0.0211491
24,4,0.0378572
24,5,0.0623362
24,6,0.0944051
24,7,0.130883
24,8,0.165693
24,9,0.191631
24,10,0.202762
24,11,0.197065
24,12,0.177904
24,13,0.151792
24,14,0.125074
24,15,0.102445
24,16,0.0854158
24,17,0.0731629
24,18,0.0645814
24,19,0.058051
24,20,0.0526882
24,21,0.0477572
24,22,0.0426518
24,23,0.0369617
24,24,0.0301714
24,25,0.0236619
24,26,0.0301715
24,27,0.0369618
24,28,0.0426517
24,29,0.0477572
24,30,0.0526883
24,31,0.058051
24,32,0.0645815
24,33,0.0731629
24,34,0.0854158
24,35,0.102445
24,36,0.125074
24,37,0.151792
24,38,0.177904
24,39,0.197065
24,40,0.202763
24,41,0.191631
24,42,0.165693
24,43,0.130883
24,44,0.094406
24,45,0.0623406
24,46,0.0378766
24,47,0.0212253
24,48,0.010921
24,49,0.00510492
24,50,0.00214157
24,51,0.000798357
24,52,0.000262844
24,53,7.62055e-05
24,54,1.94443e-05
24,55,4.36924e-06
24,56,8.65702e-07
24,57,1.51448e-07
24,58,2.34206e-08
24,59,3.20419e-09
24,60,3.87937e-10
24,61,4.15544e-11
24,62,3.93453e-12
24,63,3.2876e-13
24,64,2.4182e-14
24,65,1.56035e-15
24,66,8.79091e-17
24,67,4.2978e-18
24,68,1.80856e-19
24,69,6.48023e-21
24,70,1.94781e-22
24,71,4.80612e-24
24,72,9.41106e-26
24,73,1.38017e-27
24,74,1.35431e-29
24,75,6.81458e-32
24,76,0
24,77,0
24,78,0
24,79,0
24,80,0
24,81,0
24,82,0
24,83,0
24,84,0
24,85,0
24,86,0
24,87,0
24,88,0
24,89,0
24,90,0
24,91,0
24,92,0
24,93,0
24,94,0
24,95,0
24,96,0
24,97,0
24,98,0
24,99,0
25,0,0
25,1,0.00438152
25,2,0.0108301
25,3,0.0214587
25,4,0.038353
25,5,0.0630495
25,6,0.0953131
25,7,0.131878
25,8,0.166575
25,9,0.192163
25,10,0.202825
25,11,0.196679
25,12,0.177034
25,13,0.150553
25,14,0.123929
25,15,0.101518
25,16,0.0845968
25,17,0.0726066
25,18,0.0640711
25,19,0.0575701
25,20,0.0521932
25,21,0.0470464
25,22,0.0415877
25,23,0.0346243
25,24,0.023662
25,25,6.65835e-07
25,26,0.023662
25,27,0.0346242
25,28,0.0415876
25,29,0.0470463
25,30,0.0521932
25,31,0.05757
25,32,0.0640712
25,33,0.0726066
25,34,0.0845967
25,35,0.101518
25,36,0.123929
25,37,0.150553
25,38,0.177034
25,39,0.196679
25,40,0.202825
25,41,0.192163
25,42,0.166575
25,43,0.131879
25,44,0.095314
25,45,0.063054
25,46,0.0383731
25,47,0.0215371
25,48,0.0110998
25,49,0.00519849
25,50,0.00218577
25,51,0.000816965
25,52,0.00026976
25,53,7.84637e-05
25,54,2.0091e-05
25,55,4.53181e-06
25,56,9.0163e-07
25,57,1.58443e-07
25,58,2.46228e-08
25,59,3.38685e-09
25,60,4.12506e-10
25,61,4.44815e-11
25,62,4.24347e-12
25,63,3.57627e-13
25,64,2.65673e-14
25,65,1.73431e-15
25,66,9.90742e-17
25,67,4.92601e-18
25,68,2.11684e-19
25,69,7.79193e-21
25,70,2.42889e-22
25,71,6.3195e-24
25,72,1.34699e-25
25,73,2.29216e-27
25,74,2.99031e-29
25,75,5.41726e-31
25,76,6.81458e-32
25,77,0
25,78,0
25,79,0
25,80,0
25,81,0
25,82,0
25,83,0
25,84,0
25,85,0
25,86,0
25,87,0
25,88,0
25,89,0
25,90,0
25,91,0
25,92,0
25,93,0
25,94,0
25,95,0
25,96,0
25,97,0
25,98,0
25,99,0
26,0,0
26,1,0.00430657
26,2,0.0106582
26,3,0.0211491
26,4,0.0378572
26,5,0.0623362
26,6,0.0944051
26,7,0.130883
26,8,0.165693
26,9,0.191631
26,10,0.202762
26,11,0.197065
26,12,0.177904
26,13,0.151792
26,14,0.125074
26,15,0.102445
26,16,0.0854158
26,17,0.0731629
26,18,0.0645814
26,19,0.058051
26,20,0.0526882
26,21,0.0477572
26,22,0.0426518
26,23,0.0369617
26,24,0.0301714
26,25,0.0236619
26,26,0.0301715
26,27,0.0369618
26,28,0.0426517
26,29,0.0477572
26,30,0.0526883
26,31,0.058051
26,32,0.0645815
26,33,0.0731629
26,34,0.0854158
26,35,0.102445
26,36,0.125074
26,37,0.151792
26,38,0.177904
26,39,0.197065
26,40,0.202763
26,41,0.191631
26,42,0.165693
26,43,0.130883
26,44,0.094406
26,45,0.0623406
26,46,0.0378766
26,47,0.0212253
26,48,0.010921
26,49,0.00510492
26,50,0.00214157
26,51,0.000798357
26,52,0.000262844
26,53,7.62055e-05
26,54,1.94443e-05
26,55,4.36924e-06
26,56,8.65702e-07
26,57,1.51448e-07
26,58,2.34206e-08
26,59,3.20419e-09
26,60,3.87937e-10
26,61,4.15544e-11
26,62,3.93453e-12
26,63,3.2876e-13
26,64,2.4182e-14
26,65,1.56035e-15
26,66,8.79091e-17
26,67,4.2978e-18
26,68,1.80856e-19
26,69,6.48023e-21
26,70,1.94781e-22
26,71,4.80612e-24
26,72,9.41106e-26
26,73,1.38184e-27
26,74,2.70863e-29
26,75,2.99031e-29
26,76,1.35431e-29
26,77,1.67088e-30
26,78,0
26,79,0
26,80,0
26,81,0
26,82,0
26,83,0
26,84,0
26,85,0
26,86,0
26,87,0
26,88,0
26,89,0
26,90,0
26,91,0
26,92,0
26,93,0
26,94,0
26,95,0
26,96,0
26,97,0
26,98,0
26,99,0
27,0,0
27,1,0.00408797
27,2,0.0101559
27,3,0.0202421
27,4,0.0363976
27,5,0.0602236
27,6,0.0917057
27,7,0.127918
27,8,0.163002
27,9,0.189847
27,10,0.202463
27,11,0.198454
27,12,0.180517
27,13,0.154955
27,14,0.128416
27,15,0.105484
27,16,0.0878504
27,17,0.0752109
27,18,0.06623
27,19,0.0595523
27,20,0.0542519
27,21,0.0495554
27,22,0.0451861
27,23,0.0408645
27,24,0.0369619
27,25,0.0346242
27,26,0.0369618
27,27,0.0408644
27,28,0.0451861
27,29,0.0495555
27,30,0.0542519
27,31,0.0595524
27,32,0.0662299
27,33,0.0752109
27,34,0.0878504
27,35,0.105484
27,36,0.128416
27,37,0.154955
27,38,0.180517
27,39,0.198454
27,40,0.202463
27,41,0.189847
27,42,0.163002
27,43,0.127918
27,44,0.0917065
27,45,0.0602275
27,46,0.0364153
27,47,0.0203119
27,48,0.0103989
27,49,0.00483268
27,50,0.00201351
27,51,0.000744706
27,52,0.000243014
27,53,6.97708e-05
27,54,1.76139e-05
27,55,3.91253e-06
27,56,7.65572e-07
27,57,1.32122e-07
27,58,2.01305e-08
27,59,2.70942e-09
27,60,3.22145e-10
27,61,3.38148e-11
27,62,3.12926e-12
27,63,2.54723e-13
27,64,1.81776e-14
27,65,1.13195e-15
27,66,6.11217e-17
27,67,2.83724e-18
27,68,1.11886e-19
27,69,3.686e-21
27,70,9.89904e-23
27,71,2.08717e-24
27,72,3.24981e-26
27,73,6.63614e-28
27,74,1.38184e-27
27,75,2.29216e-27
27,76,1.38017e-27
27,77,3.31807e-28
27,78,2.72911e-29
27,79,0
27,80,0
27,81,0
27,82,0
27,83,0
27,84,0
27,85,0
27,86,0
27,87,0
27,88,0
27,89,0
27,90,0
27,91,0
27,92,0
27,93,0
27,94,0
27,95,0
27,96,0
27,97,0
27,98,0
27,99,0
28,0,0
28,1,0.00374397
28,2,0.00936213
28,3,0.0188001
28,4,0.0340602
28,5,0.0568082
28,6,0.08728
28,7,0.122961
28,8,0.158407
28,9,0.186699
28,10,0.201615
28,11,0.200201
28,12,0.184596
28,13,0.160476
28,14,0.134068
28,15,0.110558
28,16,0.0921432
28,17,0.078568
28,18,0.0690554
28,19,0.0620437
28,20,0.056687
28,21,0.0522902
28,22,0.0484457
28,23,0.045186
28,24,0.0426517
28,25,0.0415876
28,26,0.0426519
28,27,0.045186
28,28,0.0484458
28,29,0.0522901
28,30,0.056687
28,31,0.0620436
28,32,0.0690554
28,33,0.078568
28,34,0.0921432
28,35,0.110558
28,36,0.134068
28,37,0.160476
28,38,0.184596
28,39,0.200201
28,40,0.201615
28,41,0.186699
28,42,0.158407
28,43,0.122961
28,44,0.0872807
28,45,0.0568115
28,46,0.0340751
28,47,0.0188602
28,48,0.00957498
28,49,0.00440614
28,50,0.00181454
28,51,0.000662166
28,52,0.000212849
28,53,6.01055e-05
28,54,1.49023e-05
28,55,3.24602e-06
28,56,6.21805e-07
28,57,1.04858e-07
28,58,1.55774e-08
28,59,2.03899e-09
28,60,2.35045e-10
28,61,2.38313e-11
28,62,2.12047e-12
28,63,1.65018e-13
28,64,1.11773e-14
28,65,6.54526e-16
28,66,3.28303e-17
28,67,1.39257e-18
28,68,4.90625e-20
28,69,1.39901e-21
28,70,3.10521e-23
28,71,5.03934e-25
28,72,1.06178e-26
28,73,3.24981e-26
28,74,9.41105e-26
28,75,1.34699e-25
28,76,9.41106e-26
28,77,3.24708e-26
28,78,5.30891e-27
28,79,3.27493e-28
28,80,0
28,81,0
28,82,0
28,83,0
28,84,0
28,85,0
28,86,0
28,87,0
28,88,0
28,89,0
28,90,0
28,91,0
28,92,0
28,93,0
28,94,0
28,95,0
28,96,0
28,97,0
28,98,0
28,99,0
29,0,0
29,1,0.00330273
29,2,0.0083375
29,3,0.0169224
29,4,0.0309819
29,5,0.0522442
29,6,0.0812613
29,7,0.116064
29,8,0.151754
29,9,0.181745
29,10,0.199763
29,11,0.202101
29,12,0.189684
29,13,0.167587
29,14,0.142029
29,15,0.118062
29,16,0.0985138
29,17,0.0838689
29,18,0.0733117
29,19,0.0657366
29,20,0.060104
29,21,0.0557364
29,22,0.0522902
29,23,0.0495553
29,24,0.0477573
29,25,0.0470462
29,26,0.0477572
29,27,0.0495554
29,28,0.0522902
29,29,0.0557364
29,30,0.060104
29,31,0.0657365
29,32,0.0733118
29,33,0.0838688
29,34,0.0985138
29,35,0.118062
29,36,0.142029
29,37,0.167587
29,38,0.189684
29,39,0.202101
29,40,0.199762
29,41,0.181745
29,42,0.151754
29,43,0.116064
29,44,0.0812618
29,45,0.0522467
29,46,0.0309936
29,47,0.0169709
29,48,0.00851362
29,49,0.00386262
29,50,0.00156423
29,51,0.000559896
29,52,0.000176119
29,53,4.85622e-05
29,54,1.17319e-05
29,55,2.48447e-06
29,56,4.61589e-07
29,57,7.52881e-08
29,58,1.07833e-08
29,59,1.35568e-09
29,60,1.49416e-10
29,61,1.44044e-11
29,62,1.21037e-12
29,63,8.81997e-14
29,64,5.53424e-15
29,65,2.96117e-16
29,66,1.33314e-17
29,67,4.95724e-19
29,68,1.48273e-20
29,69,3.42942e-22
29,70,5.75948e-24
29,71,1.24759e-25
29,72,5.03934e-25
29,73,2.08717e-24
29,74,4.80612e-24
29,75,6.3195e-24
29,76,4.80613e-24
29,77,2.08717e-24
29,78,5.03606e-25
29,79,6.23797e-26
29,80,3.07844e-27
29,81,0
29,82,0
29,83,0
29,84,0
29,85,0
29,86,0
29,87,0
29,88,0
29,89,0
29,90,0
29,91,0
29,92,0
29,93,0
29,94,0
29,95,0
29,96,0
29,97,0
29,98,0
29,99,0
30,0,0
30,1,0.0027993
30,2,0.00715817
30,3,0.0147363
30,4,0.0273474
30,5,0.0467561
30,6,0.0738452
30,7,0.107296
30,8,0.142953
30,9,0.174697
30,10,0.196187
30,11,0.20308
30,12,0.195216
30,13,0.176361
30,14,0.152078
30,15,0.127965
30,16,0.10734
30,17,0.091169
30,18,0.0794167
30,19,0.0708489
30,20,0.0646871
30,21,0.060104
30,22,0.0566871
30,23,0.054252
30,24,0.0526882
30,25,0.0521932
30,26,0.0526883
30,27,0.0542519
30,28,0.056687
30,29,0.060104
30,30,0.0646872
30,31,0.0708488
30,32,0.0794166
30,33,0.091169
30,34,0.10734
30,35,0.127965
30,36,0.152078
30,37,0.176361
30,38,0.195216
30,39,0.20308
30,40,0.196187
30,41,0.174697
30,42,0.142953
30,43,0.107296
30,44,0.0738455
30,45,0.0467578
30,46,0.0273559
30,47,0.0147729
30,48,0.00729527
30,49,0.00324791
30,50,0.0012861
30,51,0.00044861
30,52,0.000137096
30,53,3.66217e-05
30,54,8.54679e-06
30,55,1.74332e-06
30,56,3.10942e-07
30,57,4.85073e-08
30,58,6.61593e-09
30,59,7.87944e-10
30,60,8.1757e-11
30,61,7.36398e-12
30,62,5.72779e-13
30,63,3.81928e-14
30,64,2.16157e-15
30,65,1.02436e-16
30,66,3.98922e-18
30,67,1.24322e-19
30,68,2.98059e-21
30,69,5.16218e-23
