0,0,0
0,1,0
0,2,0
0,3,0
0,4,0
0,5,0
0,6,0
0,7,0
0,8,0
0,9,0
0,10,0
0,11,0
0,12,0
0,13,0
0,14,0
0,15,0
0,16,0
0,17,0
0,18,0
0,19,0
0,20,0
0,21,0
0,22,0
0,23,0
0,24,0
0,25,0
0,26,0
0,27,0
0,28,0
0,29,0
0,30,0
0,31,0
0,32,0
0,33,0
0,34,0
0,35,0
0,36,0
0,37,0
0,38,0
0,39,0
0,40,0
0,41,0
0,42,0
0,43,0
0,44,0
0,45,0
0,46,0
0,47,0
0,48,0
0,49,0
0,50,0
0,51,0
0,52,0
0,53,0
0,54,0
0,55,0
0,56,0
0,57,0
0,58,0
0,59,0
0,60,0
0,61,0
0,62,0
0,63,0
0,64,0
0,65,0
0,66,0
0,67,0
0,68,0
0,69,0
0,70,0
0,71,0
0,72,0
0,73,0
0,74,0
0,75,0
0,76,0
0,77,0
0,78,0
0,79,0
0,80,0
0,81,0
0,82,0
0,83,0
0,84,0
0,85,0
0,86,0
0,87,0
0,88,0
0,89,0
0,90,0
0,91,0
0,92,0
0,93,0
0,94,0
0,95,0
0,96,0
0,97,0
0,98,0
0,99,0
1,0,0
1,1,0
1,2,5.40933e-18
1,3,5.04772e-16
1,4,2.18572e-14
1,5,5.83221e-13
1,6,1.07421e-11
1,7,1.4501e-10
1,8,1.48742e-09
1,9,1.18675e-08
1,10,7.48517e-08
1,11,3.77779e-07
1,12,1.54187e-06
1,13,5.14616e-06
1,14,1.42417e-05
1,15,3.3275e-05
1,16,6.70943e-05
1,17,0.000119479
1,18,0.000191789
1,19,0.00028199
1,20,0.000384398
1,21,0.000490224
1,22,0.000588742
1,23,0.000668966
1,24,0.000721401
1,25,0.000739636
1,26,0.000721401
1,27,0.000668966
1,28,0.000588742
1,29,0.000490224
1,30,0.000384398
1,31,0.00028199
1,32,0.000191789
1,33,0.000119479
1,34,6.70943e-05
1,35,3.3275e-05
1,36,1.42417e-05
1,37,5.14616e-06
1,38,1.54187e-06
1,39,3.77779e-07
1,40,7.48517e-08
1,41,1.18675e-08
1,42,1.48742e-09
1,43,1.4501e-10
1,44,1.07421e-11
1,45,5.83221e-13
1,46,2.18572e-14
1,47,5.04772e-16
1,48,5.40933e-18
1,49,0
1,50,0
1,51,0
1,52,0
1,53,0
1,54,0
1,55,0
1,56,0
1,57,0
1,58,0
1,59,0
1,60,0
1,61,0
1,62,0
1,63,0
1,64,0
1,65,0
1,66,0
1,67,0
1,68,0
1,69,0
1,70,0
1,71,0
1,72,0
1,73,0
1,74,0
1,75,0
1,76,0
1,77,0
1,78,0
1,79,0
1,80,0
1,81,0
1,82,0
1,83,0
1,84,0
1,85,0
1,86,0
1,87,0
1,88,0
1,89,0
1,90,0
1,91,0
1,92,0
1,93,0
1,94,0
1,95,0
1,96,0
1,97,0
1,98,0
1,99,0
2,0,0
2,1,5.40933e-18
2,2,5.26718e-16
2,3,2.38479e-14
2,4,6.66816e-13
2,5,1.28995e-11
2,6,1.83332e-10
2,7,1.98462e-09
2,8,1.67507e-08
2,9,1.12e-07
2,10,6.00187e-07
2,11,2.60255e-06
2,12,9.22027e-06
2,13,2.70059e-05
2,14,6.64438e-05
2,15,0.000140186
2,16,0.000259686
2,17,0.000431945
2,18,0.000656859
2,19,0.000925612
2,20,0.00122089
2,21,0.00151852
2,22,0.00179054
2,23,0.00200919
2,24,0.0021509
2,25,0.00219999
2,26,0.0021509
2,27,0.00200919
2,28,0.00179054
2,29,0.00151852
2,30,0.00122089
2,31,0.000925612
2,32,0.000656859
2,33,0.000431945
2,34,0.000259686
2,35,0.000140186
2,36,6.64438e-05
2,37,2.70059e-05
2,38,9.22027e-06
2,39,2.60255e-06
2,40,6.00187e-07
2,41,1.12e-07
2,42,1.67507e-08
2,43,1.98462e-09
2,44,1.83332e-10
2,45,1.28995e-11
2,46,6.66816e-13
2,47,2.38479e-14
2,48,5.26718e-16
2,49,5.40933e-18
2,50,0
2,51,0
2,52,0
2,53,0
2,54,0
2,55,0
2,56,0
2,57,0
2,58,0
2,59,0
2,60,0
2,61,0
2,62,0
2,63,0
2,64,0
2,65,0
2,66,0
2,67,0
2,68,0
2,69,0
2,70,0
2,71,0
2,72,0
2,73,0
2,74,0
2,75,0
2,76,0
2,77,0
2,78,0
2,79,0
2,80,0
2,81,0
2,82,0
2,83,0
2,84,0
2,85,0
2,86,0
2,87,0
2,88,0
2,89,0
2,90,0
2,91,0
2,92,0
2,93,0
2,94,0
2,95,0
2,96,0
2,97,0
2,98,0
2,99,0
3,0,0
3,1,5.04772e-16
3,2,2.38479e-14
3,3,6.97079e-13
3,4,1.41238e-11
3,5,2.10649e-10
3,6,2.39759e-09
3,7,2.1315e-08
3,8,1.50343e-07
3,9,8.50684e-07
3,10,3.89485e-06
3,11,1.45476e-05
3,12,4.47634e-05
3,13,0.000115032
3,14,0.000251641
3,15,0.000479968
3,16,0.000818275
3,17,0.00127323
3,18,0.00183595
3,19,0.00248076
3,20,0.00316673
3,21,0.00384117
3,22,0.00444626
3,23,0.00492614
3,24,0.00523454
3,25,0.00534089
3,26,0.00523454
3,27,0.00492614
3,28,0.00444626
3,29,0.00384117
3,30,0.00316673
3,31,0.00248076
3,32,0.00183595
3,33,0.00127323
3,34,0.000818275
3,35,0.000479968
3,36,0.000251641
3,37,0.000115032
3,38,4.47634e-05
3,39,1.45476e-05
3,40,3.89485e-06
3,41,8.50684e-07
3,42,1.50343e-07
3,43,2.1315e-08
3,44,2.39759e-09
3,45,2.10649e-10
3,46,1.41238e-11
3,47,6.9708e-13
3,48,2.38479e-14
3,49,5.04772e-16
3,50,4.97658e-18
3,51,0
3,52,0
3,53,0
3,54,0
3,55,0
3,56,0
3,57,0
3,58,0
3,59,0
3,60,0
3,61,0
3,62,0
3,63,0
3,64,0
3,65,0
3,66,0
3,67,0
3,68,0
3,69,0
3,70,0
3,71,0
3,72,0
3,73,0
3,74,0
3,75,0
3,76,0
3,77,0
3,78,0
3,79,0
3,80,0
3,81,0
3,82,0
3,83,0
3,84,0
3,85,0
3,86,0
3,87,0
3,88,0
3,89,0
3,90,0
3,91,0
3,92,0
3,93,0
3,94,0
3,95,0
3,96,0
3,97,0
3,98,0
3,99,0
4,0,0
4,1,2.18572e-14
4,2,6.66816e-13
4,3,1.41238e-11
4,4,2.20616e-10
4,5,2.63471e-09
4,6,2.462e-08
4,7,1.82807e-07
4,8,1.09005e-06
4,9,5.26071e-06
4,10,2.06891e-05
4,11,6.68252e-05
4,12,0.000179274
4,13,0.000406303
4,14,0.000796408
4,15,0.00138709
4,16,0.00219965
4,17,0.00323261
4,18,0.00445615
4,19,0.00581259
4,20,0.00721843
4,21,0.00857279
4,22,0.00976908
4,23,0.0107069
4,24,0.0113051
4,25,0.0115105
4,26,0.0113051
4,27,0.0107069
4,28,0.00976908
4,29,0.00857279
4,30,0.00721843
4,31,0.00581259
4,32,0.00445615
4,33,0.00323261
4,34,0.00219965
4,35,0.00138709
4,36,0.000796408
4,37,0.000406303
4,38,0.000179274
4,39,6.68252e-05
4,40,2.06891e-05
4,41,5.26071e-06
4,42,1.09005e-06
4,43,1.82807e-07
4,44,2.462e-08
4,45,2.63471e-09
4,46,2.20616e-10
4,47,1.41238e-11
4,48,6.66816e-13
4,49,2.18614e-14
4,50,4.44199e-16
4,51,4.21095e-18
4,52,0
4,53,0
4,54,0
4,55,0
4,56,0
4,57,0
4,58,0
4,59,0
4,60,0
4,61,0
4,62,0
4,63,0
4,64,0
4,65,0
4,66,0
4,67,0
4,68,0
4,69,0
4,70,0
4,71,0
4,72,0
4,73,0
4,74,0
4,75,0
4,76,0
4,77,0
4,78,0
4,79,0
4,80,0
4,81,0
4,82,0
4,83,0
4,84,0
4,85,0
4,86,0
4,87,0
4,88,0
4,89,0
4,90,0
4,91,0
4,92,0
4,93,0
4,94,0
4,95,0
4,96,0
4,97,0
4,98,0
4,99,0
5,0,0
5,1,5.83221e-13
5,2,1.28995e-11
5,3,2.10649e-10
5,4,2.63471e-09
5,5,2.583e-08
5,6,2.01535e-07
5,7,1.26432e-06
5,8,6.42304e-06
5,9,2.65744e-05
5,10,9.00851e-05
5,11,0.000252426
5,12,0.000593152
5,13,0.00119502
5,14,0.00212407
5,15,0.00342681
5,16,0.00512459
5,17,0.00719684
5,18,0.00957657
5,19,0.01215
5,20,0.0147618
5,21,0.0172354
5,22,0.0193892
5,23,0.02106
5,24,0.0221178
5,25,0.0224798
5,26,0.0221178
5,27,0.02106
5,28,0.0193892
5,29,0.0172354
5,30,0.0147618
5,31,0.01215
5,32,0.00957657
5,33,0.00719684
5,34,0.00512459
5,35,0.00342681
5,36,0.00212407
5,37,0.00119502
5,38,0.000593152
5,39,0.000252426
5,40,9.00851e-05
5,41,2.65744e-05
5,42,6.42304e-06
5,43,1.26432e-06
5,44,2.01535e-07
5,45,2.583e-08
5,46,2.63471e-09
5,47,2.10649e-10
5,48,1.28995e-11
5,49,5.8358e-13
5,50,1.8365e-14
5,51,3.58776e-16
5,52,3.27519e-18
5,53,0
5,54,0
5,55,0
5,56,0
5,57,0
5,58,0
5,59,0
5,60,0
5,61,0
5,62,0
5,63,0
5,64,0
5,65,0
5,66,0
5,67,0
5,68,0
5,69,0
5,70,0
5,71,0
5,72,0
5,73,0
5,74,0
5,75,0
5,76,0
5,77,0
5,78,0
5,79,0
5,80,0
5,81,0
5,82,0
5,83,0
5,84,0
5,85,0
5,86,0
5,87,0
5,88,0
5,89,0
5,90,0
5,91,0
5,92,0
5,93,0
5,94,0
5,95,0
5,96,0
5,97,0
5,98,0
5,99,0
6,0,0
6,1,1.07421e-11
6,2,1.83332e-10
6,3,2.39759e-09
6,4,2.462e-08
6,5,2.01535e-07
6,6,1.32829e-06
6,7,7.09559e-06
6,8,3.08666e-05
6,9,0.000109838
6,10,0.000321824
6,11,0.000785492
6,12,0.00162941
6,13,0.00295783
6,14,0.00485422
6,15,0.00738814
6,16,0.0105775
6,17,0.0143626
6,18,0.0186082
6,19,0.0230968
6,20,0.0275601
6,21,0.0317105
6,22,0.0352672
6,23,0.0379935
6,24,0.0397035
6,25,0.0402874
6,26,0.0397035
6,27,0.0379935
6,28,0.0352672
6,29,0.0317105
6,30,0.0275601
6,31,0.0230968
6,32,0.0186082
6,33,0.0143626
6,34,0.0105775
6,35,0.00738814
6,36,0.00485422
6,37,0.00295783
6,38,0.00162941
6,39,0.000785492
6,40,0.000321824
6,41,0.000109838
6,42,3.08666e-05
6,43,7.09559e-06
6,44,1.32829e-06
6,45,2.01535e-07
6,46,2.462e-08
6,47,2.39759e-09
6,48,1.83332e-10
6,49,1.07562e-11
6,50,4.67021e-13
6,51,1.41286e-14
6,52,2.6576e-16
6,53,2.33942e-18
6,54,0
6,55,0
6,56,0
6,57,0
6,58,0
6,59,0
6,60,0
6,61,0
6,62,0
6,63,0
6,64,0
6,65,0
6,66,0
6,67,0
6,68,0
6,69,0
6,70,0
6,71,0
6,72,0
6,73,0
6,74,0
6,75,0
6,76,0
6,77,0
6,78,0
6,79,0
6,80,0
6,81,0
6,82,0
6,83,0
6,84,0
6,85,0
6,86,0
6,87,0
6,88,0
6,89,0
6,90,0
6,91,0
6,92,0
6,93,0
6,94,0
6,95,0
6,96,0
6,97,0
6,98,0
6,99,0
7,0,0
7,1,1.4501e-10
7,2,1.98462e-09
7,3,2.1315e-08
7,4,1.82807e-07
7,5,1.26432e-06
7,6,7.09559e-06
7,7,3.24437e-05
7,8,0.000121253
7,9,0.000372086
7,10,0.000945913
7,11,0.00202701
7,12,0.00376811
7,13,0.00630096
7,14,0.00977641
7,15,0.0143011
7,16,0.0198484
7,17,0.0262698
7,18,0.0332836
7,19,0.0404977
7,20,0.0474941
7,21,0.0538442
7,22,0.0591813
7,23,0.0632053
7,24,0.0657034
7,25,0.0665507
7,26,0.0657034
7,27,0.0632053
7,28,0.0591813
7,29,0.0538442
7,30,0.0474941
7,31,0.0404977
7,32,0.0332836
7,33,0.0262698
7,34,0.0198484
7,35,0.0143011
7,36,0.00977641
7,37,0.00630096
7,38,0.00376811
7,39,0.00202701
7,40,0.000945913
7,41,0.000372086
7,42,0.000121253
7,43,3.24437e-05
7,44,7.09559e-06
7,45,1.26432e-06
7,46,1.82807e-07
7,47,2.1315e-08
7,48,1.98463e-09
7,49,1.45352e-10
7,50,8.18232e-12
7,51,3.41449e-13
7,52,9.94401e-15
7,53,1.80337e-16
7,54,1.53272e-18
7,55,0
7,56,0
7,57,0
7,58,0
7,59,0
7,60,0
7,61,0
7,62,0
7,63,0
7,64,0
7,65,0
7,66,0
7,67,0
7,68,0
7,69,0
7,70,0
7,71,0
7,72,0
7,73,0
7,74,0
7,75,0
7,76,0
7,77,0
7,78,0
7,79,0
7,80,0
7,81,0
7,82,0
7,83,0
7,84,0
7,85,0
7,86,0
7,87,0
7,88,0
7,89,0
7,90,0
7,91,0
7,92,0
7,93,0
7,94,0
7,95,0
7,96,0
7,97,0
7,98,0
7,99,0
8,0,0
8,1,1.48742e-09
8,2,1.67507e-08
8,3,1.50343e-07
8,4,1.09005e-06
8,5,6.42304e-06
8,6,3.08666e-05
8,7,0.000121253
8,8,0.000390488
8,9,0.00103758
8,10,0.00230774
8,11,0.00441403
8,12,0.00754719
8,13,0.0119703
8,14,0.0179453
8,15,0.0255178
8,16,0.0345149
8,17,0.0445918
8,18,0.0551943
8,19,0.0657281
8,20,0.0756075
8,21,0.084303
8,22,0.0914339
8,23,0.0966922
8,24,0.0999205
8,25,0.100999
8,26,0.0999205
8,27,0.0966922
8,28,0.0914339
8,29,0.084303
8,30,0.0756075
8,31,0.0657281
8,32,0.0551943
8,33,0.0445918
8,34,0.0345149
8,35,0.0255178
8,36,0.0179453
8,37,0.0119703
8,38,0.00754719
8,39,0.00441403
8,40,0.00230774
8,41,0.00103758
8,42,0.000390488
8,43,0.000121253
8,44,3.08666e-05
8,45,6.42304e-06
8,46,1.09005e-06
8,47,1.50343e-07
8,48,1.67509e-08
8,49,1.49309e-09
8,50,1.04874e-10
8,51,5.67193e-12
8,52,2.27778e-13
8,53,6.39393e-15
8,54,1.11933e-16
8,55,9.19634e-19
8,56,0
8,57,0
8,58,0
8,59,0
8,60,0
8,61,0
8,62,0
8,63,0
8,64,0
8,65,0
8,66,0
8,67,0
8,68,0
8,69,0
8,70,0
8,71,0
8,72,0
8,73,0
8,74,0
8,75,0
8,76,0
8,77,0
8,78,0
8,79,0
8,80,0
8,81,0
8,82,0
8,83,0
8,84,0
8,85,0
8,86,0
8,87,0
8,88,0
8,89,0
8,90,0
8,91,0
8,92,0
8,93,0
8,94,0
8,95,0
8,96,0
8,97,0
8,98,0
8,99,0
9,0,0
9,1,1.18675e-08
9,2,1.12e-07
9,3,8.50684e-07
9,4,5.26071e-06
9,5,2.65744e-05
9,6,0.000109838
9,7,0.000372086
9,8,0.00103758
9,9,0.00240916
9,10,0.00477256
9,11,0.0083892
9,12,0.0136494
9,13,0.0210316
9,14,0.0307135
9,15,0.0424694
9,16,0.0558771
9,17,0.0702135
9,18,0.0846148
9,19,0.0983352
9,20,0.110649
9,21,0.121106
9,22,0.129387
9,23,0.135341
9,24,0.138925
9,25,0.140112
9,26,0.138925
9,27,0.135341
9,28,0.129387
9,29,0.121106
9,30,0.110649
9,31,0.0983352
9,32,0.0846148
9,33,0.0702135
9,34,0.0558771
9,35,0.0424694
9,36,0.0307135
9,37,0.0210316
9,38,0.0136494
9,39,0.0083892
9,40,0.00477256
9,41,0.00240916
9,42,0.00103758
9,43,0.000372086
9,44,0.000109838
9,45,2.65744e-05
9,46,5.26071e-06
9,47,8.50684e-07
9,48,1.12004e-07
9,49,1.19363e-08
9,50,1.01963e-09
9,51,6.87642e-11
9,52,3.57713e-12
9,53,1.38406e-13
9,54,3.74916e-15
9,55,6.34289e-17
9,56,5.04315e-19
9,57,0
9,58,0
9,59,0
9,60,0
9,61,0
9,62,0
9,63,0
9,64,0
9,65,0
9,66,0
9,67,0
9,68,0
9,69,0
9,70,0
9,71,0
9,72,0
9,73,0
9,74,0
9,75,0
9,76,0
9,77,0
9,78,0
9,79,0
9,80,0
9,81,0
9,82,0
9,83,0
9,84,0
9,85,0
9,86,0
9,87,0
9,88,0
9,89,0
9,90,0
9,91,0
9,92,0
9,93,0
9,94,0
9,95,0
9,96,0
9,97,0
9,98,0
9,99,0
10,0,0
10,1,7.48517e-08
10,2,6.00187e-07
10,3,3.89485e-06
10,4,2.06891e-05
10,5,9.00851e-05
10,6,0.000321824
10,7,0.000945913
10,8,0.00230774
10,9,0.00477256
10,10,0.00868644
10,11,0.014559
10,12,0.0231071
10,13,0.0347224
10,14,0.0491276
10,15,0.0657796
10,16,0.0838377
10,17,0.102067
10,18,0.119472
10,19,0.135152
10,20,0.148475
10,21,0.159256
10,22,0.167354
10,23,0.173001
10,24,0.176256
10,25,0.177357
10,26,0.176256
10,27,0.173001
10,28,0.167354
10,29,0.159256
10,30,0.148475
10,31,0.135152
10,32,0.119472
10,33,0.102067
10,34,0.0838377
10,35,0.0657796
10,36,0.0491276
10,37,0.0347224
10,38,0.0231071
10,39,0.0145589
10,40,0.00868644
10,41,0.00477256
10,42,0.00230774
10,43,0.000945913
10,44,0.000321824
10,45,9.00851e-05
10,46,2.06891e-05
10,47,3.89485e-06
10,48,6.00228e-07
10,49,7.54827e-08
10,50,7.70009e-09
10,51,6.30934e-10
10,52,4.08949e-11
10,53,2.04833e-12
10,54,7.64391e-14
10,55,2.0002e-15
10,56,3.27375e-17
10,57,2.52158e-19
10,58,0
10,59,0
10,60,0
10,61,0
10,62,0
10,63,0
10,64,0
10,65,0
10,66,0
10,67,0
10,68,0
10,69,0
10,70,0
10,71,0
10,72,0
10,73,0
10,74,0
10,75,0
10,76,0
10,77,0
10,78,0
10,79,0
10,80,0
10,81,0
10,82,0
10,83,0
10,84,0
10,85,0
10,86,0
10,87,0
10,88,0
10,89,0
10,90,0
10,91,0
10,92,0
10,93,0
10,94,0
10,95,0
10,96,0
10,97,0
10,98,0
10,99,0
11,0,0
11,1,3.77779e-07
11,2,2.60255e-06
11,3,1.45476e-05
11,4,6.68252e-05
11,5,0.000252426
11,6,0.000785492
11,7,0.00202701
11,8,0.00441403
11,9,0.0083892
11,10,0.0145589
11,11,0.0238399
11,12,0.0369149
11,13,0.0535573
11,14,0.0730642
11,15,0.0945346
11,16,0.116356
11,17,0.137029
11,18,0.155511
11,19,0.170842
11,20,0.18296
11,21,0.191901
11,22,0.198111
11,23,0.202111
11,24,0.204269
11,25,0.204993
11,26,0.204269
11,27,0.202111
11,28,0.198111
11,29,0.191901
11,30,0.18296
11,31,0.170842
11,32,0.155511
11,33,0.137029
11,34,0.116356
11,35,0.0945346
11,36,0.0730642
11,37,0.0535573
11,38,0.0369149
11,39,0.0238399
11,40,0.0145589
11,41,0.0083892
11,42,0.00441403
11,43,0.00202701
11,44,0.000785492
11,45,0.000252426
11,46,6.68252e-05
11,47,1.45476e-05
11,48,2.6029e-06
11,49,3.82266e-07
11,50,4.59307e-08
11,51,4.48753e-09
11,52,3.52958e-10
11,53,2.20055e-11
11,54,1.06219e-12
11,55,3.82666e-14
11,56,9.68222e-16
11,57,1.53457e-17
11,58,1.14617e-19
11,59,0
11,60,0
11,61,0
11,62,0
11,63,0
11,64,0
11,65,0
11,66,0
11,67,0
11,68,0
11,69,0
11,70,0
11,71,0
11,72,0
11,73,0
11,74,0
11,75,0
11,76,0
11,77,0
11,78,0
11,79,0
11,80,0
11,81,0
11,82,0
11,83,0
11,84,0
11,85,0
11,86,0
11,87,0
11,88,0
11,89,0
11,90,0
11,91,0
11,92,0
11,93,0
11,94,0
11,95,0
11,96,0
11,97,0
11,98,0
11,99,0
12,0,0
12,1,1.54187e-06
12,2,9.22027e-06
12,3,4.47634e-05
12,4,0.000179274
12,5,0.000593152
12,6,0.00162941
12,7,0.00376811
12,8,0.00754718
12,9,0.0136494
12,10,0.0231071
12,11,0.0369149
12,12,0.0551104
12,13,0.0768966
12,14,0.101281
12,15,0.126388
12,16,0.149939
12,17,0.170588
12,18,0.187099
12,19,0.199198
12,20,0.20744
12,21,0.212287
12,22,0.215
12,23,0.216104
12,24,0.216599
12,25,0.216623
12,26,0.216599
12,27,0.216104
12,28,0.215
12,29,0.212287
12,30,0.20744
12,31,0.199198
12,32,0.187099
12,33,0.170588
12,34,0.149939
12,35,0.126388
12,36,0.101281
12,37,0.0768966
12,38,0.0551104
12,39,0.0369149
12,40,0.0231071
12,41,0.0136494
12,42,0.00754719
12,43,0.00376811
12,44,0.00162941
12,45,0.000593152
12,46,0.000179274
12,47,4.47636e-05
12,48,9.22263e-06
12,49,1.56705e-06
12,50,2.19256e-07
12,51,2.51728e-08
12,52,2.35635e-09
12,53,1.77996e-10
12,54,1.06813e-11
12,55,4.97239e-13
12,56,1.73075e-14
12,57,4.23799e-16
12,58,6.5103e-18
12,59,4.71953e-20
12,60,0
12,61,0
12,62,0
12,63,0
12,64,0
12,65,0
12,66,0
12,67,0
12,68,0
12,69,0
12,70,0
12,71,0
12,72,0
12,73,0
12,74,0
12,75,0
12,76,0
12,77,0
12,78,0
12,79,0
12,80,0
12,81,0
12,82,0
12,83,0
12,84,0
12,85,0
12,86,0
12,87,0
12,88,0
12,89,0
12,90,0
12,91,0
12,92,0
12,93,0
12,94,0
12,95,0
12,96,0
12,97,0
12,98,0
12,99,0
13,0,0
13,1,5.14616e-06
13,2,2.70059e-05
13,3,0.000115032
13,4,0.000406303
13,5,0.00119502
13,6,0.00295783
13,7,0.00630096
13,8,0.0119703
13,9,0.0210316
13,10,0.0347224
13,11,0.0535572
13,12,0.0768966
13,13,0.103575
13,14,0.131554
13,15,0.157791
13,16,0.180201
13,17,0.197413
13,18,0.208644
13,19,0.214914
13,20,0.216989
13,21,0.216471
13,22,0.214654
13,23,0.2125
13,24,0.211017
13,25,0.210363
13,26,0.211017
13,27,0.2125
13,28,0.214654
13,29,0.216471
13,30,0.216989
13,31,0.214914
13,32,0.208644
13,33,0.197413
13,34,0.180201
13,35,0.157791
13,36,0.131554
13,37,0.103575
13,38,0.0768966
13,39,0.0535573
13,40,0.0347224
13,41,0.0210316
13,42,0.0119703
13,43,0.00630096
13,44,0.00295783
13,45,0.00119502
13,46,0.000406304
13,47,0.000115033
13,48,2.70183e-05
13,49,5.25909e-06
13,50,8.47705e-07
13,51,1.12937e-07
13,52,1.23875e-08
13,53,1.11107e-09
13,54,8.06307e-11
13,55,4.65933e-12
13,56,2.0931e-13
13,57,7.04387e-15
13,58,1.67047e-16
13,59,2.48923e-18
13,60,1.75297e-20
13,61,0
13,62,0
13,63,0
13,64,0
13,65,0
13,66,0
13,67,0
13,68,0
13,69,0
13,70,0
13,71,0
13,72,0
13,73,0
13,74,0
13,75,0
13,76,0
13,77,0
13,78,0
13,79,0
13,80,0
13,81,0
13,82,0
13,83,0
13,84,0
13,85,0
13,86,0
13,87,0
13,88,0
13,89,0
13,90,0
13,91,0
13,92,0
13,93,0
13,94,0
13,95,0
13,96,0
13,97,0
13,98,0
13,99,0
14,0,0
14,1,1.42417e-05
14,2,6.64438e-05
14,3,0.000251641
14,4,0.000796408
14,5,0.00212407
14,6,0.00485422
14,7,0.00977641
14,8,0.0179453
14,9,0.0307135
14,10,0.0491276
14,11,0.0730642
14,12,0.101281
14,13,0.131554
14,14,0.160425
14,15,0.184764
14,16,0.202769
14,17,0.213253
14,18,0.217101
14,19,0.215888
14,20,0.211178
14,21,0.205283
14,22,0.199116
14,23,0.194277
14,24,0.190949
14,25,0.18994
14,26,0.190948
14,27,0.194277
14,28,0.199116
14,29,0.205283
14,30,0.211178
14,31,0.215888
14,32,0.217101
14,33,0.213253
14,34,0.202769
14,35,0.184764
14,36,0.160425
14,37,0.131554
14,38,0.101281
14,39,0.0730642
14,40,0.0491276
14,41,0.0307135
14,42,0.0179453
14,43,0.00977641
14,44,0.00485422
14,45,0.00212407
14,46,0.000796408
14,47,0.000251646
14,48,6.64959e-05
14,49,1.46524e-05
14,50,2.68941e-06
14,51,4.10704e-07
14,52,5.20569e-08
14,53,5.45236e-09
14,54,4.68505e-10
14,55,3.26658e-11
14,56,1.81819e-12
14,57,7.88525e-14
14,58,2.56701e-15
14,59,5.89989e-17
14,60,8.53451e-19
14,61,5.84322e-21
14,62,0
14,63,0
14,64,0
14,65,0
14,66,0
14,67,0
14,68,0
14,69,0
14,70,0
14,71,0
14,72,0
14,73,0
14,74,0
14,75,0
14,76,0
14,77,0
14,78,0
14,79,0
14,80,0
14,81,0
14,82,0
14,83,0
14,84,0
14,85,0
14,86,0
14,87,0
14,88,0
14,89,0
14,90,0
14,91,0
14,92,0
14,93,0
14,94,0
14,95,0
14,96,0
14,97,0
14,98,0
14,99,0
15,0,0
15,1,3.3275e-05
15,2,0.000140186
15,3,0.000479968
15,4,0.00138709
15,5,0.00342681
15,6,0.00738814
15,7,0.0143011
15,8,0.0255178
15,9,0.0424694
15,10,0.0657796
15,11,0.0945346
15,12,0.126388
15,13,0.157791
15,14,0.184764
15,15,0.204369
15,16,0.215021
15,17,0.217119
15,18,0.212785
15,19,0.204056
15,20,0.193657
15,21,0.1833
15,22,0.174299
15,23,0.167581
15,24,0.163308
15,25,0.161982
15,26,0.163308
15,27,0.167581
15,28,0.174299
15,29,0.1833
15,30,0.193657
15,31,0.204056
15,32,0.212785
15,33,0.217119
15,34,0.215021
15,35,0.204369
15,36,0.184764
15,37,0.157791
15,38,0.126388
15,39,0.0945346
15,40,0.0657796
15,41,0.0424694
15,42,0.0255178
15,43,0.0143011
15,44,0.00738814
15,45,0.00342681
15,46,0.0013871
15,47,0.000479989
15,48,0.000140363
15,49,3.45037e-05
15,50,7.11403e-06
15,51,1.22874e-06
15,52,1.7749e-07
15,53,2.1378e-08
15,54,2.13638e-09
15,55,1.75778e-10
15,56,1.17724e-11
15,57,6.31165e-13
15,58,2.64315e-14
15,59,8.32717e-16
15,60,1.85582e-17
15,61,2.60777e-19
15,62,1.73718e-21
15,63,0
15,64,0
15,65,0
15,66,0
15,67,0
15,68,0
15,69,0
15,70,0
15,71,0
15,72,0
15,73,0
15,74,0
15,75,0
15,76,0
15,77,0
15,78,0
15,79,0
15,80,0
15,81,0
15,82,0
15,83,0
15,84,0
15,85,0
15,86,0
15,87,0
15,88,0
15,89,0
15,90,0
15,91,0
15,92,0
15,93,0
15,94,0
15,95,0
15,96,0
15,97,0
15,98,0
15,99,0
16,0,0
16,1,6.70943e-05
16,2,0.000259686
16,3,0.000818275
16,4,0.00219965
16,5,0.00512459
16,6,0.0105775
16,7,0.0198484
16,8,0.0345149
16,9,0.0558771
16,10,0.0838377
16,11,0.116356
16,12,0.149939
16,13,0.180201
16,14,0.202769
16,15,0.215021
16,16,0.216936
16,17,0.210458
16,18,0.198439
16,19,0.184008
16,20,0.169667
16,21,0.156888
16,22,0.146717
16,23,0.139321
16,24,0.134963
16,25,0.133464
16,26,0.134963
16,27,0.139321
16,28,0.146717
16,29,0.156888
16,30,0.169667
16,31,0.184008
16,32,0.198439
16,33,0.210458
16,34,0.216936
16,35,0.215021
16,36,0.202769
16,37,0.180201
16,38,0.149939
16,39,0.116356
16,40,0.0838377
16,41,0.0558771
16,42,0.0345149
16,43,0.0198484
16,44,0.0105775
16,45,0.00512459
16,46,0.00219966
16,47,0.000818343
16,48,0.000260185
16,49,7.01729e-05
16,50,1.59994e-05
16,51,3.07861e-06
16,52,4.99228e-07
16,53,6.80787e-08
16,54,7.7796e-09
16,55,7.40867e-10
16,56,5.83171e-11
16,57,3.74947e-12
16,58,1.93577e-13
16,59,7.82752e-15
16,60,2.38698e-16
16,61,5.16041e-18
16,62,7.04802e-20
16,63,4.57151e-22
16,64,0
16,65,0
16,66,0
16,67,0
16,68,0
16,69,0
16,70,0
16,71,0
16,72,0
16,73,0
16,74,0
16,75,0
16,76,0
16,77,0
16,78,0
16,79,0
16,80,0
16,81,0
16,82,0
16,83,0
16,84,0
16,85,0
16,86,0
16,87,0
16,88,0
16,89,0
16,90,0
16,91,0
16,92,0
16,93,0
16,94,0
16,95,0
16,96,0
16,97,0
16,98,0
16,99,0
17,0,0
17,1,0.000119479
17,2,0.000431945
17,3,0.00127323
17,4,0.00323261
17,5,0.00719684
17,6,0.0143626
17,7,0.0262698
17,8,0.0445918
17,9,0.0702135
17,10,0.102067
17,11,0.137029
17,12,0.170588
17,13,0.197413
17,14,0.213253
17,15,0.217119
17,16,0.210458
17,17,0.19631
17,18,0.178778
17,19,0.160897
17,20,0.144841
17,21,0.131664
17,22,0.121598
17,23,0.114688
17,24,0.11059
17,25,0.109299
17,26,0.11059
17,27,0.114688
17,28,0.121598
17,29,0.131664
17,30,0.144841
17,31,0.160898
17,32,0.178778
17,33,0.19631
17,34,0.210458
17,35,0.217119
17,36,0.213253
17,37,0.197413
17,38,0.170588
17,39,0.137029
17,40,0.102067
17,41,0.0702135
17,42,0.0445918
17,43,0.0262698
17,44,0.0143626
17,45,0.00719685
17,46,0.00323263
17,47,0.00127341
17,48,0.000433126
17,49,0.000126073
17,50,3.1268e-05
17,51,6.59418e-06
17,52,1.181e-06
17,53,1.79344e-07
17,54,2.30343e-08
17,55,2.49216e-09
17,56,2.25774e-10
17,57,1.69784e-11
17,58,1.04688e-12
17,59,5.20104e-14
17,60,2.03002e-15
17,61,5.99177e-17
17,62,1.25686e-18
17,63,1.66927e-20
17,64,1.05496e-22
17,65,0
17,66,0
17,67,0
17,68,0
17,69,0
17,70,0
17,71,0
17,72,0
17,73,0
17,74,0
17,75,0
17,76,0
17,77,0
17,78,0
17,79,0
17,80,0
17,81,0
17,82,0
17,83,0
17,84,0
17,85,0
17,86,0
17,87,0
17,88,0
17,89,0
17,90,0
17,91,0
17,92,0
17,93,0
17,94,0
17,95,0
17,96,0
17,97,0
17,98,0
17,99,0
18,0,0
18,1,0.000191789
18,2,0.000656859
18,3,0.00183595
18,4,0.00445615
18,5,0.00957657
18,6,0.0186082
18,7,0.0332836
18,8,0.0551943
18,9,0.0846147
18,10,0.119472
18,11,0.155511
18,12,0.187099
18,13,0.208644
18,14,0.217101
18,15,0.212785
18,16,0.198439
18,17,0.178778
18,18,0.157967
18,19,0.138758
18,20,0.122893
18,21,0.110403
18,22,0.101447
18,23,0.0952898
18,24,0.091851
18,25,0.0906561
18,26,0.091851
18,27,0.0952898
18,28,0.101447
18,29,0.110403
18,30,0.122893
18,31,0.138758
18,32,0.157967
18,33,0.178778
18,34,0.198439
18,35,0.212785
18,36,0.217101
18,37,0.208644
18,38,0.187099
18,39,0.155511
18,40,0.119472
18,41,0.0846147
18,42,0.0551943
18,43,0.0332836
18,44,0.0186082
18,45,0.00957657
18,46,0.0044562
18,47,0.00183635
18,48,0.000659259
18,49,0.000204125
18,50,5.42327e-05
18,51,1.23361e-05
18,52,2.39992e-06
18,53,3.98926e-07
18,54,5.65662e-08
18,55,6.82314e-09
18,56,6.97074e-10
18,57,5.99314e-11
18,58,4.29695e-12
18,59,2.53675e-13
18,60,1.21131e-14
18,61,4.55997e-16
18,62,1.3022e-17
18,63,2.65037e-19
18,64,3.42414e-21
18,65,2.10993e-23
18,66,0
18,67,0
18,68,0
18,69,0
18,70,0
18,71,0
18,72,0
18,73,0
18,74,0
18,75,0
18,76,0
18,77,0
18,78,0
18,79,0
18,80,0
18,81,0
18,82,0
18,83,0
18,84,0
18,85,0
18,86,0
18,87,0
18,88,0
18,89,0
18,90,0
18,91,0
18,92,0
18,93,0
18,94,0
18,95,0
18,96,0
18,97,0
18,98,0
18,99,0
19,0,0
19,1,0.00028199
19,2,0.000925612
19,3,0.00248076
19,4,0.00581259
19,5,0.01215
19,6,0.0230968
19,7,0.0404977
19,8,0.0657281
19,9,0.0983352
19,10,0.135152
19,11,0.170842
19,12,0.199198
19,13,0.214914
19,14,0.215888
19,15,0.204056
19,16,0.184008
19,17,0.160897
19,18,0.138758
19,19,0.119978
19,20,0.105143
19,21,0.0941338
19,22,0.0863341
19,23,0.0811007
19,24,0.0781541
19,25,0.0771328
19,26,0.078154
19,27,0.0811007
19,28,0.0863341
19,29,0.0941337
19,30,0.105143
19,31,0.119978
19,32,0.138758
19,33,0.160897
19,34,0.184008
19,35,0.204056
19,36,0.215888
19,37,0.214914
19,38,0.199198
19,39,0.170842
19,40,0.135152
19,41,0.0983352
19,42,0.0657281
19,43,0.0404977
19,44,0.0230968
19,45,0.01215
19,46,0.00581271
19,47,0.00248153
19,48,0.000929888
19,49,0.000302539
19,50,8.4969e-05
19,51,2.05492e-05
19,52,4.27583e-06
19,53,7.65183e-07
19,54,1.1768e-07
19,55,1.55283e-08
19,56,1.75295e-09
19,57,1.68523e-10
19,58,1.37058e-11
19,59,9.34182e-13
19,60,5.26737e-14
19,61,2.41271e-15
19,62,8.74765e-17
19,63,2.41486e-18
19,64,4.76725e-20
19,65,5.99224e-22
19,66,3.60232e-24
19,67,0
19,68,0
19,69,0
19,70,0
19,71,0
19,72,0
19,73,0
19,74,0
19,75,0
19,76,0
19,77,0
19,78,0
19,79,0
19,80,0
19,81,0
19,82,0
19,83,0
19,84,0
19,85,0
19,86,0
19,87,0
19,88,0
19,89,0
19,90,0
19,91,0
19,92,0
19,93,0
19,94,0
19,95,0
19,96,0
19,97,0
19,98,0
19,99,0
20,0,0
20,1,0.000384398
20,2,0.00122089
20,3,0.00316673
20,4,0.00721843
20,5,0.0147618
20,6,0.0275601
20,7,0.0474941
20,8,0.0756076
20,9,0.110649
20,10,0.148475
20,11,0.18296
20,12,0.20744
20,13,0.216989
20,14,0.211178
20,15,0.193657
20,16,0.169667
20,17,0.144841
20,18,0.122893
20,19,0.105143
20,20,0.0918804
20,21,0.0821889
20,22,0.0753812
20,23,0.0707496
20,24,0.0680435
20,25,0.067119
20,26,0.0680435
20,27,0.0707496
20,28,0.0753812
20,29,0.0821888
20,30,0.0918804
20,31,0.105144
20,32,0.122893
20,33,0.144841
20,34,0.169667
20,35,0.193657
20,36,0.211178
20,37,0.216989
20,38,0.20744
20,39,0.18296
20,40,0.148475
20,41,0.110649
20,42,0.0756075
20,43,0.0474941
20,44,0.0275601
20,45,0.0147618
20,46,0.00721864
20,47,0.00316802
20,48,0.00122769
20,49,0.000415355
20,50,0.00012191
20,51,3.09576e-05
20,52,6.79636e-06
20,53,1.28996e-06
20,54,2.11667e-07
20,55,3.00085e-08
20,56,3.66993e-09
20,57,3.8604e-10
20,58,3.47677e-11
20,59,2.66305e-12
20,60,1.71845e-13
20,61,9.22038e-15
20,62,4.03881e-16
20,63,1.40696e-17
20,64,3.74849e-19
20,65,7.17144e-21
20,66,8.76914e-23
20,67,5.14617e-25
20,68,0
20,69,0
20,70,0
20,71,0
20,72,0
20,73,0
20,74,0
20,75,0
20,76,0
20,77,0
20,78,0
20,79,0
20,80,0
20,81,0
20,82,0
20,83,0
20,84,0
20,85,0
20,86,0
20,87,0
20,88,0
20,89,0
20,90,0
20,91,0
20,92,0
20,93,0
20,94,0
20,95,0
20,96,0
20,97,0
20,98,0
20,99,0
21,0,0
21,1,0.000490224
21,2,0.00151852
21,3,0.00384117
21,4,0.00857279
21,5,0.0172354
21,6,0.0317105
21,7,0.0538442
21,8,0.084303
21,9,0.121106
21,10,0.159256
21,11,0.191901
21,12,0.212287
21,13,0.216471
21,14,0.205283
21,15,0.1833
21,16,0.156888
21,17,0.131664
21,18,0.110403
21,19,0.0941338
21,20,0.0821888
21,21,0.0735098
21,22,0.0672686
21,23,0.0627564
21,24,0.060001
21,25,0.0589282
21,26,0.0600009
21,27,0.0627564
21,28,0.0672687
21,29,0.0735098
21,30,0.0821889
21,31,0.0941338
21,32,0.110403
21,33,0.131664
21,34,0.156888
21,35,0.1833
21,36,0.205283
21,37,0.216472
21,38,0.212287
21,39,0.191901
21,40,0.159256
21,41,0.121106
21,42,0.084303
21,43,0.0538442
21,44,0.0317105
21,45,0.0172354
21,46,0.00857313
21,47,0.00384311
21,48,0.00152829
21,49,0.00053291
21,50,0.000161848
21,51,4.26865e-05
21,52,9.76984e-06
21,53,1.94102e-06
21,54,3.34912e-07
21,55,5.01945e-08
21,56,6.53077e-09
21,57,7.36518e-10
21,58,7.17932e-11
21,59,6.02181e-12
21,60,4.31792e-13
21,61,2.6224e-14
21,62,1.33157e-15
21,63,5.55078e-17
21,64,1.85055e-18
21,65,4.74444e-20
21,66,8.78105e-22
21,67,1.04394e-23
21,68,5.98392e-26
21,69,0
21,70,0
21,71,0
21,72,0
21,73,0
21,74,0
21,75,0
21,76,0
21,77,0
21,78,0
21,79,0
21,80,0
21,81,0
21,82,0
21,83,0
21,84,0
21,85,0
21,86,0
21,87,0
21,88,0
21,89,0
21,90,0
21,91,0
21,92,0
21,93,0
21,94,0
21,95,0
21,96,0
21,97,0
21,98,0
21,99,0
22,0,0
22,1,0.000588742
22,2,0.00179054
22,3,0.00444626
22,4,0.00976908
22,5,0.0193892
22,6,0.0352672
22,7,0.0591813
22,8,0.0914339
22,9,0.129387
22,10,0.167354
22,11,0.198111
22,12,0.215
22,13,0.214654
22,14,0.199116
22,15,0.174299
22,16,0.146717
22,17,0.121598
22,18,0.101447
22,19,0.0863341
22,20,0.0753813
22,21,0.0672687
22,22,0.0610433
22,23,0.0562143
22,24,0.0527307
22,25,0.051293
22,26,0.0527308
22,27,0.0562142
22,28,0.0610433
22,29,0.0672686
22,30,0.0753812
22,31,0.0863341
22,32,0.101447
22,33,0.121598
22,34,0.146717
22,35,0.174299
22,36,0.199116
22,37,0.214654
22,38,0.215
22,39,0.198111
22,40,0.167354
22,41,0.129387
22,42,0.0914339
22,43,0.0591813
22,44,0.0352672
22,45,0.0193893
22,46,0.00976955
22,47,0.0044489
22,48,0.00180338
22,49,0.000643096
22,50,0.000200346
22,51,5.43543e-05
22,52,1.28327e-05
22,53,2.63781e-06
22,54,4.72471e-07
22,55,7.37927e-08
22,56,1.00516e-08
22,57,1.19341e-09
22,58,1.23313e-10
22,59,1.10585e-11
22,60,8.57055e-13
22,61,5.70493e-14
22,62,3.2329e-15
22,63,1.5404e-16
22,64,6.06309e-18
22,65,1.92138e-19
22,66,4.71539e-21
22,67,8.4138e-23
22,68,9.71111e-25
22,69,5.43993e-27
22,70,0
22,71,0
22,72,0
22,73,0
22,74,0
22,75,0
22,76,0
22,77,0
22,78,0
22,79,0
22,80,0
22,81,0
22,82,0
22,83,0
22,84,0
22,85,0
22,86,0
22,87,0
22,88,0
22,89,0
22,90,0
22,91,0
22,92,0
22,93,0
22,94,0
22,95,0
22,96,0
22,97,0
22,98,0
22,99,0
23,0,0
23,1,0.000668966
23,2,0.00200919
23,3,0.00492614
23,4,0.0107069
23,5,0.02106
23,6,0.0379935
23,7,0.0632053
23,8,0.0966922
23,9,0.135341
23,10,0.173001
23,11,0.202111
23,12,0.216104
23,13,0.2125
23,14,0.194277
23,15,0.167581
23,16,0.139321
23,17,0.114688
23,18,0.0952898
23,19,0.0811007
23,20,0.0707497
23,21,0.0627564
23,22,0.0562142
23,23,0.0502875
23,24,0.0452374
23,25,0.0423112
23,26,0.0452375
23,27,0.0502875
23,28,0.0562141
23,29,0.0627564
23,30,0.0707496
23,31,0.0811008
23,32,0.0952898
23,33,0.114688
23,34,0.139321
23,35,0.167581
23,36,0.194277
23,37,0.2125
23,38,0.216104
23,39,0.202111
23,40,0.173001
23,41,0.135341
23,42,0.0966922
23,43,0.0632053
23,44,0.0379935
23,45,0.0210601
23,46,0.0107075
23,47,0.00492941
23,48,0.0020247
23,49,0.000733289
23,50,0.000232498
23,51,6.43226e-05
23,52,1.55161e-05
23,53,3.26533e-06
23,54,6.00155e-07
23,55,9.64364e-08
23,56,1.35565e-08
23,57,1.6673e-09
23,58,1.7928e-10
23,59,1.68267e-11
23,60,1.37477e-12
23,61,9.73758e-14
23,62,5.9447e-15
23,63,3.10258e-16
23,64,1.3685e-17
23,65,5.01822e-19
23,66,1.49308e-20
23,67,3.47184e-22
23,68,5.92955e-24
23,69,6.62122e-26
23,70,3.62662e-28
23,71,0
23,72,0
23,73,0
23,74,0
23,75,0
23,76,0
23,77,0
23,78,0
23,79,0
23,80,0
23,81,0
23,82,0
23,83,0
23,84,0
23,85,0
23,86,0
23,87,0
23,88,0
23,89,0
23,90,0
23,91,0
23,92,0
23,93,0
23,94,0
23,95,0
23,96,0
23,97,0
23,98,0
23,99,0
24,0,0
24,1,0.000721402
24,2,0.0021509
24,3,0.00523454
24,4,0.0113051
24,5,0.0221178
24,6,0.0397035
24,7,0.0657034
24,8,0.0999205
24,9,0.138925
24,10,0.176256
24,11,0.204269
24,12,0.216599
24,13,0.211017
24,14,0.190949
24,15,0.163308
24,16,0.134963
24,17,0.11059
24,18,0.0918511
24,19,0.0781541
24,20,0.0680435
24,21,0.0600009
24,22,0.0527307
24,23,0.0452376
24,24,0.0367781
24,25,0.0288188
24,26,0.0367779
24,27,0.0452376
24,28,0.0527307
24,29,0.0600009
24,30,0.0680434
24,31,0.0781541
24,32,0.091851
24,33,0.11059
24,34,0.134963
24,35,0.163308
24,36,0.190949
24,37,0.211017
24,38,0.216599
24,39,0.204269
24,40,0.176256
24,41,0.138925
24,42,0.0999205
24,43,0.0657034
24,44,0.0397036
24,45,0.0221179
24,46,0.0113058
24,47,0.00523824
24,48,0.00216826
24,49,0.000792447
24,50,0.000253863
24,51,7.10452e-05
24,52,1.73555e-05
24,53,3.70323e-06
24,54,6.91016e-07
24,55,1.12899e-07
24,56,1.61657e-08
24,57,2.02949e-09
24,58,2.23341e-10
24,59,2.15235e-11
24,60,1.81302e-12
24,61,1.33095e-13
24,62,8.47969e-15
24,63,4.66199e-16
24,64,2.1948e-17
24,65,8.75642e-19
24,66,2.91776e-20
24,67,7.94848e-22
24,68,1.71161e-23
24,69,2.74949e-25
24,70,2.94276e-27
24,71,1.57679e-29
24,72,0
24,73,0
24,74,0
24,75,0
24,76,0
24,77,0
24,78,0
24,79,0
24,80,0
24,81,0
24,82,0
24,83,0
24,84,0
24,85,0
24,86,0
24,87,0
24,88,0
24,89,0
24,90,0
24,91,0
24,92,0
24,93,0
24,94,0
24,95,0
24,96,0
24,97,0
24,98,0
24,99,0
25,0,0
25,1,0.000739636
25,2,0.00219999
25,3,0.00534089
25,4,0.0115105
25,5,0.0224798
25,6,0.0402874
25,7,0.0665507
25,8,0.100999
25,9,0.140112
25,10,0.177357
25,11,0.204993
25,12,0.216623
25,13,0.210363
25,14,0.18994
25,15,0.161982
25,16,0.133464
25,17,0.109299
25,18,0.0906561
25,19,0.0771328
25,20,0.067119
25,21,0.0589282
25,22,0.0512929
25,23,0.0423112
25,24,0.0288188
25,25,1.86645e-05
25,26,0.0288187
25,27,0.0423112
25,28,0.051293
25,29,0.0589283
25,30,0.067119
25,31,0.0771329
25,32,0.0906561
25,33,0.109299
25,34,0.133464
25,35,0.161982
25,36,0.18994
25,37,0.210363
25,38,0.216623
25,39,0.204993
25,40,0.177357
25,41,0.140112
25,42,0.100999
25,43,0.0665507
25,44,0.0402875
25,45,0.0224799
25,46,0.0115113
25,47,0.00534475
25,48,0.002218
25,49,0.000813055
25,50,0.000261354
25,51,7.34191e-05
25,52,1.80103e-05
25,53,3.86049e-06
25,54,7.2396e-07
25,55,1.18931e-07
25,56,1.7133e-08
25,57,2.1655e-09
25,58,2.40127e-10
25,59,2.33423e-11
25,60,1.98593e-12
25,61,1.47502e-13
25,62,9.52927e-15
25,63,5.3283e-16
25,64,2.56164e-17
25,65,1.04979e-18
25,66,3.62686e-20
25,67,1.04148e-21
25,68,2.4408e-23
25,69,4.55148e-25
25,70,6.47228e-27
25,71,6.39731e-29
25,72,3.35487e-31
25,73,0
25,74,0
25,75,0
25,76,0
25,77,0
25,78,0
25,79,0
25,80,0
25,81,0
25,82,0
25,83,0
25,84,0
25,85,0
25,86,0
25,87,0
25,88,0
25,89,0
25,90,0
25,91,0
25,92,0
25,93,0
25,94,0
25,95,0
25,96,0
25,97,0
25,98,0
25,99,0
26,0,0
26,1,0.000721402
26,2,0.0021509
26,3,0.00523454
26,4,0.0113051
26,5,0.0221178
26,6,0.0397035
26,7,0.0657034
26,8,0.0999205
26,9,0.138925
26,10,0.176256
26,11,0.204269
26,12,0.216599
26,13,0.211017
26,14,0.190949
26,15,0.163308
26,16,0.134963
26,17,0.11059
26,18,0.0918511
26,19,0.0781541
26,20,0.0680435
26,21,0.0600009
26,22,0.0527307
26,23,0.0452376
26,24,0.0367781
26,25,0.0288188
26,26,0.0367779
26,27,0.0452376
26,28,0.0527307
26,29,0.0600009
26,30,0.0680434
26,31,0.0781541
26,32,0.091851
26,33,0.11059
26,34,0.134963
26,35,0.163308
26,36,0.190949
26,37,0.211017
26,38,0.216599
26,39,0.204269
26,40,0.176256
26,41,0.138925
26,42,0.0999205
26,43,0.0657034
26,44,0.0397036
26,45,0.0221179
26,46,0.0113058
26,47,0.00523824
26,48,0.00216826
26,49,0.000792447
26,50,0.000253863
26,51,7.10452e-05
26,52,1.73555e-05
26,53,3.70323e-06
26,54,6.91016e-07
26,55,1.12899e-07
26,56,1.61657e-08
26,57,2.02949e-09
26,58,2.23341e-10
26,59,2.15235e-11
26,60,1.81302e-12
26,61,1.33095e-13
26,62,8.47969e-15
26,63,4.66199e-16
26,64,2.1948e-17
26,65,8.75642e-19
26,66,2.91776e-20
26,67,7.94848e-22
26,68,1.71161e-23
26,69,2.74949e-25
26,70,2.94276e-27
26,71,1.57679e-29
26,72,0
26,73,0
26,74,0
26,75,0
26,76,0
26,77,0
26,78,0
26,79,0
26,80,0
26,81,0
26,82,0
26,83,0
26,84,0
26,85,0
26,86,0
26,87,0
26,88,0
26,89,0
26,90,0
26,91,0
26,92,0
26,93,0
26,94,0
26,95,0
26,96,0
26,97,0
26,98,0
26,99,0
27,0,0
27,1,0.000668966
27,2,0.00200919
27,3,0.00492614
27,4,0.0107069
27,5,0.02106
27,6,0.0379935
27,7,0.0632053
27,8,0.0966922
27,9,0.135341
27,10,0.173001
27,11,0.202111
27,12,0.216104
27,13,0.2125
27,14,0.194277
27,15,0.167581
27,16,0.139321
27,17,0.114688
27,18,0.0952898
27,19,0.0811007
27,20,0.0707497
27,21,0.0627564
27,22,0.0562142
27,23,0.0502875
27,24,0.0452374
27,25,0.0423112
27,26,0.0452375
27,27,0.0502875
27,28,0.0562141
27,29,0.0627564
27,30,0.0707496
27,31,0.0811008
27,32,0.0952898
27,33,0.114688
27,34,0.139321
27,35,0.167581
27,36,0.194277
27,37,0.2125
27,38,0.216104
27,39,0.202111
27,40,0.173001
27,41,0.135341
27,42,0.0966922
27,43,0.0632053
27,44,0.0379935
27,45,0.0210601
27,46,0.0107075
27,47,0.00492941
27,48,0.0020247
27,49,0.000733289
27,50,0.000232498
27,51,6.43226e-05
27,52,1.55161e-05
27,53,3.26533e-06
27,54,6.00155e-07
27,55,9.64364e-08
27,56,1.35565e-08
27,57,1.6673e-09
27,58,1.7928e-10
27,59,1.68267e-11
27,60,1.37477e-12
27,61,9.73758e-14
27,62,5.9447e-15
27,63,3.10258e-16
27,64,1.3685e-17
27,65,5.01822e-19
27,66,1.49308e-20
27,67,3.47184e-22
27,68,5.92955e-24
27,69,6.62122e-26
27,70,3.62662e-28
27,71,0
27,72,0
27,73,0
27,74,0
27,75,0
27,76,0
27,77,0
27,78,0
27,79,0
27,80,0
27,81,0
27,82,0
27,83,0
27,84,0
27,85,0
27,86,0
27,87,0
27,88,0
27,89,0
27,90,0
27,91,0
27,92,0
27,93,0
27,94,0
27,95,0
27,96,0
27,97,0
27,98,0
27,99,0
28,0,0
28,1,0.000588742
28,2,0.00179054
28,3,0.00444626
28,4,0.00976908
28,5,0.0193892
28,6,0.0352672
28,7,0.0591813
28,8,0.0914339
28,9,0.129387
28,10,0.167354
28,11,0.198111
28,12,0.215
28,13,0.214654
28,14,0.199116
28,15,0.174299
28,16,0.146717
28,17,0.121598
28,18,0.101447
28,19,0.0863341
28,20,0.0753813
28,21,0.0672687
28,22,0.0610433
28,23,0.0562143
28,24,0.0527307
28,25,0.051293
28,26,0.0527308
28,27,0.0562142
28,28,0.0610433
28,29,0.0672686
28,30,0.0753812
28,31,0.0863341
28,32,0.101447
28,33,0.121598
28,34,0.146717
28,35,0.174299
28,36,0.199116
28,37,0.214654
28,38,0.215
28,39,0.198111
28,40,0.167354
28,41,0.129387
28,42,0.0914339
28,43,0.0591813
28,44,0.0352672
28,45,0.0193893
28,46,0.00976955
28,47,0.0044489
28,48,0.00180338
28,49,0.000643096
28,50,0.000200346
28,51,5.43543e-05
28,52,1.28327e-05
28,53,2.63781e-06
28,54,4.72471e-07
28,55,7.37927e-08
28,56,1.00516e-08
28,57,1.19341e-09
28,58,1.23313e-10
28,59,1.10585e-11
28,60,8.57055e-13
28,61,5.70493e-14
28,62,3.2329e-15
28,63,1.5404e-16
28,64,6.06309e-18
28,65,1.92138e-19
28,66,4.71539e-21
28,67,8.4138e-23
28,68,9.71111e-25
28,69,5.43993e-27
28,70,0
28,71,0
28,72,0
28,73,0
28,74,0
28,75,3.35487e-31
28,76,0
28,77,0
28,78,0
28,79,0
28,80,0
28,81,0
28,82,0
28,83,0
28,84,0
28,85,0
28,86,0
28,87,0
28,88,0
28,89,0
28,90,0
28,91,0
28,92,0
28,93,0
28,94,0
28,95,0
28,96,0
28,97,0
28,98,0
28,99,0
29,0,0
29,1,0.000490224
29,2,0.00151852
29,3,0.00384117
29,4,0.00857279
29,5,0.0172354
29,6,0.0317105
29,7,0.0538442
29,8,0.084303
29,9,0.121106
29,10,0.159256
29,11,0.191901
29,12,0.212287
29,13,0.216471
29,14,0.205283
29,15,0.1833
29,16,0.156888
29,17,0.131664
29,18,0.110403
29,19,0.0941338
29,20,0.0821888
29,21,0.0735098
29,22,0.0672686
29,23,0.0627564
29,24,0.060001
29,25,0.0589282
29,26,0.0600009
29,27,0.0627564
29,28,0.0672687
29,29,0.0735098
29,30,0.0821889
29,31,0.0941338
29,32,0.110403
29,33,0.131664
29,34,0.156888
29,35,0.1833
29,36,0.205283
29,37,0.216472
29,38,0.212287
29,39,0.191901
29,40,0.159256
29,41,0.121106
29,42,0.084303
29,43,0.0538442
29,44,0.0317105
29,45,0.0172354
29,46,0.00857313
29,47,0.00384311
29,48,0.00152829
29,49,0.00053291
29,50,0.000161848
29,51,4.26865e-05
29,52,9.76984e-06
29,53,1.94102e-06
29,54,3.34912e-07
29,55,5.01945e-08
29,56,6.53077e-09
29,57,7.36518e-10
29,58,7.17932e-11
29,59,6.02181e-12
29,60,4.31792e-13
29,61,2.6224e-14
29,62,1.33157e-15
29,63,5.55078e-17
29,64,1.85055e-18
29,65,4.74444e-20
29,66,8.78105e-22
29,67,1.04394e-23
29,68,5.98392e-26
29,69,0
29,70,0
29,71,0
29,72,0
29,73,0
29,74,1.57679e-29
29,75,6.39731e-29
29,76,1.57679e-29
29,77,0
29,78,0
29,79,0
29,80,0
29,81,0
29,82,0
29,83,0
29,84,0
29,85,0
29,86,0
29,87,0
29,88,0
29,89,0
29,90,0
29,91,0
29,92,0
29,93,0
29,94,0
29,95,0
29,96,0
29,97,0
29,98,0
29,99,0
30,0,0
30,1,0.000384398
30,2,0.00122089
30,3,0.00316673
30,4,0.00721843
30,5,0.0147618
30,6,0.0275601
30,7,0.0474941
30,8,0.0756076
30,9,0.110649
30,10,0.148475
30,11,0.18296
30,12,0.20744
30,13,0.216989
30,14,0.211178
30,15,0.193657
30,16,0.169667
30,17,0.144841
30,18,0.122893
30,19,0.105143
30,20,0.0918804
30,21,0.0821889
30,22,0.0753812
30,23,0.0707496
30,24,0.0680435
30,25,0.067119
30,26,0.0680435
30,27,0.0707496
30,28,0.0753812
30,29,0.0821888
30,30,0.0918804
30,31,0.105144
30,32,0.122893
30,33,0.144841
30,34,0.169667
30,35,0.193657
30,36,0.211178
30,37,0.216989
30,38,0.20744
30,39,0.18296
30,40,0.148475
30,41,0.110649
30,42,0.0756075
30,43,0.0474941
30,44,0.0275601
30,45,0.0147618
30,46,0.00721864
30,47,0.00316802
30,48,0.00122769
30,49,0.000415355
30,50,0.00012191
30,51,3.09576e-05
30,52,6.79636e-06
30,53,1.28996e-06
30,54,2.11667e-07
30,55,3.00085e-08
30,56,3.66993e-09
30,57,3.8604e-10
30,58,3.47677e-11
30,59,2.66305e-12
30,60,1.71845e-13
30,61,9.22038e-15
30,62,4.03881e-16
30,63,1.40696e-17
30,64,3.74849e-19
30,65,7.17144e-21
30,66,8.76914e-23
30,67,5.14617e-25
30,68,0
30,69,0
30,70,0
30,71,0
30,72,0
30,73,3.62662e-28
30,74,2.94276e-27
30,75,6.47228e-27
30,76,2.94276e-27
30,77,3.62662e-28
30,78,0
30,79,0
30,80,0
30,81,0
30,82,0
30,83,0
30,84,0
30,85,0
30,86,0
30,87,0
30,88,0
30,89,0
30,90,0
30,91,0
30,92,0
30,93,0
30,94,0
30,95,0
30,96,0
30,97,0
30,98,0
30,99,0
31,0,0
31,1,0.00028199
31,2,0.000925612
31,3,0.00248076
31,4,0.00581259
31,5,0.01215
31,6,0.0230968
31,7,0.0404977
31,8,0.0657281
31,9,0.0983352
31,10,0.135152
31,11,0.170842
31,12,0.199198
31,13,0.214914
31,14,0.215888
31,15,0.204056
31,16,0.184008
31,17,0.160897
31,18,0.138758
31,19,0.119978
31,20,0.105143
31,21,0.0941338
31,22,0.0863341
31,23,0.0811007
31,24,0.0781541
31,25,0.0771328
31,26,0.078154
31,27,0.0811007
31,28,0.0863341
31,29,0.0941337
31,30,0.105143
31,31,0.119978
31,32,0.138758
31,33,0.160897
31,34,0.184008
31,35,0.204056
31,36,0.215888
31,37,0.214914
31,38,0.199198
31,39,0.170842
31,40,0.135152
31,41,0.0983352
31,42,0.0657281
31,43,0.0404977
31,44,0.0230968
31,45,0.01215
