0,0,0
0,1,0
0,2,0
0,3,0
0,4,0
0,5,0
0,6,0
0,7,0
0,8,0
0,9,0
0,10,0
0,11,0
0,12,0
0,13,0
0,14,0
0,15,0
0,16,0
0,17,0
0,18,0
0,19,0
0,20,0
0,21,0
0,22,0
0,23,0
0,24,0
0,25,0
0,26,0
0,27,0
0,28,0
0,29,0
0,30,0
0,31,0
0,32,0
0,33,0
0,34,0
0,35,0
0,36,0
0,37,0
0,38,0
0,39,0
0,40,0
0,41,0
0,42,0
0,43,0
0,44,0
0,45,0
0,46,0
0,47,0
0,48,0
0,49,0
0,50,0
0,51,0
0,52,0
0,53,0
0,54,0
0,55,0
0,56,0
0,57,0
0,58,0
0,59,0
0,60,0
0,61,0
0,62,0
0,63,0
0,64,0
0,65,0
0,66,0
0,67,0
0,68,0
0,69,0
0,70,0
0,71,0
0,72,0
0,73,0
0,74,0
0,75,0
0,76,0
0,77,0
0,78,0
0,79,0
0,80,0
0,81,0
0,82,0
0,83,0
0,84,0
0,85,0
0,86,0
0,87,0
0,88,0
0,89,0
0,90,0
0,91,0
0,92,0
0,93,0
0,94,0
0,95,0
0,96,0
0,97,0
0,98,0
0,99,0
1,0,0
1,1,0
1,2,0
1,3,0
1,4,0
1,5,0
1,6,6.87483e-17
1,7,5.3065e-15
1,8,1.87809e-13
1,9,4.04321e-12
1,10,5.92485e-11
1,11,6.26947e-10
1,12,4.96394e-09
1,13,3.01108e-08
1,14,1.4243e-07
1,15,5.33736e-07
1,16,1.61193e-06
1,17,4.00574e-06
1,18,8.39481e-06
1,19,1.52204e-05
1,20,2.44125e-05
1,21,3.52359e-05
1,22,4.63446e-05
1,23,5.60415e-05
1,24,6.26688e-05
1,25,6.50247e-05
1,26,6.26688e-05
1,27,5.60415e-05
1,28,4.63446e-05
1,29,3.52359e-05
1,30,2.44125e-05
1,31,1.52204e-05
1,32,8.39481e-06
1,33,4.00574e-06
1,34,1.61193e-06
1,35,5.33736e-07
1,36,1.4243e-07
1,37,3.01108e-08
1,38,4.96393e-09
1,39,6.26946e-10
1,40,5.92485e-11
1,41,4.04321e-12
1,42,1.87809e-13
1,43,5.3065e-15
1,44,6.87483e-17
1,45,0
1,46,0
1,47,0
1,48,0
1,49,0
1,50,0
1,51,0
1,52,0
1,53,0
1,54,0
1,55,0
1,56,0
1,57,0
1,58,0
1,59,0
1,60,0
1,61,0
1,62,0
1,63,0
1,64,0
1,65,0
1,66,0
1,67,0
1,68,0
1,69,0
1,70,0
1,71,0
1,72,0
1,73,0
1,74,0
1,75,0
1,76,0
1,77,0
1,78,0
1,79,0
1,80,0
1,81,0
1,82,0
1,83,0
1,84,0
1,85,0
1,86,0
1,87,0
1,88,0
1,89,0
1,90,0
1,91,0
1,92,0
1,93,0
1,94,0
1,95,0
1,96,0
1,97,0
1,98,0
1,99,0
2,0,0
2,1,0
2,2,0
2,3,0
2,4,0
2,5,8.2498e-17
2,6,6.70295e-15
2,7,2.50421e-13
2,8,5.70792e-12
2,9,8.88366e-11
2,10,1.00163e-09
2,11,8.47656e-09
2,12,5.51103e-08
2,13,2.79946e-07
2,14,1.12714e-06
2,15,3.65138e-06
2,16,9.69302e-06
2,17,2.15725e-05
2,18,4.13019e-05
2,19,6.97056e-05
2,20,0.000105747
2,21,0.000146303
2,22,0.000186555
2,23,0.000220863
2,24,0.00024396
2,25,0.000252108
2,26,0.00024396
2,27,0.000220863
2,28,0.000186555
2,29,0.000146303
2,30,0.000105747
2,31,6.97056e-05
2,32,4.13019e-05
2,33,2.15725e-05
2,34,9.69302e-06
2,35,3.65138e-06
2,36,1.12714e-06
2,37,2.79946e-07
2,38,5.51103e-08
2,39,8.47656e-09
2,40,1.00163e-09
2,41,8.88366e-11
2,42,5.70792e-12
2,43,2.50421e-13
2,44,6.70295e-15
2,45,8.2498e-17
2,46,0
2,47,0
2,48,0
2,49,0
2,50,0
2,51,0
2,52,0
2,53,0
2,54,0
2,55,0
2,56,0
2,57,0
2,58,0
2,59,0
2,60,0
2,61,0
2,62,0
2,63,0
2,64,0
2,65,0
2,66,0
2,67,0
2,68,0
2,69,0
2,70,0
2,71,0
2,72,0
2,73,0
2,74,0
2,75,0
2,76,0
2,77,0
2,78,0
2,79,0
2,80,0
2,81,0
2,82,0
2,83,0
2,84,0
2,85,0
2,86,0
2,87,0
2,88,0
2,89,0
2,90,0
2,91,0
2,92,0
2,93,0
2,94,0
2,95,0
2,96,0
2,97,0
2,98,0
2,99,0
3,0,0
3,1,0
3,2,0
3,3,0
3,4,9.0355e-17
3,5,7.70839e-15
3,6,3.0311e-13
3,7,7.29019e-12
3,8,1.2004e-10
3,9,1.43568e-09
3,10,1.29206e-08
3,11,8.95225e-08
3,12,4.85292e-07
3,13,2.08516e-06
3,14,7.19405e-06
3,15,2.02471e-05
3,16,4.74585e-05
3,17,9.50364e-05
3,18,0.000166952
3,19,0.000263144
3,20,0.000378392
3,21,0.000502507
3,22,0.000621725
3,23,0.000720995
3,24,0.000786838
3,25,0.000809891
3,26,0.000786838
3,27,0.000720995
3,28,0.000621725
3,29,0.000502507
3,30,0.000378392
3,31,0.000263144
3,32,0.000166952
3,33,9.50364e-05
3,34,4.74585e-05
3,35,2.02471e-05
3,36,7.19405e-06
3,37,2.08516e-06
3,38,4.85292e-07
3,39,8.95225e-08
3,40,1.29206e-08
3,41,1.43568e-09
3,42,1.2004e-10
3,43,7.29019e-12
3,44,3.0311e-13
3,45,7.7084e-15
3,46,9.0355e-17
3,47,0
3,48,0
3,49,0
3,50,0
3,51,0
3,52,0
3,53,0
3,54,0
3,55,0
3,56,0
3,57,0
3,58,0
3,59,0
3,60,0
3,61,0
3,62,0
3,63,0
3,64,0
3,65,0
3,66,0
3,67,0
3,68,0
3,69,0
3,70,0
3,71,0
3,72,0
3,73,0
3,74,0
3,75,0
3,76,0
3,77,0
3,78,0
3,79,0
3,80,0
3,81,0
3,82,0
3,83,0
3,84,0
3,85,0
3,86,0
3,87,0
3,88,0
3,89,0
3,90,0
3,91,0
3,92,0
3,93,0
3,94,0
3,95,0
3,96,0
3,97,0
3,98,0
3,99,0
4,0,0
4,1,0
4,2,0
4,3,9.0355e-17
4,4,8.07546e-15
4,5,3.33404e-13
4,6,8.43905e-12
4,7,1.46595e-10
4,8,1.85421e-09
4,9,1.76896e-08
4,10,1.30196e-07
4,11,7.50775e-07
4,12,3.43235e-06
4,13,1.25794e-05
4,14,3.74511e-05
4,15,9.2234e-05
4,16,0.000192516
4,17,0.000350196
4,18,0.000569687
4,19,0.000845103
4,20,0.00115918
4,21,0.00148504
4,22,0.0017894
4,23,0.00203789
4,24,0.00220062
4,25,0.00225725
4,26,0.00220062
4,27,0.00203789
4,28,0.0017894
4,29,0.00148504
4,30,0.00115918
4,31,0.000845103
4,32,0.000569687
4,33,0.000350196
4,34,0.000192516
4,35,9.2234e-05
4,36,3.74511e-05
4,37,1.25794e-05
4,38,3.43235e-06
4,39,7.50775e-07
4,40,1.30196e-07
4,41,1.76896e-08
4,42,1.85421e-09
4,43,1.46595e-10
4,44,8.43905e-12
4,45,3.33404e-13
4,46,8.07546e-15
4,47,9.0355e-17
4,48,0
4,49,0
4,50,0
4,51,0
4,52,0
4,53,0
4,54,0
4,55,0
4,56,0
4,57,0
4,58,0
4,59,0
4,60,0
4,61,0
4,62,0
4,63,0
4,64,0
4,65,0
4,66,0
4,67,0
4,68,0
4,69,0
4,70,0
4,71,0
4,72,0
4,73,0
4,74,0
4,75,0
4,76,0
4,77,0
4,78,0
4,79,0
4,80,0
4,81,0
4,82,0
4,83,0
4,84,0
4,85,0
4,86,0
4,87,0
4,88,0
4,89,0
4,90,0
4,91,0
4,92,0
4,93,0
4,94,0
4,95,0
4,96,0
4,97,0
4,98,0
4,99,0
5,0,0
5,1,0
5,2,8.2498e-17
5,3,7.70839e-15
5,4,3.33404e-13
5,5,8.86023e-12
5,6,1.61961e-10
5,7,2.16069e-09
5,8,2.17908e-08
5,9,1.69884e-07
5,10,1.03924e-06
5,11,5.04275e-06
5,12,1.9593e-05
5,13,6.1618e-05
5,14,0.000159262
5,15,0.000345883
5,16,0.00064937
5,17,0.00108511
5,18,0.00165168
5,19,0.00232639
5,20,0.00306615
5,21,0.00381119
5,22,0.0044918
5,23,0.00503893
5,24,0.0053935
5,25,0.00551639
5,26,0.0053935
5,27,0.00503893
5,28,0.0044918
5,29,0.00381119
5,30,0.00306615
5,31,0.00232639
5,32,0.00165168
5,33,0.00108511
5,34,0.00064937
5,35,0.000345883
5,36,0.000159262
5,37,6.1618e-05
5,38,1.9593e-05
5,39,5.04276e-06
5,40,1.03924e-06
5,41,1.69884e-07
5,42,2.17908e-08
5,43,2.16069e-09
5,44,1.61961e-10
5,45,8.86023e-12
5,46,3.33404e-13
5,47,7.70839e-15
5,48,8.2498e-17
5,49,0
5,50,0
5,51,0
5,52,0
5,53,0
5,54,0
5,55,0
5,56,0
5,57,0
5,58,0
5,59,0
5,60,0
5,61,0
5,62,0
5,63,0
5,64,0
5,65,0
5,66,0
5,67,0
5,68,0
5,69,0
5,70,0
5,71,0
5,72,0
5,73,0
5,74,0
5,75,0
5,76,0
5,77,0
5,78,0
5,79,0
5,80,0
5,81,0
5,82,0
5,83,0
5,84,0
5,85,0
5,86,0
5,87,0
5,88,0
5,89,0
5,90,0
5,91,0
5,92,0
5,93,0
5,94,0
5,95,0
5,96,0
5,97,0
5,98,0
5,99,0
6,0,0
6,1,6.87483e-17
6,2,6.70295e-15
6,3,3.0311e-13
6,4,8.43905e-12
6,5,1.61961e-10
6,6,2.27353e-09
6,7,2.41786e-08
6,8,1.99176e-07
6,9,1.2895e-06
6,10,6.62736e-06
6,11,2.72561e-05
6,12,9.04712e-05
6,13,0.000245361
6,14,0.000554296
6,15,0.00107245
6,16,0.00183525
6,17,0.00285597
6,18,0.0041162
6,19,0.00556
6,20,0.00709839
6,21,0.00861329
6,22,0.00997436
6,23,0.011055
6,24,0.0117497
6,25,0.0119895
6,26,0.0117497
6,27,0.011055
6,28,0.00997436
6,29,0.00861329
6,30,0.00709839
6,31,0.00556
6,32,0.0041162
6,33,0.00285597
6,34,0.00183525
6,35,0.00107245
6,36,0.000554296
6,37,0.000245361
6,38,9.04711e-05
6,39,2.72561e-05
6,40,6.62736e-06
6,41,1.2895e-06
6,42,1.99176e-07
6,43,2.41786e-08
6,44,2.27353e-09
6,45,1.61961e-10
6,46,8.43905e-12
6,47,3.0311e-13
6,48,6.70295e-15
6,49,6.87483e-17
6,50,0
6,51,0
6,52,0
6,53,0
6,54,0
6,55,0
6,56,0
6,57,0
6,58,0
6,59,0
6,60,0
6,61,0
6,62,0
6,63,0
6,64,0
6,65,0
6,66,0
6,67,0
6,68,0
6,69,0
6,70,0
6,71,0
6,72,0
6,73,0
6,74,0
6,75,0
6,76,0
6,77,0
6,78,0
6,79,0
6,80,0
6,81,0
6,82,0
6,83,0
6,84,0
6,85,0
6,86,0
6,87,0
6,88,0
6,89,0
6,90,0
6,91,0
6,92,0
6,93,0
6,94,0
6,95,0
6,96,0
6,97,0
6,98,0
6,99,0
7,0,0
7,1,5.3065e-15
7,2,2.50421e-13
7,3,7.29019e-12
7,4,1.46595e-10
7,5,2.16069e-09
7,6,2.41786e-08
7,7,2.10002e-07
7,8,1.43597e-06
7,9,7.80335e-06
7,10,3.39303e-05
7,11,0.000118831
7,12,0.000338362
7,13,0.000796007
7,14,0.00158787
7,15,0.00277969
7,16,0.00441457
7,17,0.00650236
7,18,0.0089912
7,19,0.01177
7,20,0.0146687
7,21,0.017472
7,22,0.0199557
7,23,0.0219043
7,24,0.0231486
7,25,0.0235755
7,26,0.0231486
7,27,0.0219043
7,28,0.0199557
7,29,0.017472
7,30,0.0146687
7,31,0.01177
7,32,0.0089912
7,33,0.00650236
7,34,0.00441457
7,35,0.00277969
7,36,0.00158787
7,37,0.000796007
7,38,0.000338362
7,39,0.000118831
7,40,3.39303e-05
7,41,7.80335e-06
7,42,1.43597e-06
7,43,2.10002e-07
7,44,2.41786e-08
7,45,2.16069e-09
7,46,1.46595e-10
7,47,7.29019e-12
7,48,2.50421e-13
7,49,5.3065e-15
7,50,5.22487e-17
7,51,0
7,52,0
7,53,0
7,54,0
7,55,0
7,56,0
7,57,0
7,58,0
7,59,0
7,60,0
7,61,0
7,62,0
7,63,0
7,64,0
7,65,0
7,66,0
7,67,0
7,68,0
7,69,0
7,70,0
7,71,0
7,72,0
7,73,0
7,74,0
7,75,0
7,76,0
7,77,0
7,78,0
7,79,0
7,80,0
7,81,0
7,82,0
7,83,0
7,84,0
7,85,0
7,86,0
7,87,0
7,88,0
7,89,0
7,90,0
7,91,0
7,92,0
7,93,0
7,94,0
7,95,0
7,96,0
7,97,0
7,98,0
7,99,0
8,0,0
8,1,1.87809e-13
8,2,5.70792e-12
8,3,1.2004e-10
8,4,1.85421e-09
8,5,2.17908e-08
8,6,1.99176e-07
8,7,1.43597e-06
8,8,8.23919e-06
8,9,3.78456e-05
8,10,0.00013986
8,11,0.000418668
8,12,0.0010281
8,13,0.00211963
8,14,0.00380033
8,15,0.00616051
8,16,0.00928059
8,17,0.0131534
8,18,0.0176616
8,19,0.0225924
8,20,0.0276257
8,21,0.0324051
8,22,0.036568
8,23,0.0397911
8,24,0.0418308
8,25,0.0425264
8,26,0.0418308
8,27,0.0397911
8,28,0.036568
8,29,0.0324051
8,30,0.0276257
8,31,0.0225924
8,32,0.0176616
8,33,0.0131534
8,34,0.00928059
8,35,0.0061605
8,36,0.00380033
8,37,0.00211963
8,38,0.0010281
8,39,0.000418668
8,40,0.00013986
8,41,3.78456e-05
8,42,8.23919e-06
8,43,1.43597e-06
8,44,1.99176e-07
8,45,2.17908e-08
8,46,1.85421e-09
8,47,1.2004e-10
8,48,5.70792e-12
8,49,1.87845e-13
8,50,3.82068e-15
8,51,3.61722e-17
8,52,0
8,53,0
8,54,0
8,55,0
8,56,0
8,57,0
8,58,0
8,59,0
8,60,0
8,61,0
8,62,0
8,63,0
8,64,0
8,65,0
8,66,0
8,67,0
8,68,0
8,69,0
8,70,0
8,71,0
8,72,0
8,73,0
8,74,0
8,75,0
8,76,0
8,77,0
8,78,0
8,79,0
8,80,0
8,81,0
8,82,0
8,83,0
8,84,0
8,85,0
8,86,0
8,87,0
8,88,0
8,89,0
8,90,0
8,91,0
8,92,0
8,93,0
8,94,0
8,95,0
8,96,0
8,97,0
8,98,0
8,99,0
9,0,0
9,1,4.04321e-12
9,2,8.88366e-11
9,3,1.43568e-09
9,4,1.76896e-08
9,5,1.69884e-07
9,6,1.2895e-06
9,7,7.80335e-06
9,8,3.78456e-05
9,9,0.000147651
9,10,0.000465529
9,11,0.00119741
9,12,0.00256269
9,13,0.00472333
9,14,0.00783287
9,15,0.0120961
9,16,0.0176233
9,17,0.0243119
9,18,0.0319146
9,19,0.0400017
9,20,0.0480319
9,21,0.0554767
9,22,0.0618096
9,23,0.0666387
9,24,0.0696484
9,25,0.0706757
9,26,0.0696484
9,27,0.0666387
9,28,0.0618096
9,29,0.0554767
9,30,0.0480319
9,31,0.0400017
9,32,0.0319146
9,33,0.0243119
9,34,0.0176233
9,35,0.0120961
9,36,0.00783287
9,37,0.00472333
9,38,0.00256269
9,39,0.00119741
9,40,0.000465529
9,41,0.000147651
9,42,3.78456e-05
9,43,7.80335e-06
9,44,1.2895e-06
9,45,1.69884e-07
9,46,1.76896e-08
9,47,1.43568e-09
9,48,8.88367e-11
9,49,4.04571e-12
9,50,1.27762e-13
9,51,2.49814e-15
9,52,2.27751e-17
9,53,0
9,54,0
9,55,0
9,56,0
9,57,0
9,58,0
9,59,0
9,60,0
9,61,0
9,62,0
9,63,0
9,64,0
9,65,0
9,66,0
9,67,0
9,68,0
9,69,0
9,70,0
9,71,0
9,72,0
9,73,0
9,74,0
9,75,0
9,76,0
9,77,0
9,78,0
9,79,0
9,80,0
9,81,0
9,82,0
9,83,0
9,84,0
9,85,0
9,86,0
9,87,0
9,88,0
9,89,0
9,90,0
9,91,0
9,92,0
9,93,0
9,94,0
9,95,0
9,96,0
9,97,0
9,98,0
9,99,0
10,0,0
10,1,5.92485e-11
10,2,1.00163e-09
10,3,1.29206e-08
10,4,1.30196e-07
10,5,1.03924e-06
10,6,6.62736e-06
10,7,3.39303e-05
10,8,0.00013986
10,9,0.000465529
10,10,0.0012596
10,11,0.00281542
10,12,0.00536769
10,13,0.00914653
10,14,0.0145244
10,15,0.0218252
10,16,0.0309975
10,17,0.0417359
10,18,0.0535238
10,19,0.0655721
10,20,0.0771458
10,21,0.0875158
10,22,0.0960986
10,23,0.102501
10,24,0.106422
10,25,0.107759
10,26,0.106422
10,27,0.102501
10,28,0.0960986
10,29,0.0875158
10,30,0.0771458
10,31,0.0655721
10,32,0.0535238
10,33,0.0417358
10,34,0.0309975
10,35,0.0218252
10,36,0.0145244
10,37,0.00914653
10,38,0.0053677
10,39,0.00281542
10,40,0.0012596
10,41,0.000465529
10,42,0.00013986
10,43,3.39303e-05
10,44,6.62736e-06
10,45,1.03924e-06
10,46,1.30196e-07
10,47,1.29206e-08
10,48,1.00163e-09
10,49,5.93271e-11
10,50,2.59147e-12
10,51,7.86451e-14
10,52,1.48038e-15
10,53,1.30143e-17
10,54,0
10,55,0
10,56,0
10,57,0
10,58,0
10,59,0
10,60,0
10,61,0
10,62,0
10,63,0
10,64,0
10,65,0
10,66,0
10,67,0
10,68,0
10,69,0
10,70,0
10,71,0
10,72,0
10,73,0
10,74,0
10,75,0
10,76,0
10,77,0
10,78,0
10,79,0
10,80,0
10,81,0
10,82,0
10,83,0
10,84,0
10,85,0
10,86,0
10,87,0
10,88,0
10,89,0
10,90,0
10,91,0
10,92,0
10,93,0
10,94,0
10,95,0
10,96,0
10,97,0
10,98,0
10,99,0
11,0,0
11,1,6.26946e-10
11,2,8.47656e-09
11,3,8.95226e-08
11,4,7.50775e-07
11,5,5.04276e-06
11,6,2.72561e-05
11,7,0.000118831
11,8,0.000418668
11,9,0.00119741
11,10,0.00281542
11,11,0.00559894
11,12,0.00986781
11,13,0.0161692
11,14,0.025122
11,15,0.0368058
11,16,0.0508077
11,17,0.0665488
11,18,0.0829922
11,19,0.0990565
11,20,0.113863
11,21,0.12655
11,22,0.136738
11,23,0.144067
11,24,0.148506
11,25,0.149969
11,26,0.148506
11,27,0.144067
11,28,0.136738
11,29,0.12655
11,30,0.113863
11,31,0.0990565
11,32,0.0829922
11,33,0.0665488
11,34,0.0508077
11,35,0.0368058
11,36,0.025122
11,37,0.0161692
11,38,0.00986781
11,39,0.00559894
11,40,0.00281542
11,41,0.00119741
11,42,0.000418668
11,43,0.000118831
11,44,2.72561e-05
11,45,5.04276e-06
11,46,7.50775e-07
11,47,8.95226e-08
11,48,8.4766e-09
11,49,6.28443e-10
11,50,3.56768e-11
11,51,1.49673e-12
11,52,4.37072e-14
11,53,7.9306e-16
11,54,6.73155e-18
11,55,0
11,56,0
11,57,0
11,58,0
11,59,0
11,60,0
11,61,0
11,62,0
11,63,0
11,64,0
11,65,0
11,66,0
11,67,0
11,68,0
11,69,0
11,70,0
11,71,0
11,72,0
11,73,0
11,74,0
11,75,0
11,76,0
11,77,0
11,78,0
11,79,0
11,80,0
11,81,0
11,82,0
11,83,0
11,84,0
11,85,0
11,86,0
11,87,0
11,88,0
11,89,0
11,90,0
11,91,0
11,92,0
11,93,0
11,94,0
11,95,0
11,96,0
11,97,0
11,98,0
11,99,0
12,0,0
12,1,4.96394e-09
12,2,5.51103e-08
12,3,4.85292e-07
12,4,3.43235e-06
12,5,1.9593e-05
12,6,9.04711e-05
12,7,0.000338362
12,8,0.0010281
12,9,0.00256269
12,10,0.00536769
12,11,0.00986781
12,12,0.0167511
12,13,0.0269431
12,14,0.0407892
12,15,0.0577851
12,16,0.0772643
12,17,0.0980588
12,18,0.118539
12,19,0.137604
12,20,0.154127
12,21,0.167578
12,22,0.177844
12,23,0.184882
12,24,0.189059
12,25,0.190362
12,26,0.189059
12,27,0.184882
12,28,0.177844
12,29,0.167578
12,30,0.154127
12,31,0.137604
12,32,0.118539
12,33,0.0980588
12,34,0.0772644
12,35,0.0577851
12,36,0.0407892
12,37,0.0269431
12,38,0.0167511
12,39,0.00986781
12,40,0.0053677
12,41,0.00256269
12,42,0.0010281
12,43,0.000338362
12,44,9.04711e-05
12,45,1.9593e-05
12,46,3.43235e-06
12,47,4.85292e-07
12,48,5.51111e-08
12,49,4.9832e-09
12,50,3.53682e-10
12,51,1.92657e-11
12,52,7.77149e-13
12,53,2.18633e-14
12,54,3.82856e-16
12,55,3.14139e-18
12,56,0
12,57,0
12,58,0
12,59,0
12,60,0
12,61,0
12,62,0
12,63,0
12,64,0
12,65,0
12,66,0
12,67,0
12,68,0
12,69,0
12,70,0
12,71,0
12,72,0
12,73,0
12,74,0
12,75,0
12,76,0
12,77,0
12,78,0
12,79,0
12,80,0
12,81,0
12,82,0
12,83,0
12,84,0
12,85,0
12,86,0
12,87,0
12,88,0
12,89,0
12,90,0
12,91,0
12,92,0
12,93,0
12,94,0
12,95,0
12,96,0
12,97,0
12,98,0
12,99,0
13,0,0
13,1,3.01108e-08
13,2,2.79946e-07
13,3,2.08516e-06
13,4,1.25794e-05
13,5,6.1618e-05
13,6,0.000245361
13,7,0.000796007
13,8,0.00211963
13,9,0.00472333
13,10,0.00914653
13,11,0.0161692
13,12,0.0269431
13,13,0.0422105
13,14,0.0615717
13,15,0.0842236
13,16,0.108981
13,17,0.13362
13,18,0.156433
13,19,0.176164
13,20,0.191796
13,21,0.203629
13,22,0.21172
13,23,0.216963
13,24,0.219754
13,25,0.220675
13,26,0.219754
13,27,0.216963
13,28,0.21172
13,29,0.203629
13,30,0.191796
13,31,0.176164
13,32,0.156433
13,33,0.13362
13,34,0.108981
13,35,0.0842236
13,36,0.0615717
13,37,0.0422105
13,38,0.0269431
13,39,0.0161692
13,40,0.00914653
13,41,0.00472333
13,42,0.00211963
13,43,0.000796007
13,44,0.000245361
13,45,6.1618e-05
13,46,1.25794e-05
13,47,2.08516e-06
13,48,2.79956e-07
13,49,3.02887e-08
13,50,2.61692e-09
13,51,1.77949e-10
13,52,9.30927e-12
13,53,3.61435e-13
13,54,9.8061e-15
13,55,1.65904e-16
13,56,1.31736e-18
13,57,0
13,58,0
13,59,0
13,60,0
13,61,0
13,62,0
13,63,0
13,64,0
13,65,0
13,66,0
13,67,0
13,68,0
13,69,0
13,70,0
13,71,0
13,72,0
13,73,0
13,74,0
13,75,0
13,76,0
13,77,0
13,78,0
13,79,0
13,80,0
13,81,0
13,82,0
13,83,0
13,84,0
13,85,0
13,86,0
13,87,0
13,88,0
13,89,0
13,90,0
13,91,0
13,92,0
13,93,0
13,94,0
13,95,0
13,96,0
13,97,0
13,98,0
13,99,0
14,0,0
14,1,1.4243e-07
14,2,1.12714e-06
14,3,7.19405e-06
14,4,3.74511e-05
14,5,0.000159262
14,6,0.000554296
14,7,0.00158787
14,8,0.00380033
14,9,0.00783287
14,10,0.0145244
14,11,0.025122
14,12,0.0407892
14,13,0.0615717
14,14,0.0866216
14,15,0.114676
14,16,0.143127
14,17,0.169237
14,18,0.191471
14,19,0.20833
14,20,0.220044
14,21,0.22735
14,22,0.231178
14,23,0.233084
14,24,0.233607
14,25,0.233877
14,26,0.233607
14,27,0.233084
14,28,0.231178
14,29,0.22735
14,30,0.220044
14,31,0.20833
14,32,0.191471
14,33,0.169237
14,34,0.143127
14,35,0.114676
14,36,0.0866216
14,37,0.0615717
14,38,0.0407892
14,39,0.025122
14,40,0.0145244
14,41,0.00783287
14,42,0.00380033
14,43,0.00158787
14,44,0.000554296
14,45,0.000159262
14,46,3.74511e-05
14,47,7.19405e-06
14,48,1.12722e-06
14,49,1.43653e-07
14,50,1.48068e-08
14,51,1.22278e-09
14,52,7.97049e-11
14,53,4.00735e-12
14,54,1.49873e-13
14,55,3.92505e-15
14,56,6.42211e-17
14,57,4.94009e-19
14,58,0
14,59,0
14,60,0
14,61,0
14,62,0
14,63,0
14,64,0
14,65,0
14,66,0
14,67,0
14,68,0
14,69,0
14,70,0
14,71,0
14,72,0
14,73,0
14,74,0
14,75,0
14,76,0
14,77,0
14,78,0
14,79,0
14,80,0
14,81,0
14,82,0
14,83,0
14,84,0
14,85,0
14,86,0
14,87,0
14,88,0
14,89,0
14,90,0
14,91,0
14,92,0
14,93,0
14,94,0
14,95,0
14,96,0
14,97,0
14,98,0
14,99,0
15,0,0
15,1,5.33736e-07
15,2,3.65138e-06
15,3,2.02471e-05
15,4,9.22341e-05
15,5,0.000345883
15,6,0.00107245
15,7,0.00277969
15,8,0.00616051
15,9,0.0120961
15,10,0.0218252
15,11,0.0368058
15,12,0.0577851
15,13,0.0842236
15,14,0.114676
15,15,0.146379
15,16,0.175666
15,17,0.200094
15,18,0.217865
15,19,0.228548
15,20,0.233641
15,21,0.234248
15,22,0.232742
15,23,0.230323
15,24,0.228484
15,25,0.227741
15,26,0.228484
15,27,0.230323
15,28,0.232742
15,29,0.234248
15,30,0.233641
15,31,0.228548
15,32,0.217865
15,33,0.200094
15,34,0.175666
15,35,0.146379
15,36,0.114676
15,37,0.0842236
15,38,0.0577851
15,39,0.0368058
15,40,0.0218252
15,41,0.0120961
15,42,0.0061605
15,43,0.00277969
15,44,0.00107245
15,45,0.000345883
15,46,9.22341e-05
15,47,2.02471e-05
15,48,3.65189e-06
15,49,5.40145e-07
15,50,6.5286e-08
15,51,6.40866e-09
15,52,5.05846e-10
15,53,3.16152e-11
15,54,1.52835e-12
15,55,5.50959e-14
15,56,1.3939e-15
15,57,2.2076e-17
15,58,1.6467e-19
15,59,0
15,60,0
15,61,0
15,62,0
15,63,0
15,64,0
15,65,0
15,66,0
15,67,0
15,68,0
15,69,0
15,70,0
15,71,0
15,72,0
15,73,0
15,74,0
15,75,0
15,76,0
15,77,0
15,78,0
15,79,0
15,80,0
15,81,0
15,82,0
15,83,0
15,84,0
15,85,0
15,86,0
15,87,0
15,88,0
15,89,0
15,90,0
15,91,0
15,92,0
15,93,0
15,94,0
15,95,0
15,96,0
15,97,0
15,98,0
15,99,0
16,0,0
16,1,1.61193e-06
16,2,9.69302e-06
16,3,4.74585e-05
16,4,0.000192516
16,5,0.000649371
16,6,0.00183525
16,7,0.00441457
16,8,0.00928059
16,9,0.0176233
16,10,0.0309975
16,11,0.0508077
16,12,0.0772643
16,13,0.108981
16,14,0.143127
16,15,0.175666
16,16,0.20281
16,17,0.221985
16,18,0.23212
16,19,0.234624
16,20,0.231444
16,21,0.225103
16,22,0.218095
16,23,0.211795
16,24,0.207791
16,25,0.206223
16,26,0.207791
16,27,0.211795
16,28,0.218095
16,29,0.225103
16,30,0.231444
16,31,0.234624
16,32,0.23212
16,33,0.221985
16,34,0.20281
16,35,0.175667
16,36,0.143127
16,37,0.108981
16,38,0.0772644
16,39,0.0508077
16,40,0.0309975
16,41,0.0176233
16,42,0.00928059
16,43,0.00441457
16,44,0.00183525
16,45,0.000649371
16,46,0.000192516
16,47,4.74587e-05
16,48,9.69546e-06
16,49,1.63807e-06
16,50,2.28301e-07
16,51,2.61382e-08
16,52,2.44157e-09
16,53,1.84121e-10
16,54,1.10327e-11
16,55,5.12909e-13
16,56,1.783e-14
16,57,4.36037e-16
16,58,6.68969e-18
16,59,4.84323e-20
16,60,0
16,61,0
16,62,0
16,63,0
16,64,0
16,65,0
16,66,0
16,67,0
16,68,0
16,69,0
16,70,0
16,71,0
16,72,0
16,73,0
16,74,0
16,75,0
16,76,0
16,77,0
16,78,0
16,79,0
16,80,0
16,81,0
16,82,0
16,83,0
16,84,0
16,85,0
16,86,0
16,87,0
16,88,0
16,89,0
16,90,0
16,91,0
16,92,0
16,93,0
16,94,0
16,95,0
16,96,0
16,97,0
16,98,0
16,99,0
17,0,0
17,1,4.00574e-06
17,2,2.15725e-05
17,3,9.50364e-05
17,4,0.000350196
17,5,0.00108511
17,6,0.00285597
17,7,0.00650236
17,8,0.0131534
17,9,0.0243119
17,10,0.0417358
17,11,0.0665488
17,12,0.0980588
17,13,0.13362
17,14,0.169237
17,15,0.200094
17,16,0.221985
17,17,0.233068
17,18,0.234115
17,19,0.227534
17,20,0.216503
17,21,0.204214
17,22,0.192817
17,23,0.183951
17,24,0.178338
17,25,0.176452
17,26,0.178338
17,27,0.183951
17,28,0.192817
17,29,0.204214
17,30,0.216503
17,31,0.227534
17,32,0.234115
17,33,0.233068
17,34,0.221985
17,35,0.200094
17,36,0.169237
17,37,0.13362
17,38,0.0980588
17,39,0.0665488
17,40,0.0417359
17,41,0.0243119
17,42,0.0131534
17,43,0.00650236
17,44,0.00285597
17,45,0.00108511
17,46,0.000350196
17,47,9.50372e-05
17,48,2.15817e-05
17,49,4.09033e-06
17,50,6.45581e-07
17,51,8.45909e-08
17,52,9.15721e-09
17,53,8.12861e-10
17,54,5.85101e-11
17,55,3.35955e-12
17,56,1.50176e-13
17,57,5.03488e-15
17,58,1.19071e-16
17,59,1.7708e-18
17,60,1.2454e-20
17,61,0
17,62,0
17,63,0
17,64,0
17,65,0
17,66,0
17,67,0
17,68,0
17,69,0
17,70,0
17,71,0
17,72,0
17,73,0
17,74,0
17,75,0
17,76,0
17,77,0
17,78,0
17,79,0
17,80,0
17,81,0
17,82,0
17,83,0
17,84,0
17,85,0
17,86,0
17,87,0
17,88,0
17,89,0
17,90,0
17,91,0
17,92,0
17,93,0
17,94,0
17,95,0
17,96,0
17,97,0
17,98,0
17,99,0
18,0,0
18,1,8.39481e-06
18,2,4.13019e-05
18,3,0.000166952
18,4,0.000569687
18,5,0.00165168
18,6,0.0041162
18,7,0.0089912
18,8,0.0176616
18,9,0.0319146
18,10,0.0535238
18,11,0.0829922
18,12,0.118539
18,13,0.156433
18,14,0.191471
18,15,0.217865
18,16,0.23212
18,17,0.234115
18,18,0.225795
18,19,0.211141
18,20,0.194132
18,21,0.177731
18,22,0.164061
18,23,0.153878
18,24,0.147795
18,25,0.145685
18,26,0.147795
18,27,0.153878
18,28,0.164061
18,29,0.177731
18,30,0.194132
18,31,0.211141
18,32,0.225795
18,33,0.234115
18,34,0.23212
18,35,0.217865
18,36,0.191471
18,37,0.156433
18,38,0.118539
18,39,0.0829922
18,40,0.0535239
18,41,0.0319146
18,42,0.0176616
18,43,0.0089912
18,44,0.0041162
18,45,0.00165168
18,46,0.000569687
18,47,0.000166955
18,48,4.13292e-05
18,49,8.61677e-06
18,50,1.51014e-06
18,51,2.21961e-07
18,52,2.72647e-08
18,53,2.78375e-09
18,54,2.34343e-10
18,55,1.60756e-11
18,56,8.83511e-13
18,57,3.79503e-14
18,58,1.22684e-15
18,59,2.80621e-17
18,60,4.04755e-19
18,61,2.76756e-21
18,62,0
18,63,0
18,64,0
18,65,0
18,66,0
18,67,0
18,68,0
18,69,0
18,70,0
18,71,0
18,72,0
18,73,0
18,74,0
18,75,0
18,76,0
18,77,0
18,78,0
18,79,0
18,80,0
18,81,0
18,82,0
18,83,0
18,84,0
18,85,0
18,86,0
18,87,0
18,88,0
18,89,0
18,90,0
18,91,0
18,92,0
18,93,0
18,94,0
18,95,0
18,96,0
18,97,0
18,98,0
18,99,0
19,0,0
19,1,1.52204e-05
19,2,6.97056e-05
19,3,0.000263144
19,4,0.000845103
19,5,0.00232639
19,6,0.00556
19,7,0.01177
19,8,0.0225924
19,9,0.0400017
19,10,0.0655721
19,11,0.0990565
19,12,0.137604
19,13,0.176164
19,14,0.20833
19,15,0.228548
19,16,0.234624
19,17,0.227534
19,18,0.211141
19,19,0.190593
19,20,0.169729
19,21,0.15159
19,22,0.137159
19,23,0.127019
19,24,0.120985
19,25,0.119
19,26,0.120985
19,27,0.127018
19,28,0.137159
19,29,0.15159
19,30,0.16973
19,31,0.190593
19,32,0.211141
19,33,0.227534
19,34,0.234624
19,35,0.228548
19,36,0.20833
19,37,0.176164
19,38,0.137604
19,39,0.0990565
19,40,0.0655721
19,41,0.0400017
19,42,0.0225924
19,43,0.01177
19,44,0.00556
19,45,0.00232639
19,46,0.000845104
19,47,0.000263151
19,48,6.97715e-05
19,49,1.57042e-05
19,50,2.99613e-06
19,51,4.83826e-07
19,52,6.59809e-08
19,53,7.57045e-09
19,54,7.2657e-10
19,55,5.78335e-11
19,56,3.77157e-12
19,57,1.98034e-13
19,58,8.16319e-15
19,59,2.54271e-16
19,60,5.62433e-18
19,61,7.87023e-20
19,62,5.23592e-22
19,63,0
19,64,0
19,65,0
19,66,0
19,67,0
19,68,0
19,69,0
19,70,0
19,71,0
19,72,0
19,73,0
19,74,0
19,75,0
19,76,0
19,77,0
19,78,0
19,79,0
19,80,0
19,81,0
19,82,0
19,83,0
19,84,0
19,85,0
19,86,0
19,87,0
19,88,0
19,89,0
19,90,0
19,91,0
19,92,0
19,93,0
19,94,0
19,95,0
19,96,0
19,97,0
19,98,0
19,99,0
20,0,0
20,1,2.44125e-05
20,2,0.000105747
20,3,0.000378392
20,4,0.00115918
20,5,0.00306615
20,6,0.00709839
20,7,0.0146687
20,8,0.0276257
20,9,0.0480319
20,10,0.0771458
20,11,0.113863
20,12,0.154127
20,13,0.191796
20,14,0.220044
20,15,0.233641
20,16,0.231444
20,17,0.216503
20,18,0.194132
20,19,0.169729
20,20,0.147328
20,21,0.128876
20,22,0.114919
20,23,0.105355
20,24,0.0996813
20,25,0.0978596
20,26,0.0996813
20,27,0.105355
20,28,0.114919
20,29,0.128876
20,30,0.147327
20,31,0.16973
20,32,0.194132
20,33,0.216503
20,34,0.231444
20,35,0.233641
20,36,0.220044
20,37,0.191796
20,38,0.154127
20,39,0.113863
20,40,0.0771458
20,41,0.0480319
20,42,0.0276257
20,43,0.0146687
20,44,0.00709839
20,45,0.00306615
20,46,0.00115918
20,47,0.000378409
20,48,0.000105881
20,49,2.53106e-05
20,50,5.16303e-06
20,51,8.98149e-07
20,52,1.33099e-07
20,53,1.67668e-08
20,54,1.78868e-09
20,55,1.60635e-10
20,56,1.20388e-11
20,57,7.4359e-13
20,58,3.71869e-14
20,59,1.46763e-15
20,60,4.39806e-17
20,61,9.40068e-19
20,62,1.27625e-20
20,63,8.26725e-23
20,64,0
20,65,0
20,66,0
20,67,0
20,68,0
20,69,0
20,70,0
20,71,0
20,72,0
20,73,0
20,74,0
20,75,0
20,76,0
20,77,0
20,78,0
20,79,0
20,80,0
20,81,0
20,82,0
20,83,0
20,84,0
20,85,0
20,86,0
20,87,0
20,88,0
20,89,0
20,90,0
20,91,0
20,92,0
20,93,0
20,94,0
20,95,0
20,96,0
20,97,0
20,98,0
20,99,0
21,0,0
21,1,3.52359e-05
21,2,0.000146303
21,3,0.000502507
21,4,0.00148504
21,5,0.00381119
21,6,0.00861329
21,7,0.017472
21,8,0.0324051
21,9,0.0554767
21,10,0.0875158
21,11,0.12655
21,12,0.167578
21,13,0.203629
21,14,0.22735
21,15,0.234248
21,16,0.225103
21,17,0.204214
21,18,0.177731
21,19,0.15159
21,20,0.128876
21,21,0.111079
21,22,0.0979585
21,23,0.0889251
21,24,0.0835058
21,25,0.0816341
21,26,0.0835058
21,27,0.0889251
21,28,0.0979583
21,29,0.111079
21,30,0.128876
21,31,0.15159
21,32,0.177731
21,33,0.204214
21,34,0.225103
21,35,0.234248
21,36,0.22735
21,37,0.203629
21,38,0.167578
21,39,0.12655
21,40,0.0875158
21,41,0.0554767
21,42,0.0324051
21,43,0.017472
21,44,0.00861329
21,45,0.00381119
21,46,0.00148504
21,47,0.000502538
21,48,0.000146532
21,49,3.6687e-05
21,50,7.87862e-06
21,51,1.45112e-06
21,52,2.292e-07
21,53,3.10188e-08
21,54,3.58971e-09
21,55,3.5394e-10
21,56,2.95605e-11
21,57,2.07328e-12
21,58,1.20606e-13
21,59,5.71646e-15
21,60,2.15152e-16
21,61,6.18535e-18
21,62,1.27549e-19
21,63,1.67928e-21
21,64,1.0599e-23
21,65,0
21,66,0
21,67,0
21,68,0
21,69,0
21,70,0
21,71,0
21,72,0
21,73,0
21,74,0
21,75,0
21,76,0
21,77,0
21,78,0
21,79,0
21,80,0
21,81,0
21,82,0
21,83,0
21,84,0
21,85,0
21,86,0
21,87,0
21,88,0
21,89,0
21,90,0
21,91,0
21,92,0
21,93,0
21,94,0
21,95,0
21,96,0
21,97,0
21,98,0
21,99,0
22,0,0
22,1,4.63446e-05
22,2,0.000186555
22,3,0.000621726
22,4,0.0017894
22,5,0.0044918
22,6,0.00997436
22,7,0.0199557
22,8,0.036568
22,9,0.0618096
22,10,0.0960986
22,11,0.136738
22,12,0.177844
22,13,0.21172
22,14,0.231178
22,15,0.232742
22,16,0.218095
22,17,0.192817
22,18,0.164061
22,19,0.137159
22,20,0.114919
22,21,0.0979583
22,22,0.0853807
22,23,0.0764503
22,24,0.0705171
22,25,0.0683004
22,26,0.070517
22,27,0.0764503
22,28,0.0853807
22,29,0.0979584
22,30,0.114919
22,31,0.137159
22,32,0.164061
22,33,0.192817
22,34,0.218095
22,35,0.232742
22,36,0.231178
22,37,0.21172
22,38,0.177844
22,39,0.136738
22,40,0.0960986
22,41,0.0618096
22,42,0.036568
22,43,0.0199557
22,44,0.00997436
22,45,0.0044918
22,46,0.0017894
22,47,0.000621775
22,48,0.000186898
22,49,4.84195e-05
22,50,1.08008e-05
22,51,2.07498e-06
22,52,3.43485e-07
22,53,4.89968e-08
22,54,6.01831e-09
22,55,6.35321e-10
22,56,5.74409e-11
22,57,4.42358e-12
22,58,2.87801e-13
22,59,1.56313e-14
22,60,6.96584e-16
22,61,2.48317e-17
22,62,6.81268e-19
22,63,1.35077e-20
22,64,1.72234e-22
22,65,1.0599e-24
22,66,0
22,67,0
22,68,0
22,69,0
22,70,0
22,71,0
22,72,0
22,73,0
22,74,0
22,75,0
22,76,0
22,77,0
22,78,0
22,79,0
22,80,0
22,81,0
22,82,0
22,83,0
22,84,0
22,85,0
22,86,0
22,87,0
22,88,0
22,89,0
22,90,0
22,91,0
22,92,0
22,93,0
22,94,0
22,95,0
22,96,0
22,97,0
22,98,0
22,99,0
23,0,0
23,1,5.60415e-05
23,2,0.000220863
23,3,0.000720995
23,4,0.00203789
23,5,0.00503894
23,6,0.011055
23,7,0.0219043
23,8,0.0397911
23,9,0.0666387
23,10,0.102501
23,11,0.144067
23,12,0.184882
23,13,0.216963
23,14,0.233084
23,15,0.230323
23,16,0.211795
23,17,0.183951
23,18,0.153878
23,19,0.127018
23,20,0.105355
23,21,0.0889251
23,22,0.0764504
23,23,0.0666296
23,24,0.0590562
23,25,0.0550689
23,26,0.0590562
23,27,0.0666297
23,28,0.0764503
23,29,0.0889252
23,30,0.105355
23,31,0.127018
23,32,0.153878
23,33,0.183951
23,34,0.211795
23,35,0.230323
23,36,0.233084
23,37,0.216963
23,38,0.184882
23,39,0.144067
23,40,0.102501
23,41,0.0666387
23,42,0.0397911
23,43,0.0219043
23,44,0.011055
23,45,0.00503894
23,46,0.0020379
23,47,0.000721062
23,48,0.000221318
23,49,5.86992e-05
23,50,1.344e-05
23,51,2.65773e-06
23,52,4.54309e-07
23,53,6.71759e-08
23,54,8.59262e-09
23,55,9.50027e-10
23,56,9.06152e-11
23,57,7.43138e-12
23,58,5.21329e-13
23,59,3.10492e-14
23,60,1.55284e-15
23,61,6.41772e-17
23,62,2.13983e-18
23,63,5.545e-20
23,64,1.04957e-21
23,65,1.29175e-23
23,66,7.75539e-26
23,67,0
23,68,0
23,69,0
23,70,0
23,71,0
23,72,0
23,73,0
23,74,0
23,75,0
23,76,0
23,77,0
23,78,0
23,79,0
23,80,0
23,81,0
23,82,0
23,83,0
23,84,0
23,85,0
23,86,0
23,87,0
23,88,0
23,89,0
23,90,0
23,91,0
23,92,0
23,93,0
23,94,0
23,95,0
23,96,0
23,97,0
23,98,0
23,99,0
24,0,0
24,1,6.26688e-05
24,2,0.00024396
24,3,0.000786838
24,4,0.00220062
24,5,0.0053935
24,6,0.0117497
24,7,0.0231486
24,8,0.0418308
24,9,0.0696484
24,10,0.106422
24,11,0.148506
24,12,0.189059
24,13,0.219754
24,14,0.233607
24,15,0.228484
24,16,0.207791
24,17,0.178338
24,18,0.147795
24,19,0.120985
24,20,0.0996814
24,21,0.0835058
24,22,0.0705172
24,23,0.0590562
24,24,0.0473951
24,25,0.0370777
24,26,0.0473951
24,27,0.0590562
24,28,0.0705172
24,29,0.0835059
24,30,0.0996814
24,31,0.120985
24,32,0.147795
24,33,0.178338
24,34,0.207791
24,35,0.228484
24,36,0.233607
24,37,0.219754
24,38,0.189059
24,39,0.148506
24,40,0.106422
24,41,0.0696484
24,42,0.0418308
24,43,0.0231486
24,44,0.0117497
24,45,0.0053935
24,46,0.00220063
24,47,0.000786919
24,48,0.000244495
24,49,6.57427e-05
24,50,1.52841e-05
24,51,3.07388e-06
24,52,5.35378e-07
24,53,8.08338e-08
24,54,1.05856e-08
24,55,1.20212e-09
24,56,1.18253e-10
24,57,1.00544e-11
24,58,7.36306e-13
24,59,4.62063e-14
24,60,2.46716e-15
24,61,1.10982e-16
24,62,4.14731e-18
24,63,1.26075e-19
24,64,3.01516e-21
24,65,5.35348e-23
24,66,6.30124e-25
24,67,3.69304e-27
24,68,0
24,69,0
24,70,0
24,71,0
24,72,0
24,73,0
24,74,0
24,75,0
24,76,0
24,77,0
24,78,0
24,79,0
24,80,0
24,81,0
24,82,0
24,83,0
24,84,0
24,85,0
24,86,0
24,87,0
24,88,0
24,89,0
24,90,0
24,91,0
24,92,0
24,93,0
24,94,0
24,95,0
24,96,0
24,97,0
24,98,0
24,99,0
25,0,0
25,1,6.50247e-05
25,2,0.000252108
25,3,0.000809891
25,4,0.00225725
25,5,0.00551639
25,6,0.0119895
25,7,0.0235755
25,8,0.0425264
25,9,0.0706757
25,10,0.107759
25,11,0.149969
25,12,0.190362
25,13,0.220675
25,14,0.233877
25,15,0.227741
25,16,0.206223
25,17,0.176452
25,18,0.145685
25,19,0.119
25,20,0.0978597
25,21,0.0816341
25,22,0.0683005
25,23,0.0550686
25,24,0.0370777
25,25,0.000335463
25,26,0.0370778
25,27,0.0550686
25,28,0.0683003
25,29,0.081634
25,30,0.0978596
25,31,0.119
25,32,0.145685
25,33,0.176452
25,34,0.206223
25,35,0.227741
25,36,0.233877
25,37,0.220675
25,38,0.190362
25,39,0.149969
25,40,0.107759
25,41,0.0706757
25,42,0.0425264
25,43,0.0235755
25,44,0.0119895
25,45,0.00551639
25,46,0.00225726
25,47,0.000809977
25,48,0.000252673
25,49,6.82496e-05
25,50,1.59467e-05
25,51,3.22499e-06
25,52,5.65163e-07
25,53,8.59184e-08
25,54,1.13385e-08
25,55,1.29894e-09
25,56,1.29069e-10
25,57,1.11038e-11
25,58,8.24609e-13
25,59,5.26327e-14
25,60,2.86985e-15
25,61,1.32594e-16
25,62,5.13594e-18
25,63,1.6451e-19
25,64,4.2809e-21
25,65,8.82808e-23
25,66,1.38319e-24
25,67,1.5003e-26
25,68,8.58847e-29
25,69,0
25,70,0
25,71,0
25,72,0
25,73,0
25,74,0
25,75,0
25,76,0
25,77,0
25,78,0
25,79,0
25,80,0
25,81,0
25,82,0
25,83,0
25,84,0
25,85,0
25,86,0
25,87,0
25,88,0
25,89,0
25,90,0
25,91,0
25,92,0
25,93,0
25,94,0
25,95,0
25,96,0
25,97,0
25,98,0
25,99,0
26,0,0
26,1,6.26688e-05
26,2,0.00024396
26,3,0.000786838
26,4,0.00220062
26,5,0.0053935
26,6,0.0117497
26,7,0.0231486
26,8,0.0418308
26,9,0.0696484
26,10,0.106422
26,11,0.148506
26,12,0.189059
26,13,0.219754
26,14,0.233607
26,15,0.228484
26,16,0.207791
26,17,0.178338
26,18,0.147795
26,19,0.120985
26,20,0.0996814
26,21,0.0835058
26,22,0.0705172
26,23,0.0590562
26,24,0.0473951
26,25,0.0370777
26,26,0.0473951
26,27,0.0590562
26,28,0.0705172
26,29,0.0835059
26,30,0.0996814
26,31,0.120985
26,32,0.147795
26,33,0.178338
26,34,0.207791
26,35,0.228484
26,36,0.233607
26,37,0.219754
26,38,0.189059
26,39,0.148506
26,40,0.106422
26,41,0.0696484
26,42,0.0418308
26,43,0.0231486
26,44,0.0117497
26,45,0.0053935
26,46,0.00220063
26,47,0.000786919
26,48,0.000244495
26,49,6.57427e-05
26,50,1.52841e-05
26,51,3.07388e-06
26,52,5.35378e-07
26,53,8.08338e-08
26,54,1.05856e-08
26,55,1.20212e-09
26,56,1.18253e-10
26,57,1.00544e-11
26,58,7.36306e-13
26,59,4.62063e-14
26,60,2.46716e-15
26,61,1.10982e-16
26,62,4.14731e-18
26,63,1.26075e-19
26,64,3.01516e-21
26,65,5.35348e-23
26,66,6.30124e-25
26,67,3.69304e-27
26,68,0
26,69,0
26,70,0
26,71,0
26,72,0
26,73,0
26,74,0
26,75,0
26,76,0
26,77,0
26,78,0
26,79,0
26,80,0
26,81,0
26,82,0
26,83,0
26,84,0
26,85,0
26,86,0
26,87,0
26,88,0
26,89,0
26,90,0
26,91,0
26,92,0
26,93,0
26,94,0
26,95,0
26,96,0
26,97,0
26,98,0
26,99,0
27,0,0
27,1,5.60415e-05
27,2,0.000220863
27,3,0.000720995
27,4,0.00203789
27,5,0.00503894
27,6,0.011055
27,7,0.0219043
27,8,0.0397911
27,9,0.0666387
27,10,0.102501
27,11,0.144067
27,12,0.184882
27,13,0.216963
27,14,0.233084
27,15,0.230323
27,16,0.211795
27,17,0.183951
27,18,0.153878
27,19,0.127018
27,20,0.105355
27,21,0.0889251
27,22,0.0764504
27,23,0.0666296
27,24,0.0590562
27,25,0.0550689
27,26,0.0590562
27,27,0.0666297
27,28,0.0764503
27,29,0.0889252
27,30,0.105355
27,31,0.127018
27,32,0.153878
27,33,0.183951
27,34,0.211795
27,35,0.230323
27,36,0.233084
27,37,0.216963
27,38,0.184882
27,39,0.144067
27,40,0.102501
27,41,0.0666387
27,42,0.0397911
27,43,0.0219043
27,44,0.011055
27,45,0.00503894
27,46,0.0020379
27,47,0.000721062
27,48,0.000221318
27,49,5.86992e-05
27,50,1.344e-05
27,51,2.65773e-06
27,52,4.54309e-07
27,53,6.71759e-08
27,54,8.59262e-09
27,55,9.50027e-10
27,56,9.06152e-11
27,57,7.43138e-12
27,58,5.21329e-13
27,59,3.10492e-14
27,60,1.55284e-15
27,61,6.41772e-17
27,62,2.13983e-18
27,63,5.545e-20
27,64,1.04957e-21
27,65,1.29175e-23
27,66,7.75539e-26
27,67,0
27,68,0
27,69,0
27,70,0
27,71,0
27,72,0
27,73,0
27,74,0
27,75,0
27,76,0
27,77,0
27,78,0
27,79,0
27,80,0
27,81,0
27,82,0
27,83,0
27,84,0
27,85,0
27,86,0
27,87,0
27,88,0
27,89,0
27,90,0
27,91,0
27,92,0
27,93,0
27,94,0
27,95,0
27,96,0
27,97,0
27,98,0
27,99,0
28,0,0
28,1,4.63446e-05
28,2,0.000186555
28,3,0.000621726
28,4,0.0017894
28,5,0.0044918
28,6,0.00997436
28,7,0.0199557
28,8,0.036568
28,9,0.0618096
28,10,0.0960986
28,11,0.136738
28,12,0.177844
28,13,0.21172
28,14,0.231178
28,15,0.232742
28,16,0.218095
28,17,0.192817
28,18,0.164061
28,19,0.137159
28,20,0.114919
28,21,0.0979583
28,22,0.0853807
28,23,0.0764503
28,24,0.0705171
28,25,0.0683004
28,26,0.070517
28,27,0.0764503
28,28,0.0853807
28,29,0.0979584
28,30,0.114919
28,31,0.137159
28,32,0.164061
28,33,0.192817
28,34,0.218095
28,35,0.232742
28,36,0.231178
28,37,0.21172
28,38,0.177844
28,39,0.136738
28,40,0.0960986
28,41,0.0618096
28,42,0.036568
28,43,0.0199557
28,44,0.00997436
28,45,0.0044918
28,46,0.0017894
28,47,0.000621775
28,48,0.000186898
28,49,4.84195e-05
28,50,1.08008e-05
28,51,2.07498e-06
28,52,3.43485e-07
28,53,4.89968e-08
28,54,6.01831e-09
28,55,6.35321e-10
28,56,5.74409e-11
28,57,4.42358e-12
28,58,2.87801e-13
28,59,1.56313e-14
28,60,6.96584e-16
28,61,2.48317e-17
28,62,6.81268e-19
28,63,1.35077e-20
28,64,1.72234e-22
28,65,1.0599e-24
28,66,0
28,67,0
28,68,0
28,69,0
28,70,0
28,71,0
28,72,0
28,73,0
28,74,0
28,75,0
28,76,0
28,77,0
28,78,0
28,79,0
28,80,0
28,81,0
28,82,0
28,83,0
28,84,0
28,85,0
28,86,0
28,87,0
28,88,0
28,89,0
28,90,0
28,91,0
28,92,0
28,93,0
28,94,0
28,95,0
28,96,0
28,97,0
28,98,0
28,99,0
29,0,0
29,1,3.52359e-05
29,2,0.000146303
29,3,0.000502507
29,4,0.00148504
29,5,0.00381119
29,6,0.00861329
29,7,0.017472
29,8,0.0324051
29,9,0.0554767
29,10,0.0875158
29,11,0.12655
29,12,0.167578
29,13,0.203629
29,14,0.22735
29,15,0.234248
29,16,0.225103
29,17,0.204214
29,18,0.177731
29,19,0.15159
29,20,0.128876
29,21,0.111079
29,22,0.0979585
29,23,0.0889251
29,24,0.0835058
29,25,0.0816341
29,26,0.0835058
29,27,0.0889251
29,28,0.0979583
29,29,0.111079
29,30,0.128876
29,31,0.15159
29,32,0.177731
29,33,0.204214
29,34,0.225103
29,35,0.234248
29,36,0.22735
29,37,0.203629
29,38,0.167578
29,39,0.12655
29,40,0.0875158
29,41,0.0554767
29,42,0.0324051
29,43,0.017472
29,44,0.00861329
29,45,0.00381119
29,46,0.00148504
29,47,0.000502538
29,48,0.000146532
29,49,3.6687e-05
29,50,7.87862e-06
29,51,1.45112e-06
29,52,2.292e-07
29,53,3.10188e-08
29,54,3.58971e-09
29,55,3.5394e-10
29,56,2.95605e-11
29,57,2.07328e-12
29,58,1.20606e-13
29,59,5.71646e-15
29,60,2.15152e-16
29,61,6.18535e-18
29,62,1.27549e-19
29,63,1.67928e-21
29,64,1.0599e-23
29,65,0
29,66,0
29,67,0
29,68,0
29,69,0
29,70,0
29,71,0
29,72,0
29,73,0
29,74,0
29,75,0
29,76,0
29,77,0
29,78,0
29,79,0
29,80,0
29,81,0
29,82,0
29,83,0
29,84,0
29,85,0
29,86,0
29,87,0
29,88,0
29,89,0
29,90,0
29,91,0
29,92,0
29,93,0
29,94,0
29,95,0
29,96,0
29,97,0
29,98,0
29,99,0
30,0,0
30,1,2.44125e-05
30,2,0.000105747
30,3,0.000378392
30,4,0.00115918
30,5,0.00306615
30,6,0.00709839
30,7,0.0146687
30,8,0.0276257
30,9,0.0480319
30,10,0.0771458
30,11,0.113863
30,12,0.154127
30,13,0.191796
30,14,0.220044
30,15,0.233641
30,16,0.231444
30,17,0.216503
30,18,0.194132
30,19,0.169729
30,20,0.147328
30,21,0.128876
30,22,0.114919
30,23,0.105355
30,24,0.0996813
30,25,0.0978596
30,26,0.0996813
30,27,0.105355
30,28,0.114919
30,29,0.128876
30,30,0.147327
30,31,0.16973
30,32,0.194132
30,33,0.216503
30,34,0.231444
30,35,0.233641
30,36,0.220044
30,37,0.191796
30,38,0.154127
30,39,0.113863
30,40,0.0771458
30,41,0.0480319
30,42,0.0276257
30,43,0.0146687
30,44,0.00709839
30,45,0.00306615
30,46,0.00115918
30,47,0.000378409
30,48,0.000105881
30,49,2.53106e-05
30,50,5.16303e-06
30,51,8.98149e-07
30,52,1.33099e-07
30,53,1.67668e-08
30,54,1.78868e-09
30,55,1.60635e-10
30,56,1.20388e-11
30,57,7.4359e-13
30,58,3.71869e-14
30,59,1.46763e-15
30,60,4.39806e-17
30,61,9.40068e-19
30,62,1.27625e-20
30,63,8.26725e-23
30,64,0
30,65,0
30,66,0
30,67,0
30,68,0
30,69,0
30,70,0
30,71,0
30,72,0
30,73,0
30,74,0
30,75,0
30,76,0
30,77,0
30,78,0
30,79,0
30,80,0
30,81,0
30,82,0
30,83,0
30,84,0
30,85,0
30,86,0
30,87,0
30,88,0
30,89,0
30,90,0
30,91,0
30,92,0
30,93,0
30,94,0
30,95,0
30,96,0
30,97,0
30,98,0
30,99,0
31,0,0
31,1,1.52204e-05
31,2,6.97056e-05
31,3,0.000263144
31,4,0.000845103
31,5,0.00232639
31,6,0.00556
31,7,0.01177
31,8,0.0225924
31,9,0.0400017
31,10,0.0655721
31,11,0.0990565
31,12,0.137604
31,13,0.176164
31,14,0.20833
31,15,0.228548
31,16,0.234624
31,17,0.227534
31,18,0.211141
31,19,0.190593
31,20,0.169729
31,21,0.15159
31,22,0.137159
31,23,0.127019
31,24,0.120985
31,25,0.119
31,26,0.120985
31,27,0.127018
31,28,0.137159
31,29,0.15159
31,30,0.16973
31,31,0.190593
31,32,0.211141
31,33,0.227534
31,34,0.234624
31,35,0.228548
31,36,0.20833
31,37,0.176164
31,38,0.137604
31,39,0.0990565
31,40,0.0655721
31,41,0.0400017
31,42,0.0225924
31,43,0.01177
31,44,0.00556
31,45,0.00232639
31,46,0.000845104
31,47,0.000263151
31,48,6.97715e-05
31,49,1.57042e-05
31,50,2.99613e-06
31,51,4.83826e-07
31,52,6.59809e-08
31,53,7.57045e-09
31,54,7.2657e-10
31,55,5.78335e-11
31,56,3.77157e-12
31,57,1.98034e-13
31,58,8.16319e-15
31,59,2.54271e-16
31,60,5.62433e-18
31,61,7.87023e-20
31,62,5.23592e-22
31,63,0
31,64,0
31,65,0
31,66,0
31,67,0
31,68,0
31,69,0
31,70,0
31,71,0
31,72,0
31,73,0
31,74,0
31,75,0
31,76,0
31,77,0
31,78,0
31,79,0
31,80,0
31,81,0
31,82,0
31,83,0
31,84,0
31,85,0
31,86,0
31,87,0
31,88,0
31,89,0
31,90,0
31,91,0
31,92,0
31,93,0
31,94,0
31,95,0
31,96,0
31,97,0
31,98,0
31,99,0
32,0,0
32,1,8.39481e-06
32,2,4.13019e-05
32,3,0.000166952
32,4,0.000569687
32,5,0.00165168
32,6,0.0041162
32,7,0.0089912
32,8,0.0176616
32,9,0.0319146
32,10,0.0535238
32,11,0.0829922
32,12,0.118539
32,13,0.156433
32,14,0.191471
32,15,0.217865
32,16,0.23212
32,17,0.234115
32,18,0.225795
32,19,0.211141
32,20,0.194132
32,21,0.177731
32,22,0.164061
32,23,0.153878
32,24,0.147795
32,25,0.145685
32,26,0.147795
32,27,0.153878
32,28,0.164061
32,29,0.177731
32,30,0.194132
32,31,0.211141
32,32,0.225795
32,33,0.234115
32,34,0.23212
