0,0,0
0,1,0
0,2,0
0,3,0
0,4,0
0,5,0
0,6,0
0,7,0
0,8,0
0,9,0
0,10,0
0,11,0
0,12,0
0,13,0
0,14,0
0,15,0
0,16,0
0,17,0
0,18,0
0,19,0
0,20,0
0,21,0
0,22,0
0,23,0
0,24,0
0,25,0
0,26,0
0,27,0
0,28,0
0,29,0
0,30,0
0,31,0
0,32,0
0,33,0
0,34,0
0,35,0
0,36,0
0,37,0
0,38,0
0,39,0
0,40,0
0,41,0
0,42,0
0,43,0
0,44,0
0,45,0
0,46,0
0,47,0
0,48,0
0,49,0
0,50,0
0,51,0
0,52,0
0,53,0
0,54,0
0,55,0
0,56,0
0,57,0
0,58,0
0,59,0
0,60,0
0,61,0
0,62,0
0,63,0
0,64,0
0,65,0
0,66,0
0,67,0
0,68,0
0,69,0
0,70,0
0,71,0
0,72,0
0,73,0
0,74,0
0,75,0
0,76,0
0,77,0
0,78,0
0,79,0
0,80,0
0,81,0
0,82,0
0,83,0
0,84,0
0,85,0
0,86,0
0,87,0
0,88,0
0,89,0
0,90,0
0,91,0
0,92,0
0,93,0
0,94,0
0,95,0
0,96,0
0,97,0
0,98,0
0,99,0
1,0,0
1,1,0
1,2,0
1,3,0
1,4,0
1,5,0
1,6,0
1,7,0
1,8,0
1,9,0
1,10,0
1,11,8.50398e-16
1,12,4.84642e-14
1,13,1.23781e-12
1,14,1.87555e-11
1,15,1.88304e-10
1,16,1.32755e-09
1,17,6.81478e-09
1,18,2.61841e-08
1,19,7.7321e-08
1,20,1.8075e-07
1,21,3.45445e-07
1,22,5.55942e-07
1,23,7.70049e-07
1,24,9.31231e-07
1,25,9.91293e-07
1,26,9.31231e-07
1,27,7.70049e-07
1,28,5.55942e-07
1,29,3.45445e-07
1,30,1.8075e-07
1,31,7.73211e-08
1,32,2.61841e-08
1,33,6.81478e-09
1,34,1.32755e-09
1,35,1.88304e-10
1,36,1.87555e-11
1,37,1.23781e-12
1,38,4.84642e-14
1,39,8.50398e-16
1,40,0
1,41,0
1,42,0
1,43,0
1,44,0
1,45,0
1,46,0
1,47,0
1,48,0
1,49,0
1,50,0
1,51,0
1,52,0
1,53,0
1,54,0
1,55,0
1,56,0
1,57,0
1,58,0
1,59,0
1,60,0
1,61,0
1,62,0
1,63,0
1,64,0
1,65,0
1,66,0
1,67,0
1,68,0
1,69,0
1,70,0
1,71,0
1,72,0
1,73,0
1,74,0
1,75,0
1,76,0
1,77,0
1,78,0
1,79,0
1,80,0
1,81,0
1,82,0
1,83,0
1,84,0
1,85,0
1,86,0
1,87,0
1,88,0
1,89,0
1,90,0
1,91,0
1,92,0
1,93,0
1,94,0
1,95,0
1,96,0
1,97,0
1,98,0
1,99,0
2,0,0
2,1,0
2,2,0
2,3,0
2,4,0
2,5,0
2,6,0
2,7,0
2,8,0
2,9,0
2,10,1.36064e-15
2,11,8.30815e-14
2,12,2.28454e-12
2,13,3.74625e-11
2,14,4.09289e-10
2,15,3.15702e-09
2,16,1.78164e-08
2,17,7.55025e-08
2,18,2.4606e-07
2,19,6.33219e-07
2,20,1.32674e-06
2,21,2.33494e-06
2,22,3.54156e-06
2,23,4.71372e-06
2,24,5.57117e-06
2,25,5.88614e-06
2,26,5.57117e-06
2,27,4.71372e-06
2,28,3.54156e-06
2,29,2.33494e-06
2,30,1.32674e-06
2,31,6.33219e-07
2,32,2.4606e-07
2,33,7.55025e-08
2,34,1.78164e-08
2,35,3.15702e-09
2,36,4.09289e-10
2,37,3.74625e-11
2,38,2.28454e-12
2,39,8.30815e-14
2,40,1.36064e-15
2,41,0
2,42,0
2,43,0
2,44,0
2,45,0
2,46,0
2,47,0
2,48,0
2,49,0
2,50,0
2,51,0
2,52,0
2,53,0
2,54,0
2,55,0
2,56,0
2,57,0
2,58,0
2,59,0
2,60,0
2,61,0
2,62,0
2,63,0
2,64,0
2,65,0
2,66,0
2,67,0
2,68,0
2,69,0
2,70,0
2,71,0
2,72,0
2,73,0
2,74,0
2,75,0
2,76,0
2,77,0
2,78,0
2,79,0
2,80,0
2,81,0
2,82,0
2,83,0
2,84,0
2,85,0
2,86,0
2,87,0
2,88,0
2,89,0
2,90,0
2,91,0
2,92,0
2,93,0
2,94,0
2,95,0
2,96,0
2,97,0
2,98,0
2,99,0
3,0,0
3,1,0
3,2,0
3,3,0
3,4,0
3,5,0
3,6,0
3,7,0
3,8,0
3,9,1.95592e-15
3,10,1.27392e-13
3,11,3.75179e-12
3,12,6.61813e-11
3,13,7.81329e-10
3,14,6.54148e-09
3,15,4.02251e-08
3,16,1.86216e-07
3,17,6.63065e-07
3,18,1.85896e-06
3,19,4.22109e-06
3,20,8.01224e-06
3,21,1.30891e-05
3,22,1.88092e-05
3,23,2.4135e-05
3,24,2.79282e-05
3,25,2.93028e-05
3,26,2.79282e-05
3,27,2.4135e-05
3,28,1.88092e-05
3,29,1.30891e-05
3,30,8.01224e-06
3,31,4.22109e-06
3,32,1.85896e-06
3,33,6.63065e-07
3,34,1.86216e-07
3,35,4.02251e-08
3,36,6.54148e-09
3,37,7.81329e-10
3,38,6.61813e-11
3,39,3.75179e-12
3,40,1.27392e-13
3,41,1.95592e-15
3,42,0
3,43,0
3,44,0
3,45,0
3,46,0
3,47,0
3,48,0
3,49,0
3,50,0
3,51,0
3,52,0
3,53,0
3,54,0
3,55,0
3,56,0
3,57,0
3,58,0
3,59,0
3,60,0
3,61,0
3,62,0
3,63,0
3,64,0
3,65,0
3,66,0
3,67,0
3,68,0
3,69,0
3,70,0
3,71,0
3,72,0
3,73,0
3,74,0
3,75,0
3,76,0
3,77,0
3,78,0
3,79,0
3,80,0
3,81,0
3,82,0
3,83,0
3,84,0
3,85,0
3,86,0
3,87,0
3,88,0
3,89,0
3,90,0
3,91,0
3,92,0
3,93,0
3,94,0
3,95,0
3,96,0
3,97,0
3,98,0
3,99,0
4,0,0
4,1,0
4,2,0
4,3,0
4,4,0
4,5,0
4,6,0
4,7,0
4,8,2.53118e-15
4,9,1.75163e-13
4,10,5.50111e-12
4,11,1.03882e-10
4,12,1.31818e-09
4,13,1.19088e-08
4,14,7.92969e-08
4,15,3.98442e-07
4,16,1.54031e-06
4,17,4.67556e-06
4,18,1.14284e-05
4,19,2.31953e-05
4,20,4.03464e-05
4,21,6.17187e-05
4,22,8.45462e-05
4,23,0.000105025
4,24,0.000119266
4,25,0.000124369
4,26,0.000119266
4,27,0.000105025
4,28,8.45462e-05
4,29,6.17187e-05
4,30,4.03464e-05
4,31,2.31953e-05
4,32,1.14284e-05
4,33,4.67556e-06
4,34,1.54031e-06
4,35,3.98442e-07
4,36,7.92969e-08
4,37,1.19088e-08
4,38,1.31819e-09
4,39,1.03882e-10
4,40,5.50111e-12
4,41,1.75163e-13
4,42,2.53118e-15
4,43,0
4,44,0
4,45,0
4,46,0
4,47,0
4,48,0
4,49,0
4,50,0
4,51,0
4,52,0
4,53,0
4,54,0
4,55,0
4,56,0
4,57,0
4,58,0
4,59,0
4,60,0
4,61,0
4,62,0
4,63,0
4,64,0
4,65,0
4,66,0
4,67,0
4,68,0
4,69,0
4,70,0
4,71,0
4,72,0
4,73,0
4,74,0
4,75,0
4,76,0
4,77,0
4,78,0
4,79,0
4,80,0
4,81,0
4,82,0
4,83,0
4,84,0
4,85,0
4,86,0
4,87,0
4,88,0
4,89,0
4,90,0
4,91,0
4,92,0
4,93,0
4,94,0
4,95,0
4,96,0
4,97,0
4,98,0
4,99,0
5,0,0
5,1,0
5,2,0
5,3,0
5,4,0
5,5,0
5,6,0
5,7,2.95305e-15
5,8,2.16378e-13
5,9,7.21884e-12
5,10,1.45317e-10
5,11,1.97278e-09
5,12,1.91357e-08
5,13,1.37244e-07
5,14,7.44468e-07
5,15,3.10836e-06
5,16,1.01662e-05
5,17,2.66194e-05
5,18,5.74182e-05
5,19,0.000105434
5,20,0.00016981
5,21,0.000245138
5,22,0.000321956
5,23,0.000388691
5,24,0.000434136
5,25,0.000450271
5,26,0.000434136
5,27,0.000388691
5,28,0.000321956
5,29,0.000245138
5,30,0.00016981
5,31,0.000105434
5,32,5.74182e-05
5,33,2.66194e-05
5,34,1.01662e-05
5,35,3.10836e-06
5,36,7.44468e-07
5,37,1.37244e-07
5,38,1.91357e-08
5,39,1.97278e-09
5,40,1.45317e-10
5,41,7.21884e-12
5,42,2.16378e-13
5,43,2.95305e-15
5,44,0
5,45,0
5,46,0
5,47,0
5,48,0
5,49,0
5,50,0
5,51,0
5,52,0
5,53,0
5,54,0
5,55,0
5,56,0
5,57,0
5,58,0
5,59,0
5,60,0
5,61,0
5,62,0
5,63,0
5,64,0
5,65,0
5,66,0
5,67,0
5,68,0
5,69,0
5,70,0
5,71,0
5,72,0
5,73,0
5,74,0
5,75,0
5,76,0
5,77,0
5,78,0
5,79,0
5,80,0
5,81,0
5,82,0
5,83,0
5,84,0
5,85,0
5,86,0
5,87,0
5,88,0
5,89,0
5,90,0
5,91,0
5,92,0
5,93,0
5,94,0
5,95,0
5,96,0
5,97,0
5,98,0
5,99,0
6,0,0
6,1,0
6,2,0
6,3,0
6,4,0
6,5,0
6,6,3.10847e-15
6,7,2.4042e-13
6,8,8.49181e-12
6,9,1.81551e-10
6,10,2.62625e-09
6,11,2.72331e-08
6,12,2.09428e-07
6,13,1.2208e-06
6,14,5.48133e-06
6,15,1.92418e-05
6,16,5.3787e-05
6,17,0.000122806
6,18,0.000236613
6,19,0.000397836
6,20,0.000599162
6,21,0.000822446
6,22,0.00104157
6,23,0.00122683
6,24,0.00135086
6,25,0.00139453
6,26,0.00135086
6,27,0.00122683
6,28,0.00104157
6,29,0.000822446
6,30,0.000599162
6,31,0.000397836
6,32,0.000236613
6,33,0.000122806
6,34,5.3787e-05
6,35,1.92418e-05
6,36,5.48133e-06
6,37,1.2208e-06
6,38,2.09428e-07
6,39,2.72331e-08
6,40,2.62625e-09
6,41,1.81551e-10
6,42,8.49182e-12
6,43,2.4042e-13
6,44,3.10847e-15
6,45,0
6,46,0
6,47,0
6,48,0
6,49,0
6,50,0
6,51,0
6,52,0
6,53,0
6,54,0
6,55,0
6,56,0
6,57,0
6,58,0
6,59,0
6,60,0
6,61,0
6,62,0
6,63,0
6,64,0
6,65,0
6,66,0
6,67,0
6,68,0
6,69,0
6,70,0
6,71,0
6,72,0
6,73,0
6,74,0
6,75,0
6,76,0
6,77,0
6,78,0
6,79,0
6,80,0
6,81,0
6,82,0
6,83,0
6,84,0
6,85,0
6,86,0
6,87,0
6,88,0
6,89,0
6,90,0
6,91,0
6,92,0
6,93,0
6,94,0
6,95,0
6,96,0
6,97,0
6,98,0
6,99,0
7,0,0
7,1,0
7,2,0
7,3,0
7,4,0
7,5,2.95305e-15
7,6,2.4042e-13
7,7,8.96325e-12
7,8,2.02858e-10
7,9,3.1158e-09
7,10,3.44106e-08
7,11,2.82632e-07
7,12,1.76357e-06
7,13,8.48442e-06
7,14,3.18717e-05
7,15,9.48891e-05
7,16,0.000228801
7,17,0.000460832
7,18,0.000803928
7,19,0.0012535
7,20,0.00178333
7,21,0.00234657
7,22,0.00288305
7,23,0.00332694
7,24,0.00362042
7,25,0.00372292
7,26,0.00362042
7,27,0.00332694
7,28,0.00288305
7,29,0.00234657
7,30,0.00178333
7,31,0.0012535
7,32,0.000803928
7,33,0.000460832
7,34,0.000228801
7,35,9.48891e-05
7,36,3.18717e-05
7,37,8.48442e-06
7,38,1.76357e-06
7,39,2.82632e-07
7,40,3.44106e-08
7,41,3.1158e-09
7,42,2.02858e-10
7,43,8.96325e-12
7,44,2.4042e-13
7,45,2.95305e-15
7,46,0
7,47,0
7,48,0
7,49,0
7,50,0
7,51,0
7,52,0
7,53,0
7,54,0
7,55,0
7,56,0
7,57,0
7,58,0
7,59,0
7,60,0
7,61,0
7,62,0
7,63,0
7,64,0
7,65,0
7,66,0
7,67,0
7,68,0
7,69,0
7,70,0
7,71,0
7,72,0
7,73,0
7,74,0
7,75,0
7,76,0
7,77,0
7,78,0
7,79,0
7,80,0
7,81,0
7,82,0
7,83,0
7,84,0
7,85,0
7,86,0
7,87,0
7,88,0
7,89,0
7,90,0
7,91,0
7,92,0
7,93,0
7,94,0
7,95,0
7,96,0
7,97,0
7,98,0
7,99,0
8,0,0
8,1,0
8,2,0
8,3,0
8,4,2.53118e-15
8,5,2.16378e-13
8,6,8.49182e-12
8,7,2.02858e-10
8,8,3.29809e-09
8,9,3.86652e-08
8,10,3.38046e-07
8,11,2.25044e-06
8,12,1.15657e-05
8,13,4.63829e-05
8,14,0.000146871
8,15,0.000373715
8,16,0.000785673
8,17,0.00141684
8,18,0.00227491
8,19,0.00333604
8,20,0.00453421
8,21,0.00577119
8,22,0.00692378
8,23,0.00786318
8,24,0.00847841
8,25,0.00869203
8,26,0.00847841
8,27,0.00786318
8,28,0.00692378
8,29,0.00577119
8,30,0.00453421
8,31,0.00333604
8,32,0.00227491
8,33,0.00141684
8,34,0.000785673
8,35,0.000373715
8,36,0.000146871
8,37,4.63829e-05
8,38,1.15657e-05
8,39,2.25044e-06
8,40,3.38046e-07
8,41,3.86652e-08
8,42,3.29809e-09
8,43,2.02858e-10
8,44,8.49181e-12
8,45,2.16378e-13
8,46,2.53118e-15
8,47,0
8,48,0
8,49,0
8,50,0
8,51,0
8,52,0
8,53,0
8,54,0
8,55,0
8,56,0
8,57,0
8,58,0
8,59,0
8,60,0
8,61,0
8,62,0
8,63,0
8,64,0
8,65,0
8,66,0
8,67,0
8,68,0
8,69,0
8,70,0
8,71,0
8,72,0
8,73,0
8,74,0
8,75,0
8,76,0
8,77,0
8,78,0
8,79,0
8,80,0
8,81,0
8,82,0
8,83,0
8,84,0
8,85,0
8,86,0
8,87,0
8,88,0
8,89,0
8,90,0
8,91,0
8,92,0
8,93,0
8,94,0
8,95,0
8,96,0
8,97,0
8,98,0
8,99,0
9,0,0
9,1,0
9,2,0
9,3,1.95592e-15
9,4,1.75163e-13
9,5,7.21884e-12
9,6,1.81551e-10
9,7,3.1158e-09
9,8,3.86652e-08
9,9,3.58785e-07
9,10,2.54109e-06
9,11,1.39163e-05
9,12,5.94753e-05
9,13,0.000200167
9,14,0.000537748
9,15,0.00118085
9,16,0.00219915
9,17,0.00362546
9,18,0.00546484
9,19,0.00765484
9,20,0.0100628
9,21,0.0125023
9,22,0.0147376
9,23,0.0165413
9,24,0.0177109
9,25,0.0181172
9,26,0.0177109
9,27,0.0165413
9,28,0.0147376
9,29,0.0125023
9,30,0.0100628
9,31,0.00765484
9,32,0.00546484
9,33,0.00362546
9,34,0.00219915
9,35,0.00118085
9,36,0.000537748
9,37,0.000200167
9,38,5.94753e-05
9,39,1.39163e-05
9,40,2.54109e-06
9,41,3.58785e-07
9,42,3.86652e-08
9,43,3.1158e-09
9,44,1.81551e-10
9,45,7.21884e-12
9,46,1.75163e-13
9,47,1.95592e-15
9,48,0
9,49,0
9,50,0
9,51,0
9,52,0
9,53,0
9,54,0
9,55,0
9,56,0
9,57,0
9,58,0
9,59,0
9,60,0
9,61,0
9,62,0
9,63,0
9,64,0
9,65,0
9,66,0
9,67,0
9,68,0
9,69,0
9,70,0
9,71,0
9,72,0
9,73,0
9,74,0
9,75,0
9,76,0
9,77,0
9,78,0
9,79,0
9,80,0
9,81,0
9,82,0
9,83,0
9,84,0
9,85,0
9,86,0
9,87,0
9,88,0
9,89,0
9,90,0
9,91,0
9,92,0
9,93,0
9,94,0
9,95,0
9,96,0
9,97,0
9,98,0
9,99,0
10,0,0
10,1,0
10,2,1.36064e-15
10,3,1.27392e-13
10,4,5.50111e-12
10,5,1.45317e-10
10,6,2.62625e-09
10,7,3.44105e-08
10,8,3.38046e-07
10,9,2.54109e-06
10,10,1.47994e-05
10,11,6.73181e-05
10,12,0.000240797
10,13,0.00068408
10,14,0.00157332
10,15,0.00303196
10,16,0.00513165
10,17,0.00794822
10,18,0.0114849
10,19,0.0155974
10,20,0.020046
10,21,0.0244704
10,22,0.0284651
10,23,0.0316495
10,24,0.0336935
10,25,0.0344033
10,26,0.0336935
10,27,0.0316495
10,28,0.0284651
10,29,0.0244704
10,30,0.020046
10,31,0.0155973
10,32,0.0114849
10,33,0.00794822
10,34,0.00513165
10,35,0.00303196
10,36,0.00157332
10,37,0.00068408
10,38,0.000240797
10,39,6.73181e-05
10,40,1.47994e-05
10,41,2.54109e-06
10,42,3.38046e-07
10,43,3.44106e-08
10,44,2.62625e-09
10,45,1.45317e-10
10,46,5.50111e-12
10,47,1.27392e-13
10,48,1.36064e-15
10,49,0
10,50,0
10,51,0
10,52,0
10,53,0
10,54,0
10,55,0
10,56,0
10,57,0
10,58,0
10,59,0
10,60,0
10,61,0
10,62,0
10,63,0
10,64,0
10,65,0
10,66,0
10,67,0
10,68,0
10,69,0
10,70,0
10,71,0
10,72,0
10,73,0
10,74,0
10,75,0
10,76,0
10,77,0
10,78,0
10,79,0
10,80,0
10,81,0
10,82,0
10,83,0
10,84,0
10,85,0
10,86,0
10,87,0
10,88,0
10,89,0
10,90,0
10,91,0
10,92,0
10,93,0
10,94,0
10,95,0
10,96,0
10,97,0
10,98,0
10,99,0
11,0,0
11,1,8.50398e-16
11,2,8.30815e-14
11,3,3.75179e-12
11,4,1.03882e-10
11,5,1.97278e-09
11,6,2.72331e-08
11,7,2.82632e-07
11,8,2.25044e-06
11,9,1.39163e-05
11,10,6.73181e-05
11,11,0.000256057
11,12,0.000771123
11,13,0.00186582
11,14,0.00373941
11,15,0.00651834
11,16,0.0103929
11,17,0.0155378
11,18,0.0218558
11,19,0.0290575
11,20,0.0366821
11,21,0.0440738
11,22,0.0506328
11,23,0.0557543
11,24,0.059018
11,25,0.060133
11,26,0.059018
11,27,0.0557543
11,28,0.0506328
11,29,0.0440738
11,30,0.0366821
11,31,0.0290575
11,32,0.0218558
11,33,0.0155378
11,34,0.0103929
11,35,0.00651834
11,36,0.00373941
11,37,0.00186582
11,38,0.000771123
11,39,0.000256057
11,40,6.73181e-05
11,41,1.39163e-05
11,42,2.25044e-06
11,43,2.82632e-07
11,44,2.72331e-08
11,45,1.97278e-09
11,46,1.03882e-10
11,47,3.75179e-12
11,48,8.30815e-14
11,49,8.50398e-16
11,50,0
11,51,0
11,52,0
11,53,0
11,54,0
11,55,0
11,56,0
11,57,0
11,58,0
11,59,0
11,60,0
11,61,0
11,62,0
11,63,0
11,64,0
11,65,0
11,66,0
11,67,0
11,68,0
11,69,0
11,70,0
11,71,0
11,72,0
11,73,0
11,74,0
11,75,0
11,76,0
11,77,0
11,78,0
11,79,0
11,80,0
11,81,0
11,82,0
11,83,0
11,84,0
11,85,0
11,86,0
11,87,0
11,88,0
11,89,0
11,90,0
11,91,0
11,92,0
11,93,0
11,94,0
11,95,0
11,96,0
11,97,0
11,98,0
11,99,0
12,0,0
12,1,4.84642e-14
12,2,2.28454e-12
12,3,6.61813e-11
12,4,1.31818e-09
12,5,1.91357e-08
12,6,2.09428e-07
12,7,1.76357e-06
12,8,1.15657e-05
12,9,5.94753e-05
12,10,0.000240797
12,11,0.000771123
12,12,0.00197439
12,13,0.00414708
12,14,0.00749471
12,15,0.0123469
12,16,0.019162
12,17,0.0280083
12,18,0.0385242
12,19,0.050192
12,20,0.0620918
12,21,0.0732981
12,22,0.0829737
12,23,0.0903453
12,24,0.0949955
12,25,0.0965468
12,26,0.0949955
12,27,0.0903453
12,28,0.0829737
12,29,0.0732981
12,30,0.0620918
12,31,0.050192
12,32,0.0385242
12,33,0.0280083
12,34,0.019162
12,35,0.0123469
12,36,0.00749471
12,37,0.00414708
12,38,0.00197439
12,39,0.000771123
12,40,0.000240797
12,41,5.94753e-05
12,42,1.15657e-05
12,43,1.76357e-06
12,44,2.09428e-07
12,45,1.91357e-08
12,46,1.31819e-09
12,47,6.61813e-11
12,48,2.28454e-12
12,49,4.84642e-14
12,50,4.76223e-16
12,51,0
12,52,0
12,53,0
12,54,0
12,55,0
12,56,0
12,57,0
12,58,0
12,59,0
12,60,0
12,61,0
12,62,0
12,63,0
12,64,0
12,65,0
12,66,0
12,67,0
12,68,0
12,69,0
12,70,0
12,71,0
12,72,0
12,73,0
12,74,0
12,75,0
12,76,0
12,77,0
12,78,0
12,79,0
12,80,0
12,81,0
12,82,0
12,83,0
12,84,0
12,85,0
12,86,0
12,87,0
12,88,0
12,89,0
12,90,0
12,91,0
12,92,0
12,93,0
12,94,0
12,95,0
12,96,0
12,97,0
12,98,0
12,99,0
13,0,0
13,1,1.23781e-12
13,2,3.74625e-11
13,3,7.81329e-10
13,4,1.19088e-08
13,5,1.37244e-07
13,6,1.2208e-06
13,7,8.48442e-06
13,8,4.63829e-05
13,9,0.000200167
13,10,0.00068408
13,11,0.00186582
13,12,0.00414708
13,13,0.00784616
13,14,0.0134301
13,15,0.0216858
13,16,0.033015
13,17,0.0470014
13,18,0.063054
13,19,0.0801207
13,20,0.096758
13,21,0.11194
13,22,0.124504
13,23,0.133896
13,24,0.139636
13,25,0.141577
13,26,0.139636
13,27,0.133896
13,28,0.124504
13,29,0.11194
13,30,0.0967581
13,31,0.0801207
13,32,0.063054
13,33,0.0470014
13,34,0.033015
13,35,0.0216858
13,36,0.0134301
13,37,0.00784616
13,38,0.00414708
13,39,0.00186582
13,40,0.00068408
13,41,0.000200167
13,42,4.63829e-05
13,43,8.48442e-06
13,44,1.2208e-06
13,45,1.37244e-07
13,46,1.19088e-08
13,47,7.81329e-10
13,48,3.74625e-11
13,49,1.23805e-12
13,50,2.52014e-14
13,51,2.38111e-16
13,52,0
13,53,0
13,54,0
13,55,0
13,56,0
13,57,0
13,58,0
13,59,0
13,60,0
13,61,0
13,62,0
13,63,0
13,64,0
13,65,0
13,66,0
13,67,0
13,68,0
13,69,0
13,70,0
13,71,0
13,72,0
13,73,0
13,74,0
13,75,0
13,76,0
13,77,0
13,78,0
13,79,0
13,80,0
13,81,0
13,82,0
13,83,0
13,84,0
13,85,0
13,86,0
13,87,0
13,88,0
13,89,0
13,90,0
13,91,0
13,92,0
13,93,0
13,94,0
13,95,0
13,96,0
13,97,0
13,98,0
13,99,0
14,0,0
14,1,1.87555e-11
14,2,4.09289e-10
14,3,6.54148e-09
14,4,7.92969e-08
14,5,7.44468e-07
14,6,5.48133e-06
14,7,3.18717e-05
14,8,0.000146871
14,9,0.000537748
14,10,0.00157332
14,11,0.00373941
14,12,0.00749471
14,13,0.0134301
14,14,0.0225925
14,15,0.0358488
14,16,0.0529161
14,17,0.0730669
14,18,0.0953
14,19,0.1176
14,20,0.138458
14,21,0.156537
14,22,0.170798
14,23,0.181139
14,24,0.187163
14,25,0.189275
14,26,0.187163
14,27,0.181139
14,28,0.170798
14,29,0.156537
14,30,0.138458
14,31,0.1176
14,32,0.0953001
14,33,0.0730669
14,34,0.0529161
14,35,0.0358488
14,36,0.0225925
14,37,0.0134301
14,38,0.00749471
14,39,0.00373941
14,40,0.00157332
14,41,0.000537748
14,42,0.000146871
14,43,3.18717e-05
14,44,5.48133e-06
14,45,7.44468e-07
14,46,7.92969e-08
14,47,6.54148e-09
14,48,4.09289e-10
14,49,1.87671e-11
14,50,5.94627e-13
14,51,1.16314e-14
14,52,1.05827e-16
14,53,0
14,54,0
14,55,0
14,56,0
14,57,0
14,58,0
14,59,0
14,60,0
14,61,0
14,62,0
14,63,0
14,64,0
14,65,0
14,66,0
14,67,0
14,68,0
14,69,0
14,70,0
14,71,0
14,72,0
14,73,0
14,74,0
14,75,0
14,76,0
14,77,0
14,78,0
14,79,0
14,80,0
14,81,0
14,82,0
14,83,0
14,84,0
14,85,0
14,86,0
14,87,0
14,88,0
14,89,0
14,90,0
14,91,0
14,92,0
14,93,0
14,94,0
14,95,0
14,96,0
14,97,0
14,98,0
14,99,0
15,0,0
15,1,1.88304e-10
15,2,3.15702e-09
15,3,4.02251e-08
15,4,3.98442e-07
15,5,3.10836e-06
15,6,1.92418e-05
15,7,9.48891e-05
15,8,0.000373715
15,9,0.00118085
15,10,0.00303196
15,11,0.00651834
15,12,0.0123469
15,13,0.0216858
15,14,0.0358488
15,15,0.0550418
15,16,0.0785038
15,17,0.105279
15,18,0.133035
15,19,0.159243
15,20,0.182419
15,21,0.200876
15,22,0.214711
15,23,0.223905
15,24,0.229139
15,25,0.230823
15,26,0.229139
15,27,0.223905
15,28,0.214711
15,29,0.200876
15,30,0.182419
15,31,0.159243
15,32,0.133035
15,33,0.105279
15,34,0.0785038
15,35,0.0550418
15,36,0.0358488
15,37,0.0216858
15,38,0.0123469
15,39,0.00651834
15,40,0.00303196
15,41,0.00118085
15,42,0.000373715
15,43,9.48891e-05
15,44,1.92418e-05
15,45,3.10836e-06
15,46,3.98442e-07
15,47,4.02251e-08
15,48,3.15702e-09
15,49,1.88556e-10
15,50,8.27762e-12
15,51,2.51766e-13
15,52,4.73872e-15
15,53,4.1575e-17
15,54,0
15,55,0
15,56,0
15,57,0
15,58,0
15,59,0
15,60,0
15,61,0
15,62,0
15,63,0
15,64,0
15,65,0
15,66,0
15,67,0
15,68,0
15,69,0
15,70,0
15,71,0
15,72,0
15,73,0
15,74,0
15,75,0
15,76,0
15,77,0
15,78,0
15,79,0
15,80,0
15,81,0
15,82,0
15,83,0
15,84,0
15,85,0
15,86,0
15,87,0
15,88,0
15,89,0
15,90,0
15,91,0
15,92,0
15,93,0
15,94,0
15,95,0
15,96,0
15,97,0
15,98,0
15,99,0
16,0,0
16,1,1.32755e-09
16,2,1.78164e-08
16,3,1.86216e-07
16,4,1.54031e-06
16,5,1.01662e-05
16,6,5.3787e-05
16,7,0.000228801
16,8,0.000785673
16,9,0.00219915
16,10,0.00513165
16,11,0.0103929
16,12,0.019162
16,13,0.033015
16,14,0.0529161
16,15,0.0785038
16,16,0.108736
16,17,0.141231
16,18,0.172392
16,19,0.199907
16,20,0.221722
16,21,0.237269
16,22,0.247564
16,23,0.253275
16,24,0.256339
16,25,0.257025
16,26,0.256339
16,27,0.253275
16,28,0.247564
16,29,0.237269
16,30,0.221722
16,31,0.199907
16,32,0.172392
16,33,0.141231
16,34,0.108736
16,35,0.0785038
16,36,0.0529161
16,37,0.033015
16,38,0.019162
16,39,0.0103929
16,40,0.00513165
16,41,0.00219915
16,42,0.000785673
16,43,0.000228801
16,44,5.3787e-05
16,45,1.01662e-05
16,46,1.54031e-06
16,47,1.86216e-07
16,48,1.78165e-08
16,49,1.33074e-09
16,50,7.59164e-11
16,51,3.19351e-12
16,52,9.33371e-14
16,53,1.6924e-15
16,54,1.43362e-17
16,55,0
16,56,0
16,57,0
16,58,0
16,59,0
16,60,0
16,61,0
16,62,0
16,63,0
16,64,0
16,65,0
16,66,0
16,67,0
16,68,0
16,69,0
16,70,0
16,71,0
16,72,0
16,73,0
16,74,0
16,75,0
16,76,0
16,77,0
16,78,0
16,79,0
16,80,0
16,81,0
16,82,0
16,83,0
16,84,0
16,85,0
16,86,0
16,87,0
16,88,0
16,89,0
16,90,0
16,91,0
16,92,0
16,93,0
16,94,0
16,95,0
16,96,0
16,97,0
16,98,0
16,99,0
17,0,0
17,1,6.81478e-09
17,2,7.55025e-08
17,3,6.63065e-07
17,4,4.67556e-06
17,5,2.66194e-05
17,6,0.000122806
17,7,0.000460832
17,8,0.00141684
17,9,0.00362546
17,10,0.00794822
17,11,0.0155378
17,12,0.0280083
17,13,0.0470014
17,14,0.0730669
17,15,0.105279
17,16,0.141231
17,17,0.176892
17,18,0.208475
17,19,0.233239
17,20,0.24967
17,21,0.259019
17,22,0.262732
17,23,0.263396
17,24,0.262882
17,25,0.262546
17,26,0.262882
17,27,0.263396
17,28,0.262732
17,29,0.259019
17,30,0.24967
17,31,0.233239
17,32,0.208475
17,33,0.176892
17,34,0.141231
17,35,0.105279
17,36,0.0730669
17,37,0.0470014
17,38,0.0280083
17,39,0.0155378
17,40,0.00794822
17,41,0.00362546
17,42,0.00141684
17,43,0.000460832
17,44,0.000122806
17,45,2.66194e-05
17,46,4.67556e-06
17,47,6.63065e-07
17,48,7.55036e-08
17,49,6.84127e-09
17,50,4.86196e-10
17,51,2.64982e-11
17,52,1.06868e-12
17,53,3.00382e-14
17,54,5.25228e-16
17,55,4.30086e-18
17,56,0
17,57,0
17,58,0
17,59,0
17,60,0
17,61,0
17,62,0
17,63,0
17,64,0
17,65,0
17,66,0
17,67,0
17,68,0
17,69,0
17,70,0
17,71,0
17,72,0
17,73,0
17,74,0
17,75,0
17,76,0
17,77,0
17,78,0
17,79,0
17,80,0
17,81,0
17,82,0
17,83,0
17,84,0
17,85,0
17,86,0
17,87,0
17,88,0
17,89,0
17,90,0
17,91,0
17,92,0
17,93,0
17,94,0
17,95,0
17,96,0
17,97,0
17,98,0
17,99,0
18,0,0
18,1,2.61841e-08
18,2,2.4606e-07
18,3,1.85896e-06
18,4,1.14284e-05
18,5,5.74182e-05
18,6,0.000236613
18,7,0.000803928
18,8,0.00227491
18,9,0.00546484
18,10,0.0114849
18,11,0.0218558
18,12,0.0385242
18,13,0.063054
18,14,0.0953
18,15,0.133035
18,16,0.172392
18,17,0.208475
18,18,0.236788
18,19,0.254833
18,20,0.262969
18,21,0.263392
18,22,0.259235
18,23,0.253877
18,24,0.249544
18,25,0.248024
18,26,0.249544
18,27,0.253877
18,28,0.259235
18,29,0.263392
18,30,0.262969
18,31,0.254833
18,32,0.236788
18,33,0.208475
18,34,0.172392
18,35,0.133035
18,36,0.0953001
18,37,0.063054
18,38,0.0385242
18,39,0.0218558
18,40,0.0114849
18,41,0.00546484
18,42,0.00227491
18,43,0.000803928
18,44,0.000236613
18,45,5.74182e-05
18,46,1.14284e-05
18,47,1.85896e-06
18,48,2.46068e-07
18,49,2.63365e-08
18,50,2.25664e-09
18,51,1.52463e-10
18,52,7.93576e-12
18,53,3.06879e-13
18,54,8.29955e-15
18,55,1.40061e-16
18,56,1.1099e-18
18,57,0
18,58,0
18,59,0
18,60,0
18,61,0
18,62,0
18,63,0
18,64,0
18,65,0
18,66,0
18,67,0
18,68,0
18,69,0
18,70,0
18,71,0
18,72,0
18,73,0
18,74,0
18,75,0
18,76,0
18,77,0
18,78,0
18,79,0
18,80,0
18,81,0
18,82,0
18,83,0
18,84,0
18,85,0
18,86,0
18,87,0
18,88,0
18,89,0
18,90,0
18,91,0
18,92,0
18,93,0
18,94,0
18,95,0
18,96,0
18,97,0
18,98,0
18,99,0
19,0,0
19,1,7.73211e-08
19,2,6.33219e-07
19,3,4.22109e-06
19,4,2.31953e-05
19,5,0.000105434
19,6,0.000397836
19,7,0.0012535
19,8,0.00333604
19,9,0.00765484
19,10,0.0155973
19,11,0.0290575
19,12,0.050192
19,13,0.0801207
19,14,0.1176
19,15,0.159243
19,16,0.199907
19,17,0.233239
19,18,0.254833
19,19,0.263784
19,20,0.261653
19,21,0.252484
19,22,0.24053
19,23,0.229477
19,24,0.221909
19,25,0.219204
19,26,0.221909
19,27,0.229478
19,28,0.24053
19,29,0.252484
19,30,0.261653
19,31,0.263784
19,32,0.254833
19,33,0.233239
19,34,0.199907
19,35,0.159243
19,36,0.1176
19,37,0.0801207
19,38,0.050192
19,39,0.0290575
19,40,0.0155974
19,41,0.00765484
19,42,0.00333604
19,43,0.0012535
19,44,0.000397836
19,45,0.000105434
19,46,2.31953e-05
19,47,4.22109e-06
19,48,6.3326e-07
19,49,7.7953e-08
19,50,7.81774e-09
19,51,6.3192e-10
19,52,4.05167e-11
19,53,2.0119e-12
19,54,7.45656e-14
19,55,1.9406e-15
19,56,3.16266e-17
19,57,2.42791e-19
19,58,0
19,59,0
19,60,0
19,61,0
19,62,0
19,63,0
19,64,0
19,65,0
19,66,0
19,67,0
19,68,0
19,69,0
19,70,0
19,71,0
19,72,0
19,73,0
19,74,0
19,75,0
19,76,0
19,77,0
19,78,0
19,79,0
19,80,0
19,81,0
19,82,0
19,83,0
19,84,0
19,85,0
19,86,0
19,87,0
19,88,0
19,89,0
19,90,0
19,91,0
19,92,0
19,93,0
19,94,0
19,95,0
19,96,0
19,97,0
19,98,0
19,99,0
20,0,0
20,1,1.8075e-07
20,2,1.32674e-06
20,3,8.01224e-06
20,4,4.03464e-05
20,5,0.00016981
20,6,0.000599162
20,7,0.00178333
20,8,0.00453421
20,9,0.0100628
20,10,0.020046
20,11,0.0366821
20,12,0.0620918
20,13,0.096758
20,14,0.138458
20,15,0.182419
20,16,0.221722
20,17,0.24967
20,18,0.262969
20,19,0.261653
20,20,0.249409
20,21,0.231708
20,22,0.213222
20,23,0.198013
20,24,0.187906
20,25,0.184543
20,26,0.187906
20,27,0.198013
20,28,0.213222
20,29,0.231708
20,30,0.249409
20,31,0.261653
20,32,0.262969
20,33,0.24967
20,34,0.221722
20,35,0.182419
20,36,0.138458
20,37,0.0967581
20,38,0.0620918
20,39,0.0366821
20,40,0.020046
20,41,0.0100628
20,42,0.00453421
20,43,0.00178333
20,44,0.000599162
20,45,0.00016981
20,46,4.03464e-05
20,47,8.01225e-06
20,48,1.32689e-06
20,49,1.82697e-07
20,50,2.08137e-08
20,51,1.94721e-09
20,52,1.47915e-10
20,53,8.97304e-12
20,54,4.24154e-13
20,55,1.50469e-14
20,56,3.76664e-16
20,57,5.92999e-18
20,58,4.41438e-20
20,59,0
20,60,0
20,61,0
20,62,0
20,63,0
20,64,0
20,65,0
20,66,0
20,67,0
20,68,0
20,69,0
20,70,0
20,71,0
20,72,0
20,73,0
20,74,0
20,75,0
20,76,0
20,77,0
20,78,0
20,79,0
20,80,0
20,81,0
20,82,0
20,83,0
20,84,0
20,85,0
20,86,0
20,87,0
20,88,0
20,89,0
20,90,0
20,91,0
20,92,0
20,93,0
20,94,0
20,95,0
20,96,0
20,97,0
20,98,0
20,99,0
21,0,0
21,1,3.45445e-07
21,2,2.33494e-06
21,3,1.30891e-05
21,4,6.17187e-05
21,5,0.000245138
21,6,0.000822446
21,7,0.00234657
21,8,0.00577119
21,9,0.0125023
21,10,0.0244704
21,11,0.0440738
21,12,0.0732981
21,13,0.11194
21,14,0.156537
21,15,0.200875
21,16,0.237269
21,17,0.259019
21,18,0.263392
21,19,0.252484
21,20,0.231708
21,21,0.20725
21,22,0.184372
21,23,0.166186
21,24,0.154558
21,25,0.150501
21,26,0.154558
21,27,0.166186
21,28,0.184372
21,29,0.20725
21,30,0.231708
21,31,0.252484
21,32,0.263392
21,33,0.259019
21,34,0.237269
21,35,0.200876
21,36,0.156537
21,37,0.11194
21,38,0.0732981
21,39,0.0440738
21,40,0.0244704
21,41,0.0125023
21,42,0.00577119
21,43,0.00234657
21,44,0.000822446
21,45,0.000245138
21,46,6.17187e-05
21,47,1.30892e-05
21,48,2.33534e-06
21,49,3.50051e-07
21,50,4.39677e-08
21,51,4.60611e-09
21,52,3.99449e-10
21,53,2.83496e-11
21,54,1.61905e-12
21,55,7.25701e-14
21,56,2.45758e-15
21,57,5.90896e-17
21,58,8.98483e-19
21,59,6.49173e-21
21,60,0
21,61,0
21,62,0
21,63,0
21,64,0
21,65,0
21,66,0
21,67,0
21,68,0
21,69,0
21,70,0
21,71,0
21,72,0
21,73,0
21,74,0
21,75,0
21,76,0
21,77,0
21,78,0
21,79,0
21,80,0
21,81,0
21,82,0
21,83,0
21,84,0
21,85,0
21,86,0
21,87,0
21,88,0
21,89,0
21,90,0
21,91,0
21,92,0
21,93,0
21,94,0
21,95,0
21,96,0
21,97,0
21,98,0
21,99,0
22,0,0
22,1,5.55942e-07
22,2,3.54156e-06
22,3,1.88092e-05
22,4,8.45462e-05
22,5,0.000321956
22,6,0.00104157
22,7,0.00288305
22,8,0.00692378
22,9,0.0147376
22,10,0.0284651
22,11,0.0506328
22,12,0.0829737
22,13,0.124504
22,14,0.170798
22,15,0.214711
22,16,0.247564
22,17,0.262732
22,18,0.259235
22,19,0.24053
22,20,0.213222
22,21,0.184372
22,22,0.158471
22,23,0.138386
22,24,0.125166
22,25,0.120314
22,26,0.125166
22,27,0.138386
22,28,0.158471
22,29,0.184372
22,30,0.213222
22,31,0.24053
22,32,0.259235
22,33,0.262732
22,34,0.247564
22,35,0.214711
22,36,0.170798
22,37,0.124504
22,38,0.0829737
22,39,0.0506328
22,40,0.0284651
22,41,0.0147376
22,42,0.00692378
22,43,0.00288305
22,44,0.00104157
22,45,0.000321956
22,46,8.45462e-05
22,47,1.88092e-05
22,48,3.54238e-06
22,49,5.64592e-07
22,50,7.60849e-08
22,51,8.65001e-09
22,52,8.26102e-10
22,53,6.58059e-11
22,54,4.32444e-12
22,55,2.30592e-13
22,56,9.73293e-15
22,57,3.13015e-16
22,58,7.20573e-18
22,59,1.05704e-19
22,60,7.41912e-22
22,61,0
22,62,0
22,63,0
22,64,0
22,65,0
22,66,0
22,67,0
22,68,0
22,69,0
22,70,0
22,71,0
22,72,0
22,73,0
22,74,0
22,75,0
22,76,0
22,77,0
22,78,0
22,79,0
22,80,0
22,81,0
22,82,0
22,83,0
22,84,0
22,85,0
22,86,0
22,87,0
22,88,0
22,89,0
22,90,0
22,91,0
22,92,0
22,93,0
22,94,0
22,95,0
22,96,0
22,97,0
22,98,0
22,99,0
23,0,0
23,1,7.70049e-07
23,2,4.71372e-06
23,3,2.4135e-05
23,4,0.000105025
23,5,0.000388691
23,6,0.00122683
23,7,0.00332694
23,8,0.00786318
23,9,0.0165413
23,10,0.0316495
23,11,0.0557543
23,12,0.0903453
23,13,0.133896
23,14,0.181139
23,15,0.223905
23,16,0.253276
23,17,0.263396
23,18,0.253877
23,19,0.229478
23,20,0.198013
23,21,0.166186
23,22,0.138386
23,23,0.11623
23,24,0.10034
23,25,0.0929523
23,26,0.10034
23,27,0.11623
23,28,0.138386
23,29,0.166186
23,30,0.198013
23,31,0.229478
23,32,0.253877
23,33,0.263396
23,34,0.253275
23,35,0.223905
23,36,0.181139
23,37,0.133896
23,38,0.0903453
23,39,0.0557543
23,40,0.0316495
23,41,0.0165413
23,42,0.00786318
23,43,0.00332694
23,44,0.00122683
23,45,0.000388691
23,46,0.000105025
23,47,2.41351e-05
23,48,4.71507e-06
23,49,7.83339e-07
23,50,1.10681e-07
23,51,1.32898e-08
23,52,1.35325e-09
23,53,1.16397e-10
23,54,8.4027e-12
23,55,5.0404e-13
23,56,2.47427e-14
23,57,9.70876e-16
23,58,2.93448e-17
23,59,6.42226e-19
23,60,9.06034e-21
23,61,6.1826e-23
23,62,0
23,63,0
23,64,0
23,65,0
23,66,0
23,67,0
23,68,0
23,69,0
23,70,0
23,71,0
23,72,0
23,73,0
23,74,0
23,75,0
23,76,0
23,77,0
23,78,0
23,79,0
23,80,0
23,81,0
23,82,0
23,83,0
23,84,0
23,85,0
23,86,0
23,87,0
23,88,0
23,89,0
23,90,0
23,91,0
23,92,0
23,93,0
23,94,0
23,95,0
23,96,0
23,97,0
23,98,0
23,99,0
24,0,0
24,1,9.31231e-07
24,2,5.57117e-06
24,3,2.79282e-05
24,4,0.000119266
24,5,0.000434136
24,6,0.00135086
24,7,0.00362042
24,8,0.00847841
24,9,0.0177109
24,10,0.0336935
24,11,0.059018
24,12,0.0949955
24,13,0.139636
24,14,0.187163
24,15,0.229139
24,16,0.256339
24,17,0.262882
24,18,0.249544
24,19,0.221909
24,20,0.187906
24,21,0.154558
24,22,0.125166
24,23,0.10034
24,24,0.0786111
24,25,0.0619417
24,26,0.078611
24,27,0.10034
24,28,0.125166
24,29,0.154558
24,30,0.187906
24,31,0.221909
24,32,0.249544
24,33,0.262882
24,34,0.256339
24,35,0.229139
24,36,0.187163
24,37,0.139636
24,38,0.0949955
24,39,0.059018
24,40,0.0336935
24,41,0.0177109
24,42,0.00847841
24,43,0.00362042
24,44,0.00135086
24,45,0.000434136
24,46,0.000119266
24,47,2.79283e-05
24,48,5.57298e-06
24,49,9.48291e-07
24,50,1.37689e-07
24,51,1.70598e-08
24,52,1.80191e-09
24,53,1.61866e-10
24,54,1.23171e-11
24,55,7.89122e-13
24,56,4.2189e-14
24,57,1.8576e-15
24,58,6.60078e-17
24,59,1.83134e-18
24,60,3.7437e-20
24,61,5.03352e-22
24,62,3.34195e-24
24,63,0
24,64,0
24,65,0
24,66,0
24,67,0
24,68,0
24,69,0
24,70,0
24,71,0
24,72,0
24,73,0
24,74,0
24,75,0
24,76,0
24,77,0
24,78,0
24,79,0
24,80,0
24,81,0
24,82,0
24,83,0
24,84,0
24,85,0
24,86,0
24,87,0
24,88,0
24,89,0
24,90,0
24,91,0
24,92,0
24,93,0
24,94,0
24,95,0
24,96,0
24,97,0
24,98,0
24,99,0
25,0,0
25,1,9.91293e-07
25,2,5.88614e-06
25,3,2.93028e-05
25,4,0.000124369
25,5,0.000450271
25,6,0.00139453
25,7,0.00372292
25,8,0.00869203
25,9,0.0181172
25,10,0.0344033
25,11,0.060133
25,12,0.0965467
25,13,0.141577
25,14,0.189275
25,15,0.230823
25,16,0.257025
25,17,0.262546
25,18,0.248024
25,19,0.219204
25,20,0.184543
25,21,0.150502
25,22,0.120313
25,23,0.0929524
25,24,0.0619419
25,25,0.00664501
25,26,0.0619422
25,27,0.0929523
25,28,0.120314
25,29,0.150501
25,30,0.184543
25,31,0.219204
25,32,0.248024
25,33,0.262546
25,34,0.257025
25,35,0.230823
25,36,0.189275
25,37,0.141577
25,38,0.0965468
25,39,0.060133
25,40,0.0344033
25,41,0.0181172
25,42,0.00869203
25,43,0.00372292
25,44,0.00139453
25,45,0.000450271
25,46,0.000124369
25,47,2.9303e-05
25,48,5.88812e-06
25,49,1.00981e-06
25,50,1.4793e-07
25,51,1.85162e-08
25,52,1.9791e-09
25,53,1.80311e-10
25,54,1.39571e-11
25,55,9.13203e-13
25,56,5.01383e-14
25,57,2.28722e-15
25,58,8.55802e-17
25,59,2.58253e-18
25,60,6.13699e-20
25,61,1.10165e-21
25,62,1.36041e-23
25,63,8.7946e-26
25,64,0
25,65,0
25,66,0
25,67,0
25,68,0
25,69,0
25,70,0
25,71,0
25,72,0
25,73,0
25,74,0
25,75,0
25,76,0
25,77,0
25,78,0
25,79,0
25,80,0
25,81,0
25,82,0
25,83,0
25,84,0
25,85,0
25,86,0
25,87,0
25,88,0
25,89,0
25,90,0
25,91,0
25,92,0
25,93,0
25,94,0
25,95,0
25,96,0
25,97,0
25,98,0
25,99,0
26,0,0
26,1,9.31231e-07
26,2,5.57117e-06
26,3,2.79282e-05
26,4,0.000119266
26,5,0.000434136
26,6,0.00135086
26,7,0.00362042
26,8,0.00847841
26,9,0.0177109
26,10,0.0336935
26,11,0.059018
26,12,0.0949955
26,13,0.139636
26,14,0.187163
26,15,0.229139
26,16,0.256339
26,17,0.262882
26,18,0.249544
26,19,0.221909
26,20,0.187906
26,21,0.154558
26,22,0.125166
26,23,0.10034
26,24,0.0786111
26,25,0.0619417
26,26,0.078611
26,27,0.10034
26,28,0.125166
26,29,0.154558
26,30,0.187906
26,31,0.221909
26,32,0.249544
26,33,0.262882
26,34,0.256339
26,35,0.229139
26,36,0.187163
26,37,0.139636
26,38,0.0949955
26,39,0.059018
26,40,0.0336935
26,41,0.0177109
26,42,0.00847841
26,43,0.00362042
26,44,0.00135086
26,45,0.000434136
26,46,0.000119266
26,47,2.79283e-05
26,48,5.57298e-06
26,49,9.48291e-07
26,50,1.37689e-07
26,51,1.70598e-08
26,52,1.80191e-09
26,53,1.61866e-10
26,54,1.23171e-11
26,55,7.89122e-13
26,56,4.2189e-14
26,57,1.8576e-15
26,58,6.60078e-17
26,59,1.83134e-18
26,60,3.7437e-20
26,61,5.03352e-22
26,62,3.34195e-24
26,63,0
26,64,0
26,65,0
26,66,0
26,67,0
26,68,0
26,69,0
26,70,0
26,71,0
26,72,0
26,73,0
26,74,0
26,75,0
26,76,0
26,77,0
26,78,0
26,79,0
26,80,0
26,81,0
26,82,0
26,83,0
26,84,0
26,85,0
26,86,0
26,87,0
26,88,0
26,89,0
26,90,0
26,91,0
26,92,0
26,93,0
26,94,0
26,95,0
26,96,0
26,97,0
26,98,0
26,99,0
27,0,0
27,1,7.70049e-07
27,2,4.71372e-06
27,3,2.4135e-05
27,4,0.000105025
27,5,0.000388691
27,6,0.00122683
27,7,0.00332694
27,8,0.00786318
27,9,0.0165413
27,10,0.0316495
27,11,0.0557543
27,12,0.0903453
27,13,0.133896
27,14,0.181139
27,15,0.223905
27,16,0.253276
27,17,0.263396
27,18,0.253877
27,19,0.229478
27,20,0.198013
27,21,0.166186
27,22,0.138386
27,23,0.11623
27,24,0.10034
27,25,0.0929523
27,26,0.10034
27,27,0.11623
27,28,0.138386
27,29,0.166186
27,30,0.198013
27,31,0.229478
27,32,0.253877
27,33,0.263396
27,34,0.253275
27,35,0.223905
27,36,0.181139
27,37,0.133896
27,38,0.0903453
27,39,0.0557543
27,40,0.0316495
27,41,0.0165413
27,42,0.00786318
27,43,0.00332694
27,44,0.00122683
27,45,0.000388691
27,46,0.000105025
27,47,2.41351e-05
27,48,4.71507e-06
27,49,7.83339e-07
27,50,1.10681e-07
27,51,1.32898e-08
27,52,1.35325e-09
27,53,1.16397e-10
27,54,8.4027e-12
27,55,5.0404e-13
27,56,2.47427e-14
27,57,9.70876e-16
27,58,2.93448e-17
27,59,6.42226e-19
27,60,9.06034e-21
27,61,6.1826e-23
27,62,0
27,63,0
27,64,0
27,65,0
27,66,0
27,67,0
27,68,0
27,69,0
27,70,0
27,71,0
27,72,0
27,73,0
27,74,0
27,75,0
27,76,0
27,77,0
27,78,0
27,79,0
27,80,0
27,81,0
27,82,0
27,83,0
27,84,0
27,85,0
27,86,0
27,87,0
27,88,0
27,89,0
27,90,0
27,91,0
27,92,0
27,93,0
27,94,0
27,95,0
27,96,0
27,97,0
27,98,0
27,99,0
28,0,0
28,1,5.55942e-07
28,2,3.54156e-06
28,3,1.88092e-05
28,4,8.45462e-05
28,5,0.000321956
28,6,0.00104157
28,7,0.00288305
28,8,0.00692378
28,9,0.0147376
28,10,0.0284651
28,11,0.0506328
28,12,0.0829737
28,13,0.124504
28,14,0.170798
28,15,0.214711
28,16,0.247564
28,17,0.262732
28,18,0.259235
28,19,0.24053
28,20,0.213222
28,21,0.184372
28,22,0.158471
28,23,0.138386
28,24,0.125166
28,25,0.120314
28,26,0.125166
28,27,0.138386
28,28,0.158471
28,29,0.184372
28,30,0.213222
28,31,0.24053
28,32,0.259235
28,33,0.262732
28,34,0.247564
28,35,0.214711
28,36,0.170798
28,37,0.124504
28,38,0.0829737
28,39,0.0506328
28,40,0.0284651
28,41,0.0147376
28,42,0.00692378
28,43,0.00288305
28,44,0.00104157
28,45,0.000321956
28,46,8.45462e-05
28,47,1.88092e-05
28,48,3.54238e-06
28,49,5.64592e-07
28,50,7.60849e-08
28,51,8.65001e-09
28,52,8.26102e-10
28,53,6.58059e-11
28,54,4.32444e-12
28,55,2.30592e-13
28,56,9.73293e-15
28,57,3.13015e-16
28,58,7.20573e-18
28,59,1.05704e-19
28,60,7.41912e-22
28,61,0
28,62,0
28,63,0
28,64,0
28,65,0
28,66,0
28,67,0
28,68,0
28,69,0
28,70,0
28,71,0
28,72,0
28,73,0
28,74,0
28,75,0
28,76,0
28,77,0
28,78,0
28,79,0
28,80,0
28,81,0
28,82,0
28,83,0
28,84,0
28,85,0
28,86,0
28,87,0
28,88,0
28,89,0
28,90,0
28,91,0
28,92,0
28,93,0
28,94,0
28,95,0
28,96,0
28,97,0
28,98,0
28,99,0
29,0,0
29,1,3.45445e-07
29,2,2.33494e-06
29,3,1.30891e-05
29,4,6.17187e-05
29,5,0.000245138
29,6,0.000822446
29,7,0.00234657
29,8,0.00577119
29,9,0.0125023
29,10,0.0244704
29,11,0.0440738
29,12,0.0732981
29,13,0.11194
29,14,0.156537
29,15,0.200875
29,16,0.237269
29,17,0.259019
29,18,0.263392
29,19,0.252484
29,20,0.231708
29,21,0.20725
29,22,0.184372
29,23,0.166186
29,24,0.154558
29,25,0.150501
29,26,0.154558
29,27,0.166186
29,28,0.184372
29,29,0.20725
29,30,0.231708
29,31,0.252484
29,32,0.263392
29,33,0.259019
29,34,0.237269
29,35,0.200876
29,36,0.156537
29,37,0.11194
29,38,0.0732981
29,39,0.0440738
29,40,0.0244704
29,41,0.0125023
29,42,0.00577119
29,43,0.00234657
29,44,0.000822446
29,45,0.000245138
29,46,6.17187e-05
29,47,1.30892e-05
29,48,2.33534e-06
29,49,3.50051e-07
29,50,4.39677e-08
29,51,4.60611e-09
29,52,3.99449e-10
29,53,2.83496e-11
29,54,1.61905e-12
29,55,7.25701e-14
29,56,2.45758e-15
29,57,5.90896e-17
29,58,8.98483e-19
29,59,6.49173e-21
29,60,0
29,61,0
29,62,0
29,63,0
29,64,0
29,65,0
29,66,0
29,67,0
29,68,0
29,69,0
29,70,0
29,71,0
29,72,0
29,73,0
29,74,0
29,75,0
29,76,0
29,77,0
29,78,0
29,79,0
29,80,0
29,81,0
29,82,0
29,83,0
29,84,0
29,85,0
29,86,0
29,87,0
29,88,0
29,89,0
29,90,0
29,91,0
29,92,0
29,93,0
29,94,0
29,95,0
29,96,0
29,97,0
29,98,0
29,99,0
30,0,0
30,1,1.8075e-07
30,2,1.32674e-06
30,3,8.01224e-06
30,4,4.03464e-05
30,5,0.00016981
30,6,0.000599162
30,7,0.00178333
30,8,0.00453421
30,9,0.0100628
30,10,0.020046
30,11,0.0366821
30,12,0.0620918
30,13,0.096758
30,14,0.138458
30,15,0.182419
30,16,0.221722
30,17,0.24967
30,18,0.262969
30,19,0.261653
30,20,0.249409
30,21,0.231708
30,22,0.213222
30,23,0.198013
30,24,0.187906
30,25,0.184543
30,26,0.187906
30,27,0.198013
30,28,0.213222
30,29,0.231708
30,30,0.249409
30,31,0.261653
30,32,0.262969
30,33,0.24967
30,34,0.221722
30,35,0.182419
30,36,0.138458
30,37,0.0967581
30,38,0.0620918
30,39,0.0366821
30,40,0.020046
30,41,0.0100628
30,42,0.00453421
30,43,0.00178333
30,44,0.000599162
30,45,0.00016981
30,46,4.03464e-05
30,47,8.01225e-06
30,48,1.32689e-06
30,49,1.82697e-07
30,50,2.08137e-08
30,51,1.94721e-09
30,52,1.47915e-10
30,53,8.97304e-12
30,54,4.24154e-13
30,55,1.50469e-14
30,56,3.76664e-16
30,57,5.92999e-18
30,58,4.41438e-20
30,59,0
30,60,0
30,61,0
30,62,0
30,63,0
30,64,0
30,65,0
30,66,0
30,67,0
30,68,0
30,69,0
30,70,0
30,71,0
30,72,0
30,73,0
30,74,0
30,75,0
30,76,0
30,77,0
30,78,0
30,79,0
30,80,0
30,81,0
30,82,0
30,83,0
30,84,0
30,85,0
30,86,0
30,87,0
30,88,0
30,89,0
30,90,0
30,91,0
30,92,0
30,93,0
30,94,0
30,95,0
30,96,0
30,97,0
30,98,0
30,99,0
31,0,0
31,1,7.73211e-08
31,2,6.33219e-07
31,3,4.22109e-06
31,4,2.31953e-05
31,5,0.000105434
31,6,0.000397836
31,7,0.0012535
31,8,0.00333604
31,9,0.00765484
31,10,0.0155973
31,11,0.0290575
31,12,0.050192
31,13,0.0801207
31,14,0.1176
31,15,0.159243
31,16,0.199907
31,17,0.233239
31,18,0.254833
31,19,0.263784
31,20,0.261653
31,21,0.252484
31,22,0.24053
31,23,0.229477
31,24,0.221909
31,25,0.219204
31,26,0.221909
31,27,0.229478
31,28,0.24053
31,29,0.252484
31,30,0.261653
31,31,0.263784
31,32,0.254833
31,33,0.233239
31,34,0.199907
31,35,0.159243
31,36,0.1176
31,37,0.0801207
31,38,0.050192
31,39,0.0290575
31,40,0.0155974
31,41,0.00765484
31,42,0.00333604
31,43,0.0012535
31,44,0.000397836
31,45,0.000105434
31,46,2.31953e-05
31,47,4.22109e-06
31,48,6.3326e-07
31,49,7.7953e-08
31,50,7.81774e-09
31,51,6.3192e-10
31,52,4.05167e-11
31,53,2.0119e-12
31,54,7.45656e-14
31,55,1.9406e-15
31,56,3.16266e-17
31,57,2.42791e-19
31,58,0
31,59,0
31,60,0
31,61,0
31,62,0
31,63,0
31,64,0
31,65,0
31,66,0
31,67,0
31,68,0
31,69,0
31,70,0
31,71,0
31,72,0
31,73,0
31,74,0
31,75,0
31,76,0
31,77,0
31,78,0
31,79,0
31,80,0
31,81,0
31,82,0
31,83,0
31,84,0
31,85,0
31,86,0
31,87,0
31,88,0
31,89,0
31,90,0
31,91,0
31,92,0
31,93,0
31,94,0
31,95,0
31,96,0
31,97,0
31,98,0
31,99,0
32,0,0
32,1,2.61841e-08
32,2,2.4606e-07
32,3,1.85896e-06
32,4,1.14284e-05
32,5,5.74182e-05
32,6,0.000236613
32,7,0.000803928
32,8,0.00227491
32,9,0.00546484
32,10,0.0114849
32,11,0.0218558
32,12,0.0385242
32,13,0.063054
32,14,0.0953
32,15,0.133035
32,16,0.172392
32,17,0.208475
32,18,0.236788
32,19,0.254833
32,20,0.262969
32,21,0.263392
32,22,0.259235
32,23,0.253877
32,24,0.249544
32,25,0.248024
32,26,0.249544
32,27,0.253877
32,28,0.259235
32,29,0.263392
32,30,0.262969
32,31,0.254833
32,32,0.236788
32,33,0.208475
32,34,0.172392
32,35,0.133035
32,36,0.0953001
32,37,0.063054
32,38,0.0385242
32,39,0.0218558
32,40,0.0114849
32,41,0.00546484
32,42,0.00227491
32,43,0.000803928
32,44,0.000236613
32,45,5.74182e-05
32,46,1.14284e-05
32,47,1.85896e-06
32,48,2.46068e-07
32,49,2.63365e-08
32,50,2.25664e-09
32,51,1.52463e-10
32,52,7.93576e-12
32,53,3.06879e-13
32,54,8.29955e-15
32,55,1.40061e-16
32,56,1.1099e-18
32,57,0
32,58,0
32,59,0
32,60,0
32,61,0
32,62,0
32,63,0
32,64,0
32,65,0
32,66,0
32,67,0
32,68,0
32,69,0
32,70,0
32,71,0
32,72,0
32,73,0
32,74,0
32,75,0
32,76,0
32,77,0
32,78,0
32,79,0
32,80,0
32,81,0
32,82,0
32,83,0
32,84,0
32,85,0
32,86,0
32,87,0
32,88,0
32,89,0
32,90,0
32,91,0
32,92,0
32,93,0
32,94,0
32,95,0
32,96,0
32,97,0
32,98,0
32,99,0
33,0,0
33,1,6.81478e-09
33,2,7.55025e-08
33,3,6.63065e-07
33,4,4.67556e-06
33,5,2.66194e-05
33,6,0.000122806
33,7,0.000460832
33,8,0.00141684
33,9,0.00362546
33,10,0.00794822
33,11,0.0155378
33,12,0.0280083
33,13,0.0470014
33,14,0.0730669
33,15,0.105279
33,16,0.141231
33,17,0.176892
33,18,0.208475
33,19,0.233239
33,20,0.24967
33,21,0.259019
33,22,0.262732
33,23,0.263396
33,24,0.262882
33,25,0.262546
33,26,0.262882
33,27,0.263396
33,28,0.262732
33,29,0.259019
33,30,0.24967
33,31,0.233239
33,32,0.208475
33,33,0.176892
33,34,0.141231
33,35,0.105279
33,36,0.0730669
33,37,0.0470014
33,38,0.0280083
33,39,0.0155378
33,40,0.00794822
33,41,0.00362546
33,42,0.00141684
33,43,0.000460832
33,44,0.000122806
33,45,2.66194e-05
33,46,4.67556e-06
