0,0,0
0,1,0
0,2,0
0,3,0
0,4,0
0,5,0
0,6,0
0,7,0
0,8,0
0,9,0
0,10,0
0,11,0
0,12,0
0,13,0
0,14,0
0,15,0
0,16,0
0,17,0
0,18,0
0,19,0
0,20,0
0,21,0
0,22,0
0,23,0
0,24,0
0,25,0
0,26,0
0,27,0
0,28,0
0,29,0
0,30,0
0,31,0
0,32,0
0,33,0
0,34,0
0,35,0
0,36,0
0,37,0
0,38,0
0,39,0
0,40,0
0,41,0
0,42,0
0,43,0
0,44,0
0,45,0
0,46,0
0,47,0
0,48,0
0,49,0
0,50,0
0,51,0
0,52,0
0,53,0
0,54,0
0,55,0
0,56,0
0,57,0
0,58,0
0,59,0
0,60,0
0,61,0
0,62,0
0,63,0
0,64,0
0,65,0
0,66,0
0,67,0
0,68,0
0,69,0
0,70,0
0,71,0
0,72,0
0,73,0
0,74,0
0,75,0
0,76,0
0,77,0
0,78,0
0,79,0
0,80,0
0,81,0
0,82,0
0,83,0
0,84,0
0,85,0
0,86,0
0,87,0
0,88,0
0,89,0
0,90,0
0,91,0
0,92,0
0,93,0
0,94,0
0,95,0
0,96,0
0,97,0
0,98,0
0,99,0
1,0,0
1,1,0
1,2,0
1,3,1.05885e-17
1,4,9.45394e-16
1,5,3.90656e-14
1,6,9.91905e-13
1,7,1.73309e-11
1,8,2.21206e-10
1,9,2.13795e-09
1,10,1.60166e-08
1,11,9.45393e-08
1,12,4.45281e-07
1,13,1.69316e-06
1,14,5.26568e-06
1,15,1.36155e-05
1,16,2.98829e-05
1,17,5.69923e-05
1,18,9.66124e-05
1,19,0.000148301
1,20,0.00020907
1,21,0.000273577
1,22,0.000334857
1,23,0.000385483
1,24,0.000418885
1,25,0.000430552
1,26,0.000418885
1,27,0.000385483
1,28,0.000334857
1,29,0.000273576
1,30,0.00020907
1,31,0.000148301
1,32,9.66124e-05
1,33,5.69923e-05
1,34,2.98829e-05
1,35,1.36155e-05
1,36,5.26568e-06
1,37,1.69316e-06
1,38,4.45281e-07
1,39,9.45393e-08
1,40,1.60166e-08
1,41,2.13795e-09
1,42,2.21206e-10
1,43,1.73309e-11
1,44,9.91905e-13
1,45,3.90656e-14
1,46,9.45394e-16
1,47,1.05885e-17
1,48,0
1,49,0
1,50,0
1,51,0
1,52,0
1,53,0
1,54,0
1,55,0
1,56,0
1,57,0
1,58,0
1,59,0
1,60,0
1,61,0
1,62,0
1,63,0
1,64,0
1,65,0
1,66,0
1,67,0
1,68,0
1,69,0
1,70,0
1,71,0
1,72,0
1,73,0
1,74,0
1,75,0
1,76,0
1,77,0
1,78,0
1,79,0
1,80,0
1,81,0
1,82,0
1,83,0
1,84,0
1,85,0
1,86,0
1,87,0
1,88,0
1,89,0
1,90,0
1,91,0
1,92,0
1,93,0
1,94,0
1,95,0
1,96,0
1,97,0
1,98,0
1,99,0
2,0,0
2,1,0
2,2,1.10488e-17
2,3,1.03134e-15
2,4,4.46522e-14
2,5,1.19068e-12
2,6,2.19024e-11
2,7,2.95069e-10
2,8,3.01784e-09
2,9,2.39832e-08
2,10,1.50488e-07
2,11,7.54553e-07
2,12,3.05496e-06
2,13,1.00998e-05
2,14,2.76554e-05
2,15,6.39064e-05
2,16,0.000127514
2,17,0.000225021
2,18,0.000358569
2,19,0.00052423
2,20,0.000711593
2,21,0.00090473
2,22,0.00108424
2,23,0.00123029
2,24,0.00132569
2,25,0.00135886
2,26,0.00132569
2,27,0.00123029
2,28,0.00108424
2,29,0.000904729
2,30,0.000711593
2,31,0.00052423
2,32,0.000358569
2,33,0.000225021
2,34,0.000127514
2,35,6.39064e-05
2,36,2.76554e-05
2,37,1.00998e-05
2,38,3.05496e-06
2,39,7.54553e-07
2,40,1.50488e-07
2,41,2.39832e-08
2,42,3.01784e-09
2,43,2.95069e-10
2,44,2.19024e-11
2,45,1.19068e-12
2,46,4.46522e-14
2,47,1.03134e-15
2,48,1.10488e-17
2,49,0
2,50,0
2,51,0
2,52,0
2,53,0
2,54,0
2,55,0
2,56,0
2,57,0
2,58,0
2,59,0
2,60,0
2,61,0
2,62,0
2,63,0
2,64,0
2,65,0
2,66,0
2,67,0
2,68,0
2,69,0
2,70,0
2,71,0
2,72,0
2,73,0
2,74,0
2,75,0
2,76,0
2,77,0
2,78,0
2,79,0
2,80,0
2,81,0
2,82,0
2,83,0
2,84,0
2,85,0
2,86,0
2,87,0
2,88,0
2,89,0
2,90,0
2,91,0
2,92,0
2,93,0
2,94,0
2,95,0
2,96,0
2,97,0
2,98,0
2,99,0
3,0,0
3,1,1.05885e-17
3,2,1.03134e-15
3,3,4.66809e-14
3,4,1.30389e-12
3,5,2.51755e-11
3,6,3.56741e-10
3,7,3.84552e-09
3,8,3.22708e-08
3,9,2.14142e-07
3,10,1.1364e-06
3,11,4.86765e-06
3,12,1.69891e-05
3,13,4.88951e-05
3,14,0.000117982
3,15,0.000244002
3,16,0.000443586
3,17,0.000725843
3,18,0.00108884
3,19,0.00151752
3,20,0.00198436
3,21,0.0024518
3,22,0.00287695
3,23,0.00321752
3,24,0.00343779
3,25,0.00351401
3,26,0.00343779
3,27,0.00321752
3,28,0.00287695
3,29,0.0024518
3,30,0.00198436
3,31,0.00151752
3,32,0.00108884
3,33,0.000725843
3,34,0.000443586
3,35,0.000244002
3,36,0.000117982
3,37,4.88951e-05
3,38,1.69891e-05
3,39,4.86765e-06
3,40,1.1364e-06
3,41,2.14142e-07
3,42,3.22708e-08
3,43,3.84552e-09
3,44,3.56741e-10
3,45,2.51755e-11
3,46,1.30389e-12
3,47,4.66808e-14
3,48,1.03134e-15
3,49,1.05885e-17
3,50,0
3,51,0
3,52,0
3,53,0
3,54,0
3,55,0
3,56,0
3,57,0
3,58,0
3,59,0
3,60,0
3,61,0
3,62,0
3,63,0
3,64,0
3,65,0
3,66,0
3,67,0
3,68,0
3,69,0
3,70,0
3,71,0
3,72,0
3,73,0
3,74,0
3,75,0
3,76,0
3,77,0
3,78,0
3,79,0
3,80,0
3,81,0
3,82,0
3,83,0
3,84,0
3,85,0
3,86,0
3,87,0
3,88,0
3,89,0
3,90,0
3,91,0
3,92,0
3,93,0
3,94,0
3,95,0
3,96,0
3,97,0
3,98,0
3,99,0
4,0,0
4,1,9.45394e-16
4,2,4.46522e-14
4,3,1.30389e-12
4,4,2.63701e-11
4,5,3.92171e-10
4,6,4.44545e-09
4,7,3.93011e-08
4,8,2.75166e-07
4,9,1.54216e-06
4,10,6.97564e-06
4,11,2.5666e-05
4,12,7.75638e-05
4,13,0.000195258
4,14,0.000417892
4,15,0.000780323
4,16,0.00130562
4,17,0.00200019
4,18,0.00284826
4,19,0.00381073
4,20,0.00482728
4,21,0.0058212
4,22,0.00670932
4,23,0.00741151
4,24,0.00786192
4,25,0.00801707
4,26,0.00786192
4,27,0.00741151
4,28,0.00670932
4,29,0.0058212
4,30,0.00482727
4,31,0.00381073
4,32,0.00284826
4,33,0.00200019
4,34,0.00130562
4,35,0.000780323
4,36,0.000417892
4,37,0.000195258
4,38,7.75637e-05
4,39,2.5666e-05
4,40,6.97564e-06
4,41,1.54216e-06
4,42,2.75166e-07
4,43,3.93011e-08
4,44,4.44545e-09
4,45,3.92172e-10
4,46,2.63701e-11
4,47,1.30389e-12
4,48,4.46522e-14
4,49,9.45394e-16
4,50,9.31786e-18
4,51,0
4,52,0
4,53,0
4,54,0
4,55,0
4,56,0
4,57,0
4,58,0
4,59,0
4,60,0
4,61,0
4,62,0
4,63,0
4,64,0
4,65,0
4,66,0
4,67,0
4,68,0
4,69,0
4,70,0
4,71,0
4,72,0
4,73,0
4,74,0
4,75,0
4,76,0
4,77,0
4,78,0
4,79,0
4,80,0
4,81,0
4,82,0
4,83,0
4,84,0
4,85,0
4,86,0
4,87,0
4,88,0
4,89,0
4,90,0
4,91,0
4,92,0
4,93,0
4,94,0
4,95,0
4,96,0
4,97,0
4,98,0
4,99,0
5,0,0
5,1,3.90656e-14
5,2,1.19068e-12
5,3,2.51755e-11
5,4,3.92172e-10
5,5,4.66521e-09
5,6,4.33614e-08
5,7,3.19686e-07
5,8,1.88874e-06
5,9,9.00851e-06
5,10,3.49097e-05
5,11,0.00011075
5,12,0.000290946
5,13,0.00064447
5,14,0.00123492
5,15,0.00210824
5,16,0.00328997
5,17,0.00477537
5,18,0.00652069
5,19,0.00844453
5,20,0.0104292
5,21,0.0123338
5,22,0.0140109
5,23,0.0153221
5,24,0.0161572
5,25,0.0164436
5,26,0.0161572
5,27,0.0153221
5,28,0.0140109
5,29,0.0123338
5,30,0.0104292
5,31,0.00844453
5,32,0.00652069
5,33,0.00477537
5,34,0.00328997
5,35,0.00210824
5,36,0.00123492
5,37,0.00064447
5,38,0.000290946
5,39,0.00011075
5,40,3.49097e-05
5,41,9.00851e-06
5,42,1.88874e-06
5,43,3.19686e-07
5,44,4.33614e-08
5,45,4.66521e-09
5,46,3.92172e-10
5,47,2.51755e-11
5,48,1.19068e-12
5,49,3.90731e-14
5,50,7.94131e-16
5,51,7.52596e-18
5,52,0
5,53,0
5,54,0
5,55,0
5,56,0
5,57,0
5,58,0
5,59,0
5,60,0
5,61,0
5,62,0
5,63,0
5,64,0
5,65,0
5,66,0
5,67,0
5,68,0
5,69,0
5,70,0
5,71,0
5,72,0
5,73,0
5,74,0
5,75,0
5,76,0
5,77,0
5,78,0
5,79,0
5,80,0
5,81,0
5,82,0
5,83,0
5,84,0
5,85,0
5,86,0
5,87,0
5,88,0
5,89,0
5,90,0
5,91,0
5,92,0
5,93,0
5,94,0
5,95,0
5,96,0
5,97,0
5,98,0
5,99,0
6,0,0
6,1,9.91905e-13
6,2,2.19024e-11
6,3,3.56741e-10
6,4,4.44545e-09
6,5,4.33613e-08
6,6,3.36046e-07
6,7,2.08972e-06
6,8,1.04973e-05
6,9,4.28184e-05
6,10,0.000142631
6,11,0.000391432
6,12,0.000898672
6,13,0.00176856
6,14,0.00307929
6,15,0.00489042
6,16,0.00723258
6,17,0.010077
6,18,0.0133316
6,19,0.016839
6,20,0.0203846
6,21,0.0237299
6,22,0.0266315
6,23,0.0288754
6,24,0.0302925
6,25,0.0307771
6,26,0.0302925
6,27,0.0288754
6,28,0.0266315
6,29,0.0237299
6,30,0.0203846
6,31,0.016839
6,32,0.0133316
6,33,0.010077
6,34,0.00723258
6,35,0.00489042
6,36,0.00307929
6,37,0.00176856
6,38,0.000898672
6,39,0.000391432
6,40,0.000142631
6,41,4.28184e-05
6,42,1.04973e-05
6,43,2.08972e-06
6,44,3.36046e-07
6,45,4.33614e-08
6,46,4.44545e-09
6,47,3.56741e-10
6,48,2.19024e-11
6,49,9.92516e-13
6,50,3.12618e-14
6,51,6.1087e-16
6,52,5.57479e-18
6,53,0
6,54,0
6,55,0
6,56,0
6,57,0
6,58,0
6,59,0
6,60,0
6,61,0
6,62,0
6,63,0
6,64,0
6,65,0
6,66,0
6,67,0
6,68,0
6,69,0
6,70,0
6,71,0
6,72,0
6,73,0
6,74,0
6,75,0
6,76,0
6,77,0
6,78,0
6,79,0
6,80,0
6,81,0
6,82,0
6,83,0
6,84,0
6,85,0
6,86,0
6,87,0
6,88,0
6,89,0
6,90,0
6,91,0
6,92,0
6,93,0
6,94,0
6,95,0
6,96,0
6,97,0
6,98,0
6,99,0
7,0,0
7,1,1.73309e-11
7,2,2.95069e-10
7,3,3.84552e-09
7,4,3.93011e-08
7,5,3.19686e-07
7,6,2.08972e-06
7,7,1.10455e-05
7,8,4.7409e-05
7,9,0.000165917
7,10,0.000476487
7,11,0.00113681
7,12,0.00230367
7,13,0.00409712
7,14,0.00662723
7,15,0.00999948
7,16,0.0142394
7,17,0.0192606
7,18,0.0248748
7,19,0.0307789
7,20,0.0366145
7,21,0.0420067
7,22,0.0465989
7,23,0.050102
7,24,0.0522902
7,25,0.0530368
7,26,0.0522902
7,27,0.050102
7,28,0.0465989
7,29,0.0420067
7,30,0.0366145
7,31,0.0307789
7,32,0.0248748
7,33,0.0192606
7,34,0.0142394
7,35,0.00999948
7,36,0.00662723
7,37,0.00409712
7,38,0.00230367
7,39,0.00113681
7,40,0.000476487
7,41,0.000165917
7,42,4.7409e-05
7,43,1.10455e-05
7,44,2.08972e-06
7,45,3.19686e-07
7,46,3.93011e-08
7,47,3.84552e-09
7,48,2.9507e-10
7,49,1.73537e-11
7,50,7.54642e-13
7,51,2.28486e-14
7,52,4.29871e-16
7,53,3.78289e-18
7,54,0
7,55,0
7,56,0
7,57,0
7,58,0
7,59,0
7,60,0
7,61,0
7,62,0
7,63,0
7,64,0
7,65,0
7,66,0
7,67,0
7,68,0
7,69,0
7,70,0
7,71,0
7,72,0
7,73,0
7,74,0
7,75,0
7,76,0
7,77,0
7,78,0
7,79,0
7,80,0
7,81,0
7,82,0
7,83,0
7,84,0
7,85,0
7,86,0
7,87,0
7,88,0
7,89,0
7,90,0
7,91,0
7,92,0
7,93,0
7,94,0
7,95,0
7,96,0
7,97,0
7,98,0
7,99,0
8,0,0
8,1,2.21206e-10
8,2,3.01784e-09
8,3,3.22708e-08
8,4,2.75166e-07
8,5,1.88874e-06
8,6,1.04973e-05
8,7,4.7409e-05
8,8,0.000174479
8,9,0.000525531
8,10,0.0013077
8,11,0.00274066
8,12,0.00499757
8,13,0.0082539
8,14,0.0127377
8,15,0.0185924
8,16,0.0257548
8,17,0.0340065
8,18,0.04295
8,19,0.0520583
8,20,0.060805
8,21,0.0686597
8,22,0.075203
8,23,0.0800971
8,24,0.0831196
8,25,0.0841414
8,26,0.0831196
8,27,0.0800971
8,28,0.075203
8,29,0.0686597
8,30,0.060805
8,31,0.0520583
8,32,0.04295
8,33,0.0340065
8,34,0.0257548
8,35,0.0185924
8,36,0.0127377
8,37,0.0082539
8,38,0.00499757
8,39,0.00274066
8,40,0.0013077
8,41,0.000525531
8,42,0.000174479
8,43,4.7409e-05
8,44,1.04973e-05
8,45,1.88874e-06
8,46,2.75166e-07
8,47,3.22708e-08
8,48,3.01786e-09
8,49,2.21729e-10
8,50,1.25095e-11
8,51,5.22758e-13
8,52,1.52354e-14
8,53,2.76346e-16
8,54,2.348e-18
8,55,0
8,56,0
8,57,0
8,58,0
8,59,0
8,60,0
8,61,0
8,62,0
8,63,0
8,64,0
8,65,0
8,66,0
8,67,0
8,68,0
8,69,0
8,70,0
8,71,0
8,72,0
8,73,0
8,74,0
8,75,0
8,76,0
8,77,0
8,78,0
8,79,0
8,80,0
8,81,0
8,82,0
8,83,0
8,84,0
8,85,0
8,86,0
8,87,0
8,88,0
8,89,0
8,90,0
8,91,0
8,92,0
8,93,0
8,94,0
8,95,0
8,96,0
8,97,0
8,98,0
8,99,0
9,0,0
9,1,2.13795e-09
9,2,2.39832e-08
9,3,2.14142e-07
9,4,1.54216e-06
9,5,9.00851e-06
9,6,4.28184e-05
9,7,0.000165917
9,8,0.000525531
9,9,0.00136996
9,10,0.00298697
9,11,0.00561736
9,12,0.00951329
9,13,0.0150623
9,14,0.0226049
9,15,0.0321285
9,16,0.0433549
9,17,0.0558006
9,18,0.0687149
9,19,0.0813678
9,20,0.0930594
9,21,0.103198
9,22,0.11141
9,23,0.117393
9,24,0.121044
9,25,0.122253
9,26,0.121044
9,27,0.117393
9,28,0.11141
9,29,0.103198
9,30,0.0930594
9,31,0.0813678
9,32,0.0687149
9,33,0.0558006
9,34,0.0433549
9,35,0.0321285
9,36,0.0226049
9,37,0.0150623
9,38,0.00951329
9,39,0.00561736
9,40,0.00298697
9,41,0.00136996
9,42,0.000525531
9,43,0.000165917
9,44,4.28184e-05
9,45,9.00851e-06
9,46,1.54216e-06
9,47,2.14142e-07
9,48,2.39835e-08
9,49,2.14614e-09
9,50,1.51175e-10
9,51,8.19218e-12
9,52,3.294e-13
9,53,9.25245e-15
9,54,1.61996e-16
9,55,1.33053e-18
9,56,0
9,57,0
9,58,0
9,59,0
9,60,0
9,61,0
9,62,0
9,63,0
9,64,0
9,65,0
9,66,0
9,67,0
9,68,0
9,69,0
9,70,0
9,71,0
9,72,0
9,73,0
9,74,0
9,75,0
9,76,0
9,77,0
9,78,0
9,79,0
9,80,0
9,81,0
9,82,0
9,83,0
9,84,0
9,85,0
9,86,0
9,87,0
9,88,0
9,89,0
9,90,0
9,91,0
9,92,0
9,93,0
9,94,0
9,95,0
9,96,0
9,97,0
9,98,0
9,99,0
10,0,0
10,1,1.60166e-08
10,2,1.50488e-07
10,3,1.1364e-06
10,4,6.97564e-06
10,5,3.49097e-05
10,6,0.000142631
10,7,0.000476487
10,8,0.0013077
10,9,0.00298697
10,10,0.00583826
10,11,0.0101993
10,12,0.0166221
10,13,0.0257094
10,14,0.0375612
10,15,0.0517924
10,16,0.0678385
10,17,0.0847265
10,18,0.101389
10,19,0.116977
10,20,0.130663
10,21,0.142064
10,22,0.150906
10,23,0.157164
10,24,0.160883
10,25,0.162106
10,26,0.160883
10,27,0.157164
10,28,0.150906
10,29,0.142064
10,30,0.130663
10,31,0.116977
10,32,0.101389
10,33,0.0847265
10,34,0.0678385
10,35,0.0517924
10,36,0.0375612
10,37,0.0257094
10,38,0.0166221
10,39,0.0101993
10,40,0.00583826
10,41,0.00298697
10,42,0.0013077
10,43,0.000476487
10,44,0.000142631
10,45,3.49097e-05
10,46,6.97564e-06
10,47,1.1364e-06
10,48,1.50493e-07
10,49,1.61099e-08
10,50,1.3808e-09
10,51,9.33507e-11
10,52,4.86438e-12
10,53,1.88412e-13
10,54,5.10641e-15
10,55,8.63978e-17
10,56,6.86727e-19
10,57,0
10,58,0
10,59,0
10,60,0
10,61,0
10,62,0
10,63,0
10,64,0
10,65,0
10,66,0
10,67,0
10,68,0
10,69,0
10,70,0
10,71,0
10,72,0
10,73,0
10,74,0
10,75,0
10,76,0
10,77,0
10,78,0
10,79,0
10,80,0
10,81,0
10,82,0
10,83,0
10,84,0
10,85,0
10,86,0
10,87,0
10,88,0
10,89,0
10,90,0
10,91,0
10,92,0
10,93,0
10,94,0
10,95,0
10,96,0
10,97,0
10,98,0
10,99,0
11,0,0
11,1,9.45393e-08
11,2,7.54553e-07
11,3,4.86765e-06
11,4,2.5666e-05
11,5,0.00011075
11,6,0.000391432
11,7,0.00113681
11,8,0.00274066
11,9,0.00561736
11,10,0.0101993
11,11,0.0171715
11,12,0.0274095
11,13,0.0412362
11,14,0.0581726
11,15,0.0775444
11,16,0.0982451
11,17,0.118709
11,18,0.137823
11,19,0.154552
11,20,0.16832
11,21,0.179109
11,22,0.186912
11,23,0.192219
11,24,0.195173
11,25,0.196187
11,26,0.195173
11,27,0.192219
11,28,0.186912
11,29,0.179109
11,30,0.16832
11,31,0.154552
11,32,0.137823
11,33,0.118709
11,34,0.0982451
11,35,0.0775444
11,36,0.0581726
11,37,0.0412362
11,38,0.0274095
11,39,0.0171715
11,40,0.0101993
11,41,0.00561736
11,42,0.00274066
11,43,0.00113681
11,44,0.000391432
11,45,0.00011075
11,46,2.5666e-05
11,47,4.86765e-06
11,48,7.54605e-07
11,49,9.53413e-08
11,50,9.76113e-09
11,51,8.01999e-10
11,52,5.20862e-11
11,53,2.61243e-12
11,54,9.75719e-14
11,55,2.55419e-15
11,56,4.18054e-17
11,57,3.21903e-19
11,58,0
11,59,0
11,60,0
11,61,0
11,62,0
11,63,0
11,64,0
11,65,0
11,66,0
11,67,0
11,68,0
11,69,0
11,70,0
11,71,0
11,72,0
11,73,0
11,74,0
11,75,0
11,76,0
11,77,0
11,78,0
11,79,0
11,80,0
11,81,0
11,82,0
11,83,0
11,84,0
11,85,0
11,86,0
11,87,0
11,88,0
11,89,0
11,90,0
11,91,0
11,92,0
11,93,0
11,94,0
11,95,0
11,96,0
11,97,0
11,98,0
11,99,0
12,0,0
12,1,4.45281e-07
12,2,3.05496e-06
12,3,1.69891e-05
12,4,7.75637e-05
12,5,0.000290946
12,6,0.000898672
12,7,0.00230367
12,8,0.00499757
12,9,0.00951329
12,10,0.0166221
12,11,0.0274095
12,12,0.0425379
12,13,0.0615997
12,14,0.0837717
12,15,0.107894
12,16,0.131872
12,17,0.153988
12,18,0.173076
12,19,0.188138
12,20,0.199424
12,21,0.207135
12,22,0.212087
12,23,0.214992
12,24,0.216426
12,25,0.216897
12,26,0.216426
12,27,0.214992
12,28,0.212087
12,29,0.207135
12,30,0.199424
12,31,0.188138
12,32,0.173076
12,33,0.153988
12,34,0.131872
12,35,0.107894
12,36,0.0837717
12,37,0.0615997
12,38,0.0425379
12,39,0.0274095
12,40,0.0166221
12,41,0.00951329
12,42,0.00499757
12,43,0.00230367
12,44,0.000898672
12,45,0.000290946
12,46,7.75637e-05
12,47,1.69891e-05
12,48,3.05538e-06
12,49,4.50602e-07
12,50,5.43228e-08
12,51,5.3213e-09
12,52,4.19361e-10
12,53,2.61827e-11
12,54,1.26505e-12
12,55,4.56004e-14
12,56,1.15405e-15
12,57,1.82899e-17
12,58,1.36565e-19
12,59,0
12,60,0
12,61,0
12,62,0
12,63,0
12,64,0
12,65,0
12,66,0
12,67,0
12,68,0
12,69,0
12,70,0
12,71,0
12,72,0
12,73,0
12,74,0
12,75,0
12,76,0
12,77,0
12,78,0
12,79,0
12,80,0
12,81,0
12,82,0
12,83,0
12,84,0
12,85,0
12,86,0
12,87,0
12,88,0
12,89,0
12,90,0
12,91,0
12,92,0
12,93,0
12,94,0
12,95,0
12,96,0
12,97,0
12,98,0
12,99,0
13,0,0
13,1,1.69316e-06
13,2,1.00998e-05
13,3,4.88951e-05
13,4,0.000195258
13,5,0.00064447
13,6,0.00176856
13,7,0.00409712
13,8,0.0082539
13,9,0.0150623
13,10,0.0257094
13,11,0.0412361
13,12,0.0615997
13,13,0.0859061
13,14,0.112884
13,15,0.140074
13,16,0.164825
13,17,0.185666
13,18,0.201244
13,19,0.211639
13,20,0.217714
13,21,0.220265
13,22,0.220958
13,23,0.220421
13,24,0.219939
13,25,0.219581
13,26,0.219939
13,27,0.220421
13,28,0.220958
13,29,0.220265
13,30,0.217714
13,31,0.211639
13,32,0.201244
13,33,0.185666
13,34,0.164825
13,35,0.140074
13,36,0.112884
13,37,0.0859061
13,38,0.0615997
13,39,0.0412362
13,40,0.0257094
13,41,0.0150623
13,42,0.0082539
13,43,0.00409712
13,44,0.00176856
13,45,0.00064447
13,46,0.000195258
13,47,4.88953e-05
13,48,1.01024e-05
13,49,1.72091e-06
13,50,2.41307e-07
13,51,2.77537e-08
13,52,2.60159e-09
13,53,1.96728e-10
13,54,1.18142e-11
13,55,5.50241e-13
13,56,1.91569e-14
13,57,4.69098e-16
13,58,7.20509e-18
13,59,5.22161e-20
13,60,0
13,61,0
13,62,0
13,63,0
13,64,0
13,65,0
13,66,0
13,67,0
13,68,0
13,69,0
13,70,0
13,71,0
13,72,0
13,73,0
13,74,0
13,75,0
13,76,0
13,77,0
13,78,0
13,79,0
13,80,0
13,81,0
13,82,0
13,83,0
13,84,0
13,85,0
13,86,0
13,87,0
13,88,0
13,89,0
13,90,0
13,91,0
13,92,0
13,93,0
13,94,0
13,95,0
13,96,0
13,97,0
13,98,0
13,99,0
14,0,0
14,1,5.26568e-06
14,2,2.76554e-05
14,3,0.000117982
14,4,0.000417892
14,5,0.00123492
14,6,0.00307929
14,7,0.00662723
14,8,0.0127377
14,9,0.0226049
14,10,0.0375612
14,11,0.0581726
14,12,0.0837717
14,13,0.112884
14,14,0.142864
14,15,0.170223
14,16,0.19266
14,17,0.208616
14,18,0.217601
14,19,0.221077
14,20,0.220126
14,21,0.216868
14,22,0.212713
14,23,0.208876
14,24,0.206344
14,25,0.205356
14,26,0.206344
14,27,0.208876
14,28,0.212713
14,29,0.216868
14,30,0.220126
14,31,0.221077
14,32,0.217601
14,33,0.208616
14,34,0.19266
14,35,0.170223
14,36,0.142864
14,37,0.112884
14,38,0.0837717
14,39,0.0581726
14,40,0.0375612
14,41,0.0226049
14,42,0.0127377
14,43,0.00662723
14,44,0.00307929
14,45,0.00123492
14,46,0.000417892
14,47,0.000117983
14,48,2.76681e-05
14,49,5.38117e-06
14,50,8.67039e-07
14,51,1.15493e-07
14,52,1.26669e-08
14,53,1.13608e-09
14,54,8.24422e-11
14,55,4.76363e-12
14,56,2.13969e-13
14,57,7.19942e-15
14,58,1.70699e-16
14,59,2.54297e-18
14,60,1.79026e-20
14,61,0
14,62,0
14,63,0
14,64,0
14,65,0
14,66,0
14,67,0
14,68,0
14,69,0
14,70,0
14,71,0
14,72,0
14,73,0
14,74,0
14,75,0
14,76,0
14,77,0
14,78,0
14,79,0
14,80,0
14,81,0
14,82,0
14,83,0
14,84,0
14,85,0
14,86,0
14,87,0
14,88,0
14,89,0
14,90,0
14,91,0
14,92,0
14,93,0
14,94,0
14,95,0
14,96,0
14,97,0
14,98,0
14,99,0
15,0,0
15,1,1.36155e-05
15,2,6.39064e-05
15,3,0.000244002
15,4,0.000780323
15,5,0.00210824
15,6,0.00489042
15,7,0.00999948
15,8,0.0185924
15,9,0.0321285
15,10,0.0517924
15,11,0.0775444
15,12,0.107894
15,13,0.140074
15,14,0.170223
15,15,0.194849
15,16,0.21175
15,17,0.21996
15,18,0.220824
15,19,0.216268
15,20,0.208455
15,21,0.199878
15,22,0.191654
15,23,0.185391
15,24,0.181222
15,25,0.179955
15,26,0.181222
15,27,0.185391
15,28,0.191654
15,29,0.199878
15,30,0.208455
15,31,0.216268
15,32,0.220824
15,33,0.21996
15,34,0.21175
15,35,0.194849
15,36,0.170223
15,37,0.140074
15,38,0.107894
15,39,0.0775444
15,40,0.0517924
15,41,0.0321285
15,42,0.0185924
15,43,0.00999948
15,44,0.00489042
15,45,0.00210824
15,46,0.000780323
15,47,0.000244007
15,48,6.39556e-05
15,49,1.40047e-05
15,50,2.5582e-06
15,51,3.89219e-07
15,52,4.91915e-08
15,53,5.14063e-09
15,54,4.40936e-10
15,55,3.07006e-11
15,56,1.70692e-12
15,57,7.39623e-14
15,58,2.40617e-15
15,59,5.52725e-17
15,60,7.9922e-19
15,61,5.47025e-21
15,62,0
15,63,0
15,64,0
15,65,0
15,66,0
15,67,0
15,68,0
15,69,0
15,70,0
15,71,0
15,72,0
15,73,0
15,74,0
15,75,0
15,76,0
15,77,0
15,78,0
15,79,0
15,80,0
15,81,0
15,82,0
15,83,0
15,84,0
15,85,0
15,86,0
15,87,0
15,88,0
15,89,0
15,90,0
15,91,0
15,92,0
15,93,0
15,94,0
15,95,0
15,96,0
15,97,0
15,98,0
15,99,0
16,0,0
16,1,2.98829e-05
16,2,0.000127514
16,3,0.000443586
16,4,0.00130562
16,5,0.00328997
16,6,0.00723258
16,7,0.0142394
16,8,0.0257548
16,9,0.0433549
16,10,0.0678385
16,11,0.0982451
16,12,0.131872
16,13,0.164825
16,14,0.19266
16,15,0.21175
16,16,0.220561
16,17,0.219959
16,18,0.212327
16,19,0.200461
16,20,0.187347
16,21,0.174866
16,22,0.164424
16,23,0.156713
16,24,0.151976
16,25,0.150435
16,26,0.151976
16,27,0.156713
16,28,0.164424
16,29,0.174866
16,30,0.187346
16,31,0.200461
16,32,0.212327
16,33,0.219959
16,34,0.220561
16,35,0.21175
16,36,0.19266
16,37,0.164825
16,38,0.131872
16,39,0.0982451
16,40,0.0678385
16,41,0.0433549
16,42,0.0257548
16,43,0.0142394
16,44,0.00723258
16,45,0.00328997
16,46,0.00130562
16,47,0.000443605
16,48,0.000127669
16,49,3.09634e-05
16,50,6.31325e-06
16,51,1.0805e-06
16,52,1.54918e-07
16,53,1.8547e-08
16,54,1.84449e-09
16,55,1.51173e-10
16,56,1.00935e-11
16,57,5.3986e-13
16,58,2.25668e-14
16,59,7.10004e-16
16,60,1.58085e-17
16,61,2.22006e-19
16,62,1.47845e-21
16,63,0
16,64,0
16,65,0
16,66,0
16,67,0
16,68,0
16,69,0
16,70,0
16,71,0
16,72,0
16,73,0
16,74,0
16,75,0
16,76,0
16,77,0
16,78,0
16,79,0
16,80,0
16,81,0
16,82,0
16,83,0
16,84,0
16,85,0
16,86,0
16,87,0
16,88,0
16,89,0
16,90,0
16,91,0
16,92,0
16,93,0
16,94,0
16,95,0
16,96,0
16,97,0
16,98,0
16,99,0
17,0,0
17,1,5.69923e-05
17,2,0.000225021
17,3,0.000725843
17,4,0.00200019
17,5,0.00477537
17,6,0.010077
17,7,0.0192606
17,8,0.0340065
17,9,0.0558006
17,10,0.0847265
17,11,0.118709
17,12,0.153988
17,13,0.185666
17,14,0.208616
17,15,0.21996
17,16,0.219959
17,17,0.210697
17,18,0.195755
17,19,0.178798
17,20,0.162384
17,21,0.148303
17,22,0.137196
17,23,0.129373
17,24,0.124717
17,25,0.123198
17,26,0.124717
17,27,0.129373
17,28,0.137196
17,29,0.148303
17,30,0.162384
17,31,0.178798
17,32,0.195755
17,33,0.210697
17,34,0.219959
17,35,0.21996
17,36,0.208616
17,37,0.185666
17,38,0.153988
17,39,0.118709
17,40,0.0847265
17,41,0.0558006
17,42,0.0340065
17,43,0.0192606
17,44,0.010077
17,45,0.00477537
17,46,0.00200019
17,47,0.000725897
17,48,0.000225424
17,49,5.95133e-05
17,50,1.33161e-05
17,51,2.52095e-06
17,52,4.03175e-07
17,53,5.43428e-08
17,54,6.14998e-09
17,55,5.81018e-10
17,56,4.54392e-11
17,57,2.90642e-12
17,58,1.49447e-13
17,59,6.02464e-15
17,60,1.83314e-16
17,61,3.95722e-18
17,62,5.40014e-20
17,63,3.50158e-22
17,64,0
17,65,0
17,66,0
17,67,0
17,68,0
17,69,0
17,70,0
17,71,0
17,72,0
17,73,0
17,74,0
17,75,0
17,76,0
17,77,0
17,78,0
17,79,0
17,80,0
17,81,0
17,82,0
17,83,0
17,84,0
17,85,0
17,86,0
17,87,0
17,88,0
17,89,0
17,90,0
17,91,0
17,92,0
17,93,0
17,94,0
17,95,0
17,96,0
17,97,0
17,98,0
17,99,0
18,0,0
18,1,9.66124e-05
18,2,0.000358569
18,3,0.00108884
18,4,0.00284826
18,5,0.00652069
18,6,0.0133316
18,7,0.0248748
18,8,0.04295
18,9,0.0687149
18,10,0.101389
18,11,0.137823
18,12,0.173076
18,13,0.201244
18,14,0.217601
18,15,0.220824
18,16,0.212327
18,17,0.195755
18,18,0.17587
18,19,0.155966
18,20,0.138555
18,21,0.124489
18,22,0.113945
18,23,0.1068
18,24,0.102572
18,25,0.101271
18,26,0.102572
18,27,0.1068
18,28,0.113945
18,29,0.124489
18,30,0.138555
18,31,0.155966
18,32,0.17587
18,33,0.195755
18,34,0.212327
18,35,0.220824
18,36,0.217601
18,37,0.201244
18,38,0.173076
18,39,0.137823
18,40,0.101389
18,41,0.0687149
18,42,0.04295
18,43,0.0248748
18,44,0.0133316
18,45,0.0065207
18,46,0.00284828
18,47,0.00108898
18,48,0.000359455
18,49,0.000101666
18,50,2.45508e-05
18,51,5.05369e-06
18,52,8.85764e-07
18,53,1.31983e-07
18,54,1.66753e-08
18,55,1.77905e-09
18,56,1.59284e-10
18,57,1.18623e-11
18,58,7.25693e-13
18,59,3.58309e-14
18,60,1.39197e-15
18,61,4.09466e-17
18,62,8.57018e-19
18,63,1.13687e-20
18,64,7.18274e-23
18,65,0
18,66,0
18,67,0
18,68,0
18,69,0
18,70,0
18,71,0
18,72,0
18,73,0
18,74,0
18,75,0
18,76,0
18,77,0
18,78,0
18,79,0
18,80,0
18,81,0
18,82,0
18,83,0
18,84,0
18,85,0
18,86,0
18,87,0
18,88,0
18,89,0
18,90,0
18,91,0
18,92,0
18,93,0
18,94,0
18,95,0
18,96,0
18,97,0
18,98,0
18,99,0
19,0,0
19,1,0.000148301
19,2,0.00052423
19,3,0.00151752
19,4,0.00381073
19,5,0.00844453
19,6,0.016839
19,7,0.0307789
19,8,0.0520583
19,9,0.0813678
19,10,0.116977
19,11,0.154552
19,12,0.188137
19,13,0.211639
19,14,0.221077
19,15,0.216268
19,16,0.200461
19,17,0.178798
19,18,0.155966
19,19,0.135264
19,20,0.118315
19,21,0.105235
19,22,0.095922
19,23,0.0895663
19,24,0.0860128
19,25,0.0847715
19,26,0.0860128
19,27,0.0895663
19,28,0.0959219
19,29,0.105235
19,30,0.118315
19,31,0.135264
19,32,0.155966
19,33,0.178798
19,34,0.200461
19,35,0.216268
19,36,0.221077
19,37,0.211639
19,38,0.188138
19,39,0.154552
19,40,0.116977
19,41,0.0813678
19,42,0.0520583
19,43,0.0307789
19,44,0.016839
19,45,0.00844454
19,46,0.00381077
19,47,0.0015178
19,48,0.00052591
19,49,0.000157194
19,50,4.03675e-05
19,51,8.8923e-06
19,52,1.67917e-06
19,53,2.71615e-07
19,54,3.75785e-08
19,55,4.43476e-09
19,56,4.44482e-10
19,57,3.7591e-11
19,58,2.65809e-12
19,59,1.55146e-13
19,60,7.34131e-15
19,61,2.74451e-16
19,62,7.7985e-18
19,63,1.58209e-19
19,64,2.04054e-21
19,65,1.25698e-23
19,66,0
19,67,0
19,68,0
19,69,0
19,70,0
19,71,0
19,72,0
19,73,0
19,74,0
19,75,0
19,76,0
19,77,0
19,78,0
19,79,0
19,80,0
19,81,0
19,82,0
19,83,0
19,84,0
19,85,0
19,86,0
19,87,0
19,88,0
19,89,0
19,90,0
19,91,0
19,92,0
19,93,0
19,94,0
19,95,0
19,96,0
19,97,0
19,98,0
19,99,0
20,0,0
20,1,0.00020907
20,2,0.000711593
20,3,0.00198436
20,4,0.00482728
20,5,0.0104292
20,6,0.0203846
20,7,0.0366145
20,8,0.060805
20,9,0.0930594
20,10,0.130663
20,11,0.16832
20,12,0.199424
20,13,0.217714
20,14,0.220126
20,15,0.208455
20,16,0.187346
20,17,0.162384
20,18,0.138555
20,19,0.118315
20,20,0.102521
20,21,0.0908984
20,22,0.0826075
20,23,0.0770724
20,24,0.0738033
20,25,0.0727406
20,26,0.0738032
20,27,0.0770724
20,28,0.0826075
20,29,0.0908983
20,30,0.102521
20,31,0.118315
20,32,0.138555
20,33,0.162384
20,34,0.187347
20,35,0.208455
20,36,0.220126
20,37,0.217714
20,38,0.199424
20,39,0.16832
20,40,0.130663
20,41,0.0930594
20,42,0.060805
20,43,0.0366145
20,44,0.0203846
20,45,0.0104292
20,46,0.00482735
20,47,0.00198485
20,48,0.000714395
20,49,0.000223052
20,50,6.01431e-05
20,51,1.39818e-05
20,52,2.80147e-06
20,53,4.83753e-07
20,54,7.1954e-08
20,55,9.20585e-09
20,56,1.01035e-09
20,57,9.47043e-11
20,58,7.53221e-12
20,59,5.03611e-13
20,60,2.79413e-14
20,61,1.2632e-15
20,62,4.53369e-17
20,63,1.24239e-18
20,64,2.44097e-20
20,65,3.06081e-22
20,66,1.83948e-24
20,67,0
20,68,0
20,69,0
20,70,0
20,71,0
20,72,0
20,73,0
20,74,0
20,75,0
20,76,0
20,77,0
20,78,0
20,79,0
20,80,0
20,81,0
20,82,0
20,83,0
20,84,0
20,85,0
20,86,0
20,87,0
20,88,0
20,89,0
20,90,0
20,91,0
20,92,0
20,93,0
20,94,0
20,95,0
20,96,0
20,97,0
20,98,0
20,99,0
21,0,0
21,1,0.000273577
21,2,0.00090473
21,3,0.0024518
21,4,0.0058212
21,5,0.0123338
21,6,0.0237299
21,7,0.0420067
21,8,0.0686597
21,9,0.103198
21,10,0.142064
21,11,0.179109
21,12,0.207135
21,13,0.220265
21,14,0.216868
21,15,0.199878
21,16,0.174866
21,17,0.148303
21,18,0.124488
21,19,0.105235
21,20,0.0908983
21,21,0.080343
21,22,0.0728786
21,23,0.0675555
21,24,0.0643538
21,25,0.0631455
21,26,0.0643537
21,27,0.0675555
21,28,0.0728787
21,29,0.0803429
21,30,0.0908984
21,31,0.105235
21,32,0.124489
21,33,0.148303
21,34,0.174866
21,35,0.199878
21,36,0.216868
21,37,0.220265
21,38,0.207135
21,39,0.179109
21,40,0.142064
21,41,0.103198
21,42,0.0686597
21,43,0.0420067
21,44,0.0237299
21,45,0.0123338
21,46,0.00582132
21,47,0.00245256
21,48,0.000908908
21,49,0.000293496
21,50,8.21815e-05
21,51,1.99195e-05
21,52,4.17881e-06
21,53,7.59029e-07
21,54,1.19397e-07
21,55,1.62587e-08
21,56,1.91402e-09
21,57,1.94281e-10
21,58,1.69309e-11
21,59,1.25871e-12
21,60,7.91052e-14
21,61,4.14889e-15
21,62,1.78333e-16
21,63,6.12037e-18
21,64,1.61282e-19
21,65,3.06355e-21
21,66,3.73269e-23
21,67,2.18986e-25
21,68,0
21,69,0
21,70,0
21,71,0
21,72,0
21,73,0
21,74,0
21,75,0
21,76,0
21,77,0
21,78,0
21,79,0
21,80,0
21,81,0
21,82,0
21,83,0
21,84,0
21,85,0
21,86,0
21,87,0
21,88,0
21,89,0
21,90,0
21,91,0
21,92,0
21,93,0
21,94,0
21,95,0
21,96,0
21,97,0
21,98,0
21,99,0
22,0,0
22,1,0.000334857
22,2,0.00108424
22,3,0.00287695
22,4,0.00670932
22,5,0.0140109
22,6,0.0266315
22,7,0.0465989
22,8,0.075203
22,9,0.11141
22,10,0.150906
22,11,0.186912
22,12,0.212087
22,13,0.220958
22,14,0.212713
22,15,0.191654
22,16,0.164424
22,17,0.137195
22,18,0.113945
22,19,0.0959219
22,20,0.0826076
22,21,0.0728788
22,22,0.0655577
22,23,0.0600226
22,24,0.056163
22,25,0.0545588
22,26,0.0561631
22,27,0.0600226
22,28,0.0655577
22,29,0.0728786
22,30,0.0826076
22,31,0.0959219
22,32,0.113945
22,33,0.137196
22,34,0.164424
22,35,0.191654
22,36,0.212713
22,37,0.220958
22,38,0.212087
22,39,0.186912
22,40,0.150906
22,41,0.11141
22,42,0.075203
22,43,0.0465989
22,44,0.0266315
22,45,0.0140109
22,46,0.0067095
22,47,0.00287801
22,48,0.00108988
22,49,0.000360839
22,50,0.000103915
22,51,2.59822e-05
22,52,5.64006e-06
22,53,1.06367e-06
22,54,1.74405e-07
22,55,2.48702e-08
22,56,3.08318e-09
22,57,3.31841e-10
22,58,3.09289e-11
22,59,2.48618e-12
22,60,1.7132e-13
22,61,1.00329e-14
22,62,4.93204e-16
22,63,1.99973e-17
22,64,6.51826e-19
22,65,1.64305e-20
22,66,3.00701e-22
22,67,3.55494e-24
22,68,2.03708e-26
22,69,0
22,70,0
22,71,0
22,72,0
22,73,0
22,74,0
22,75,0
22,76,0
22,77,0
22,78,0
22,79,0
22,80,0
22,81,0
22,82,0
22,83,0
22,84,0
22,85,0
22,86,0
22,87,0
22,88,0
22,89,0
22,90,0
22,91,0
22,92,0
22,93,0
22,94,0
22,95,0
22,96,0
22,97,0
22,98,0
22,99,0
23,0,0
23,1,0.000385483
23,2,0.00123029
23,3,0.00321752
23,4,0.00741151
23,5,0.0153221
23,6,0.0288754
23,7,0.050102
23,8,0.0800971
23,9,0.117393
23,10,0.157164
23,11,0.192219
23,12,0.214992
23,13,0.220421
23,14,0.208876
23,15,0.185391
23,16,0.156713
23,17,0.129373
23,18,0.1068
23,19,0.0895663
23,20,0.0770724
23,21,0.0675556
23,22,0.0600225
23,23,0.0534635
23,24,0.0479625
23,25,0.0448467
23,26,0.0479624
23,27,0.0534634
23,28,0.0600226
23,29,0.0675555
23,30,0.0770725
23,31,0.0895664
23,32,0.1068
23,33,0.129373
23,34,0.156713
23,35,0.185391
23,36,0.208876
23,37,0.220421
23,38,0.214992
23,39,0.192219
23,40,0.157164
23,41,0.117393
23,42,0.0800971
23,43,0.050102
23,44,0.0288754
23,45,0.0153221
23,46,0.00741173
23,47,0.00321887
23,48,0.00123724
23,49,0.000416742
23,50,0.000122364
23,51,3.1259e-05
23,52,6.94753e-06
23,53,1.34464e-06
23,54,2.26859e-07
23,55,3.33909e-08
23,56,4.2887e-09
23,57,4.80429e-10
23,58,4.68722e-11
23,59,3.97261e-12
23,60,2.91346e-13
23,61,1.83845e-14
23,62,9.90186e-16
23,63,4.5006e-17
23,64,1.69827e-18
23,65,5.1928e-20
23,66,1.2393e-21
23,67,2.16962e-23
23,68,2.48019e-25
23,69,1.38892e-27
23,70,0
23,71,0
23,72,0
23,73,0
23,74,0
23,75,0
23,76,0
23,77,0
23,78,0
23,79,0
23,80,0
23,81,0
23,82,0
23,83,0
23,84,0
23,85,0
23,86,0
23,87,0
23,88,0
23,89,0
23,90,0
23,91,0
23,92,0
23,93,0
23,94,0
23,95,0
23,96,0
23,97,0
23,98,0
23,99,0
24,0,0
24,1,0.000418885
24,2,0.00132569
24,3,0.00343779
24,4,0.00786192
24,5,0.0161572
24,6,0.0302925
24,7,0.0522902
24,8,0.0831196
24,9,0.121044
24,10,0.160883
24,11,0.195173
24,12,0.216426
24,13,0.219939
24,14,0.206344
24,15,0.181222
24,16,0.151976
24,17,0.124717
24,18,0.102572
24,19,0.0860129
24,20,0.0738033
24,21,0.0643537
24,22,0.0561629
24,23,0.0479624
24,24,0.0389298
24,25,0.0304632
24,26,0.0389297
24,27,0.0479625
24,28,0.0561629
24,29,0.0643537
24,30,0.0738032
24,31,0.0860128
24,32,0.102572
24,33,0.124717
24,34,0.151976
24,35,0.181222
24,36,0.206344
24,37,0.219939
24,38,0.216426
24,39,0.195173
24,40,0.160883
24,41,0.121044
24,42,0.0831196
24,43,0.0522902
24,44,0.0302925
24,45,0.0161573
24,46,0.00786219
24,47,0.00343933
24,48,0.00133355
24,49,0.000453745
24,50,0.000134754
24,51,3.48604e-05
24,52,7.85594e-06
24,53,1.54372e-06
24,54,2.64836e-07
24,55,3.97083e-08
24,56,5.20643e-09
24,57,5.96955e-10
24,58,5.9805e-11
24,59,5.22623e-12
24,60,3.97276e-13
24,61,2.61637e-14
24,62,1.48453e-15
24,63,7.2023e-17
24,64,2.95717e-18
24,65,1.01282e-19
24,66,2.83271e-21
24,67,6.25575e-23
24,68,1.02943e-24
24,69,1.12736e-26
24,70,6.17296e-29
24,71,0
24,72,0
24,73,0
24,74,0
24,75,0
24,76,0
24,77,0
24,78,0
24,79,0
24,80,0
24,81,0
24,82,0
24,83,0
24,84,0
24,85,0
24,86,0
24,87,0
24,88,0
24,89,0
24,90,0
24,91,0
24,92,0
24,93,0
24,94,0
24,95,0
24,96,0
24,97,0
24,98,0
24,99,0
25,0,0
25,1,0.000430552
25,2,0.00135886
25,3,0.00351401
25,4,0.00801707
25,5,0.0164436
25,6,0.0307771
25,7,0.0530368
25,8,0.0841414
25,9,0.122253
25,10,0.162106
25,11,0.196187
25,12,0.216897
25,13,0.219581
25,14,0.205356
25,15,0.179955
25,16,0.150435
25,17,0.123198
25,18,0.101271
25,19,0.0847716
25,20,0.0727406
25,21,0.0631456
25,22,0.0545587
25,23,0.044847
25,24,0.0304633
25,25,4.00653e-05
25,26,0.0304632
25,27,0.0448469
25,28,0.0545589
25,29,0.0631455
25,30,0.0727407
25,31,0.0847715
25,32,0.101271
25,33,0.123198
25,34,0.150435
25,35,0.179955
25,36,0.205356
25,37,0.219581
25,38,0.216897
25,39,0.196187
25,40,0.162106
25,41,0.122253
25,42,0.0841414
25,43,0.0530368
25,44,0.0307771
25,45,0.0164437
25,46,0.00801735
25,47,0.00351562
25,48,0.00136704
25,49,0.000466692
25,50,0.00013912
25,51,3.61397e-05
25,52,8.18148e-06
25,53,1.61575e-06
25,54,2.78721e-07
25,55,4.20452e-08
25,56,5.55036e-09
25,57,6.41262e-10
25,58,6.48034e-11
25,59,5.7199e-12
25,60,4.39919e-13
25,61,2.93787e-14
25,62,1.69537e-15
25,63,8.39947e-17
25,64,3.54242e-18
25,65,1.25786e-19
25,66,3.70807e-21
25,67,8.91173e-23
25,68,1.70258e-24
25,69,2.47837e-26
25,70,2.50525e-28
25,71,1.34195e-30
25,72,0
25,73,0
25,74,0
25,75,0
25,76,0
25,77,0
25,78,0
25,79,0
25,80,0
25,81,0
25,82,0
25,83,0
25,84,0
25,85,0
25,86,0
25,87,0
25,88,0
25,89,0
25,90,0
25,91,0
25,92,0
25,93,0
25,94,0
25,95,0
25,96,0
25,97,0
25,98,0
25,99,0
26,0,0
26,1,0.000418885
26,2,0.00132569
26,3,0.00343779
26,4,0.00786192
26,5,0.0161572
26,6,0.0302925
26,7,0.0522902
26,8,0.0831196
26,9,0.121044
26,10,0.160883
26,11,0.195173
26,12,0.216426
26,13,0.219939
26,14,0.206344
26,15,0.181222
26,16,0.151976
26,17,0.124717
26,18,0.102572
26,19,0.0860129
26,20,0.0738033
26,21,0.0643537
26,22,0.0561629
26,23,0.0479624
26,24,0.0389298
26,25,0.0304632
26,26,0.0389297
26,27,0.0479625
26,28,0.0561629
26,29,0.0643537
26,30,0.0738032
26,31,0.0860128
26,32,0.102572
26,33,0.124717
26,34,0.151976
26,35,0.181222
26,36,0.206344
26,37,0.219939
26,38,0.216426
26,39,0.195173
26,40,0.160883
26,41,0.121044
26,42,0.0831196
26,43,0.0522902
26,44,0.0302925
26,45,0.0161573
26,46,0.00786219
26,47,0.00343933
26,48,0.00133355
26,49,0.000453745
26,50,0.000134754
26,51,3.48604e-05
26,52,7.85594e-06
26,53,1.54372e-06
26,54,2.64836e-07
26,55,3.97083e-08
26,56,5.20643e-09
26,57,5.96955e-10
26,58,5.9805e-11
26,59,5.22623e-12
26,60,3.97276e-13
26,61,2.61637e-14
26,62,1.48453e-15
26,63,7.2023e-17
26,64,2.95717e-18
26,65,1.01282e-19
26,66,2.83271e-21
26,67,6.25575e-23
26,68,1.02943e-24
26,69,1.12736e-26
26,70,6.17296e-29
26,71,0
26,72,0
26,73,0
26,74,0
26,75,0
26,76,0
26,77,0
26,78,0
26,79,0
26,80,0
26,81,0
26,82,0
26,83,0
26,84,0
26,85,0
26,86,0
26,87,0
26,88,0
26,89,0
26,90,0
26,91,0
26,92,0
26,93,0
26,94,0
26,95,0
26,96,0
26,97,0
26,98,0
26,99,0
27,0,0
27,1,0.000385483
27,2,0.00123029
27,3,0.00321752
27,4,0.00741151
27,5,0.0153221
27,6,0.0288754
27,7,0.050102
27,8,0.0800971
27,9,0.117393
27,10,0.157164
27,11,0.192219
27,12,0.214992
27,13,0.220421
27,14,0.208876
27,15,0.185391
27,16,0.156713
27,17,0.129373
27,18,0.1068
27,19,0.0895663
27,20,0.0770724
27,21,0.0675556
27,22,0.0600225
27,23,0.0534635
27,24,0.0479625
27,25,0.0448467
27,26,0.0479624
27,27,0.0534634
27,28,0.0600226
27,29,0.0675555
27,30,0.0770725
27,31,0.0895664
27,32,0.1068
27,33,0.129373
27,34,0.156713
27,35,0.185391
27,36,0.208876
27,37,0.220421
27,38,0.214992
27,39,0.192219
27,40,0.157164
27,41,0.117393
27,42,0.0800971
27,43,0.050102
27,44,0.0288754
27,45,0.0153221
27,46,0.00741173
27,47,0.00321887
27,48,0.00123724
27,49,0.000416742
27,50,0.000122364
27,51,3.1259e-05
27,52,6.94753e-06
27,53,1.34464e-06
27,54,2.26859e-07
27,55,3.33909e-08
27,56,4.2887e-09
27,57,4.80429e-10
27,58,4.68722e-11
27,59,3.97261e-12
27,60,2.91346e-13
27,61,1.83845e-14
27,62,9.90186e-16
27,63,4.5006e-17
27,64,1.69827e-18
27,65,5.1928e-20
27,66,1.2393e-21
27,67,2.16962e-23
27,68,2.48019e-25
27,69,1.38892e-27
27,70,0
27,71,0
27,72,0
27,73,0
27,74,0
27,75,0
27,76,0
27,77,0
27,78,0
27,79,0
27,80,0
27,81,0
27,82,0
27,83,0
27,84,0
27,85,0
27,86,0
27,87,0
27,88,0
27,89,0
27,90,0
27,91,0
27,92,0
27,93,0
27,94,0
27,95,0
27,96,0
27,97,0
27,98,0
27,99,0
28,0,0
28,1,0.000334857
28,2,0.00108424
28,3,0.00287695
28,4,0.00670932
28,5,0.0140109
28,6,0.0266315
28,7,0.0465989
28,8,0.075203
28,9,0.11141
28,10,0.150906
28,11,0.186912
28,12,0.212087
28,13,0.220958
28,14,0.212713
28,15,0.191654
28,16,0.164424
28,17,0.137195
28,18,0.113945
28,19,0.0959219
28,20,0.0826076
28,21,0.0728788
28,22,0.0655577
28,23,0.0600226
28,24,0.056163
28,25,0.0545588
28,26,0.0561631
28,27,0.0600226
28,28,0.0655577
28,29,0.0728786
28,30,0.0826076
28,31,0.0959219
28,32,0.113945
28,33,0.137196
28,34,0.164424
28,35,0.191654
28,36,0.212713
28,37,0.220958
28,38,0.212087
28,39,0.186912
28,40,0.150906
28,41,0.11141
28,42,0.075203
28,43,0.0465989
28,44,0.0266315
28,45,0.0140109
28,46,0.0067095
28,47,0.00287801
28,48,0.00108988
28,49,0.000360839
28,50,0.000103915
28,51,2.59822e-05
28,52,5.64006e-06
28,53,1.06367e-06
28,54,1.74405e-07
28,55,2.48702e-08
28,56,3.08318e-09
28,57,3.31841e-10
28,58,3.09289e-11
28,59,2.48618e-12
28,60,1.7132e-13
28,61,1.00329e-14
28,62,4.93204e-16
28,63,1.99973e-17
28,64,6.51826e-19
28,65,1.64305e-20
28,66,3.00701e-22
28,67,3.55494e-24
28,68,2.03708e-26
28,69,0
28,70,0
28,71,0
28,72,0
28,73,0
28,74,0
28,75,0
28,76,0
28,77,0
28,78,0
28,79,0
28,80,0
28,81,0
28,82,0
28,83,0
28,84,0
28,85,0
28,86,0
28,87,0
28,88,0
28,89,0
28,90,0
28,91,0
28,92,0
28,93,0
28,94,0
28,95,0
28,96,0
28,97,0
28,98,0
28,99,0
29,0,0
29,1,0.000273577
29,2,0.00090473
29,3,0.0024518
29,4,0.0058212
29,5,0.0123338
29,6,0.0237299
29,7,0.0420067
29,8,0.0686597
29,9,0.103198
29,10,0.142064
29,11,0.179109
29,12,0.207135
29,13,0.220265
29,14,0.216868
29,15,0.199878
29,16,0.174866
29,17,0.148303
29,18,0.124488
29,19,0.105235
29,20,0.0908983
29,21,0.080343
29,22,0.0728786
29,23,0.0675555
29,24,0.0643538
29,25,0.0631455
29,26,0.0643537
29,27,0.0675555
29,28,0.0728787
29,29,0.0803429
29,30,0.0908984
29,31,0.105235
29,32,0.124489
29,33,0.148303
29,34,0.174866
29,35,0.199878
29,36,0.216868
29,37,0.220265
29,38,0.207135
29,39,0.179109
29,40,0.142064
29,41,0.103198
29,42,0.0686597
29,43,0.0420067
29,44,0.0237299
29,45,0.0123338
29,46,0.00582132
29,47,0.00245256
29,48,0.000908908
29,49,0.000293496
29,50,8.21815e-05
29,51,1.99195e-05
29,52,4.17881e-06
29,53,7.59029e-07
29,54,1.19397e-07
29,55,1.62587e-08
29,56,1.91402e-09
29,57,1.94281e-10
29,58,1.69309e-11
29,59,1.25871e-12
29,60,7.91052e-14
29,61,4.14889e-15
29,62,1.78333e-16
29,63,6.12037e-18
29,64,1.61282e-19
29,65,3.06355e-21
29,66,3.73269e-23
29,67,2.18986e-25
29,68,0
29,69,0
29,70,0
29,71,0
29,72,0
29,73,0
29,74,0
29,75,1.34195e-30
29,76,0
29,77,0
29,78,0
29,79,0
29,80,0
29,81,0
29,82,0
29,83,0
29,84,0
29,85,0
29,86,0
29,87,0
29,88,0
29,89,0
29,90,0
29,91,0
29,92,0
29,93,0
29,94,0
29,95,0
29,96,0
29,97,0
29,98,0
29,99,0
30,0,0
30,1,0.00020907
30,2,0.000711593
30,3,0.00198436
30,4,0.00482728
30,5,0.0104292
30,6,0.0203846
30,7,0.0366145
30,8,0.060805
30,9,0.0930594
30,10,0.130663
30,11,0.16832
30,12,0.199424
30,13,0.217714
30,14,0.220126
30,15,0.208455
30,16,0.187346
30,17,0.162384
30,18,0.138555
30,19,0.118315
30,20,0.102521
30,21,0.0908984
30,22,0.0826075
30,23,0.0770724
30,24,0.0738033
30,25,0.0727406
30,26,0.0738032
30,27,0.0770724
30,28,0.0826075
30,29,0.0908983
30,30,0.102521
30,31,0.118315
30,32,0.138555
30,33,0.162384
30,34,0.187347
30,35,0.208455
30,36,0.220126
30,37,0.217714
30,38,0.199424
30,39,0.16832
30,40,0.130663
30,41,0.0930594
30,42,0.060805
30,43,0.0366145
30,44,0.0203846
30,45,0.0104292
30,46,0.00482735
30,47,0.00198485
30,48,0.000714395
30,49,0.000223052
30,50,6.01431e-05
30,51,1.39818e-05
30,52,2.80147e-06
30,53,4.83753e-07
30,54,7.1954e-08
30,55,9.20585e-09
30,56,1.01035e-09
30,57,9.47043e-11
30,58,7.53221e-12
30,59,5.03611e-13
30,60,2.79413e-14
30,61,1.2632e-15
30,62,4.53369e-17
30,63,1.24239e-18
30,64,2.44097e-20
30,65,3.06081e-22
30,66,1.83948e-24
30,67,0
30,68,0
30,69,0
30,70,0
30,71,0
30,72,0
30,73,0
30,74,6.17296e-29
30,75,2.50525e-28
30,76,6.17296e-29
30,77,0
30,78,0
30,79,0
30,80,0
30,81,0
30,82,0
30,83,0
30,84,0
30,85,0
30,86,0
30,87,0
30,88,0
30,89,0
30,90,0
30,91,0
30,92,0
30,93,0
30,94,0
30,95,0
30,96,0
30,97,0
30,98,0
30,99,0
31,0,0
31,1,0.000148301
31,2,0.00052423
31,3,0.00151752
31,4,0.00381073
31,5,0.00844453
31,6,0.016839
31,7,0.0307789
31,8,0.0520583
31,9,0.0813678
31,10,0.116977
31,11,0.154552
31,12,0.188137
31,13,0.211639
31,14,0.221077
31,15,0.216268
31,16,0.200461
31,17,0.178798
31,18,0.155966
31,19,0.135264
31,20,0.118315
31,21,0.105235
31,22,0.095922
31,23,0.0895663
31,24,0.0860128
31,25,0.0847715
31,26,0.0860128
31,27,0.0895663
31,28,0.0959219
31,29,0.105235
31,30,0.118315
31,31,0.135264
31,32,0.155966
31,33,0.178798
31,34,0.200461
31,35,0.216268
31,36,0.221077
31,37,0.211639
31,38,0.188138
31,39,0.154552
31,40,0.116977
31,41,0.0813678
31,42,0.0520583
31,43,0.0307789
31,44,0.016839
31,45,0.00844454
31,46,0.00381077
31,47,0.0015178
31,48,0.00052591
31,49,0.000157194
31,50,4.03675e-05
31,51,8.8923e-06
31,52,1.67917e-06
31,53,2.71615e-07
31,54,3.75785e-08
31,55,4.43476e-09
31,56,4.44482e-10
31,57,3.7591e-11
31,58,2.65809e-12
31,59,1.55146e-13
31,60,7.34131e-15
31,61,2.74451e-16
