0,0,0
0,1,0
0,2,0
0,3,0
0,4,0
0,5,0
0,6,0
0,7,0
0,8,0
0,9,0
0,10,0
0,11,0
0,12,0
0,13,0
0,14,0
0,15,0
0,16,0
0,17,0
0,18,0
0,19,0
0,20,0
0,21,0
0,22,0
0,23,0
0,24,0
0,25,0
0,26,0
0,27,0
0,28,0
0,29,0
0,30,0
0,31,0
0,32,0
0,33,0
0,34,0
0,35,0
0,36,0
0,37,0
0,38,0
0,39,0
0,40,0
0,41,0
0,42,0
0,43,0
0,44,0
0,45,0
0,46,0
0,47,0
0,48,0
0,49,0
0,50,0
0,51,0
0,52,0
0,53,0
0,54,0
0,55,0
0,56,0
0,57,0
0,58,0
0,59,0
0,60,0
0,61,0
0,62,0
0,63,0
0,64,0
0,65,0
0,66,0
0,67,0
0,68,0
0,69,0
0,70,0
0,71,0
0,72,0
0,73,0
0,74,0
0,75,0
0,76,0
0,77,0
0,78,0
0,79,0
0,80,0
0,81,0
0,82,0
0,83,0
0,84,0
0,85,0
0,86,0
0,87,0
0,88,0
0,89,0
0,90,0
0,91,0
0,92,0
0,93,0
0,94,0
0,95,0
0,96,0
0,97,0
0,98,0
0,99,0
1,0,0
1,1,0
1,2,0
1,3,0
1,4,0
1,5,3.78116e-17
1,6,3.07111e-15
1,7,1.1476e-13
1,8,2.61803e-12
1,9,4.08144e-11
1,10,4.61388e-10
1,11,3.91936e-09
1,12,2.5612e-08
1,13,1.30966e-07
1,14,5.31663e-07
1,15,1.73921e-06
1,16,4.66727e-06
1,17,1.05033e-05
1,18,2.03187e-05
1,19,3.4599e-05
1,20,5.2871e-05
1,21,7.35628e-05
1,22,9.41954e-05
1,23,0.000111839
1,24,0.000123741
1,25,0.000127944
1,26,0.000123741
1,27,0.000111839
1,28,9.41954e-05
1,29,7.35628e-05
1,30,5.2871e-05
1,31,3.4599e-05
1,32,2.03187e-05
1,33,1.05033e-05
1,34,4.66727e-06
1,35,1.73921e-06
1,36,5.31663e-07
1,37,1.30966e-07
1,38,2.56119e-08
1,39,3.91936e-09
1,40,4.61388e-10
1,41,4.08144e-11
1,42,2.61803e-12
1,43,1.1476e-13
1,44,3.07111e-15
1,45,3.78116e-17
1,46,0
1,47,0
1,48,0
1,49,0
1,50,0
1,51,0
1,52,0
1,53,0
1,54,0
1,55,0
1,56,0
1,57,0
1,58,0
1,59,0
1,60,0
1,61,0
1,62,0
1,63,0
1,64,0
1,65,0
1,66,0
1,67,0
1,68,0
1,69,0
1,70,0
1,71,0
1,72,0
1,73,0
1,74,0
1,75,0
1,76,0
1,77,0
1,78,0
1,79,0
1,80,0
1,81,0
1,82,0
1,83,0
1,84,0
1,85,0
1,86,0
1,87,0
1,88,0
1,89,0
1,90,0
1,91,0
1,92,0
1,93,0
1,94,0
1,95,0
1,96,0
1,97,0
1,98,0
1,99,0
2,0,0
2,1,0
2,2,0
2,3,0
2,4,4.32132e-17
2,5,3.68533e-15
2,6,1.4497e-13
2,7,3.4911e-12
2,8,5.76172e-11
2,9,6.91582e-10
2,10,6.256e-09
2,11,4.36499e-08
2,12,2.38803e-07
2,13,1.03811e-06
2,14,3.63309e-06
2,15,1.03964e-05
2,16,2.48128e-05
2,17,5.05924e-05
2,18,9.03574e-05
2,19,0.000144454
2,20,0.000210164
2,21,0.000281694
2,22,0.000350959
2,23,0.00040897
2,24,0.000447589
2,25,0.000461137
2,26,0.000447589
2,27,0.00040897
2,28,0.000350959
2,29,0.000281694
2,30,0.000210164
2,31,0.000144454
2,32,9.03574e-05
2,33,5.05924e-05
2,34,2.48128e-05
2,35,1.03964e-05
2,36,3.63309e-06
2,37,1.03811e-06
2,38,2.38803e-07
2,39,4.36499e-08
2,40,6.256e-09
2,41,6.91582e-10
2,42,5.76172e-11
2,43,3.4911e-12
2,44,1.4497e-13
2,45,3.68534e-15
2,46,4.32132e-17
2,47,0
2,48,0
2,49,0
2,50,0
2,51,0
2,52,0
2,53,0
2,54,0
2,55,0
2,56,0
2,57,0
2,58,0
2,59,0
2,60,0
2,61,0
2,62,0
2,63,0
2,64,0
2,65,0
2,66,0
2,67,0
2,68,0
2,69,0
2,70,0
2,71,0
2,72,0
2,73,0
2,74,0
2,75,0
2,76,0
2,77,0
2,78,0
2,79,0
2,80,0
2,81,0
2,82,0
2,83,0
2,84,0
2,85,0
2,86,0
2,87,0
2,88,0
2,89,0
2,90,0
2,91,0
2,92,0
2,93,0
2,94,0
2,95,0
2,96,0
2,97,0
2,98,0
2,99,0
3,0,0
3,1,0
3,2,0
3,3,4.51775e-17
3,4,4.03632e-15
3,5,1.66703e-13
3,6,4.22468e-12
3,7,7.35516e-11
3,8,9.33567e-10
3,9,8.95109e-09
3,10,6.63328e-08
3,11,3.85989e-07
3,12,1.78532e-06
3,13,6.63876e-06
3,14,2.01107e-05
3,15,5.0505e-05
3,16,0.000107575
3,17,0.00019947
3,18,0.000329963
3,19,0.000496348
3,20,0.000688503
3,21,0.000889783
3,22,0.00107914
3,23,0.00123453
3,24,0.00133661
3,25,0.0013722
3,26,0.00133661
3,27,0.00123453
3,28,0.00107914
3,29,0.000889783
3,30,0.000688503
3,31,0.000496348
3,32,0.000329963
3,33,0.00019947
3,34,0.000107575
3,35,5.0505e-05
3,36,2.01107e-05
3,37,6.63876e-06
3,38,1.78532e-06
3,39,3.85989e-07
3,40,6.63328e-08
3,41,8.95109e-09
3,42,9.33567e-10
3,43,7.35516e-11
3,44,4.22468e-12
3,45,1.66703e-13
3,46,4.03632e-15
3,47,4.51775e-17
3,48,0
3,49,0
3,50,0
3,51,0
3,52,0
3,53,0
3,54,0
3,55,0
3,56,0
3,57,0
3,58,0
3,59,0
3,60,0
3,61,0
3,62,0
3,63,0
3,64,0
3,65,0
3,66,0
3,67,0
3,68,0
3,69,0
3,70,0
3,71,0
3,72,0
3,73,0
3,74,0
3,75,0
3,76,0
3,77,0
3,78,0
3,79,0
3,80,0
3,81,0
3,82,0
3,83,0
3,84,0
3,85,0
3,86,0
3,87,0
3,88,0
3,89,0
3,90,0
3,91,0
3,92,0
3,93,0
3,94,0
3,95,0
3,96,0
3,97,0
3,98,0
3,99,0
4,0,0
4,1,0
4,2,4.32132e-17
4,3,4.03632e-15
4,4,1.74638e-13
4,5,4.64639e-12
4,6,8.51169e-11
4,7,1.13935e-09
4,8,1.15462e-08
4,9,9.06155e-08
4,10,5.59245e-07
4,11,2.74492e-06
4,12,1.08204e-05
4,13,3.46347e-05
4,14,9.13664e-05
4,15,0.000202823
4,16,0.00038897
4,17,0.000662223
4,18,0.00102357
4,19,0.00145947
4,20,0.00194197
4,21,0.00243133
4,22,0.00288069
4,23,0.00324322
4,24,0.00347872
4,25,0.00356042
4,26,0.00347872
4,27,0.00324322
4,28,0.00288069
4,29,0.00243133
4,30,0.00194197
4,31,0.00145947
4,32,0.00102357
4,33,0.000662223
4,34,0.00038897
4,35,0.000202823
4,36,9.13664e-05
4,37,3.46347e-05
4,38,1.08204e-05
4,39,2.74492e-06
4,40,5.59246e-07
4,41,9.06155e-08
4,42,1.15462e-08
4,43,1.13935e-09
4,44,8.51169e-11
4,45,4.64639e-12
4,46,1.74637e-13
4,47,4.03632e-15
4,48,4.32132e-17
4,49,0
4,50,0
4,51,0
4,52,0
4,53,0
4,54,0
4,55,0
4,56,0
4,57,0
4,58,0
4,59,0
4,60,0
4,61,0
4,62,0
4,63,0
4,64,0
4,65,0
4,66,0
4,67,0
4,68,0
4,69,0
4,70,0
4,71,0
4,72,0
4,73,0
4,74,0
4,75,0
4,76,0
4,77,0
4,78,0
4,79,0
4,80,0
4,81,0
4,82,0
4,83,0
4,84,0
4,85,0
4,86,0
4,87,0
4,88,0
4,89,0
4,90,0
4,91,0
4,92,0
4,93,0
4,94,0
4,95,0
4,96,0
4,97,0
4,98,0
4,99,0
5,0,0
5,1,3.78116e-17
5,2,3.68533e-15
5,3,1.66703e-13
5,4,4.64639e-12
5,5,8.93561e-11
5,6,1.25838e-09
5,7,1.34448e-08
5,8,1.11463e-07
5,9,7.27806e-07
5,10,3.78235e-06
5,11,1.57778e-05
5,12,5.32996e-05
5,13,0.000147594
5,14,0.000341197
5,15,0.000675472
5,16,0.00117951
5,17,0.0018653
5,18,0.00272173
5,19,0.0037108
5,20,0.0047704
5,21,0.00581825
5,22,0.00676261
5,23,0.00751419
5,24,0.00799814
5,25,0.00816531
5,26,0.00799814
5,27,0.00751419
5,28,0.00676261
5,29,0.00581824
5,30,0.0047704
5,31,0.0037108
5,32,0.00272173
5,33,0.0018653
5,34,0.00117951
5,35,0.000675472
5,36,0.000341197
5,37,0.000147594
5,38,5.32996e-05
5,39,1.57778e-05
5,40,3.78236e-06
5,41,7.27806e-07
5,42,1.11463e-07
5,43,1.34448e-08
5,44,1.25838e-09
5,45,8.93561e-11
5,46,4.64639e-12
5,47,1.66703e-13
5,48,3.68533e-15
5,49,3.78116e-17
5,50,0
5,51,0
5,52,0
5,53,0
5,54,0
5,55,0
5,56,0
5,57,0
5,58,0
5,59,0
5,60,0
5,61,0
5,62,0
5,63,0
5,64,0
5,65,0
5,66,0
5,67,0
5,68,0
5,69,0
5,70,0
5,71,0
5,72,0
5,73,0
5,74,0
5,75,0
5,76,0
5,77,0
5,78,0
5,79,0
5,80,0
5,81,0
5,82,0
5,83,0
5,84,0
5,85,0
5,86,0
5,87,0
5,88,0
5,89,0
5,90,0
5,91,0
5,92,0
5,93,0
5,94,0
5,95,0
5,96,0
5,97,0
5,98,0
5,99,0
6,0,0
6,1,3.07111e-15
6,2,1.4497e-13
6,3,4.22468e-12
6,4,8.51169e-11
6,5,1.25838e-09
6,6,1.41435e-08
6,7,1.23589e-07
6,8,8.51972e-07
6,9,4.67923e-06
6,10,2.06258e-05
6,11,7.34839e-05
6,12,0.000213615
6,13,0.000514463
6,14,0.00105114
6,15,0.00187945
6,16,0.00303303
6,17,0.00451776
6,18,0.00629643
6,19,0.00828839
6,20,0.0103718
6,21,0.0123924
6,22,0.014187
6,23,0.0155985
6,24,0.0165012
6,25,0.0168114
6,26,0.0165012
6,27,0.0155985
6,28,0.014187
6,29,0.0123924
6,30,0.0103718
6,31,0.00828839
6,32,0.00629643
6,33,0.00451776
6,34,0.00303303
6,35,0.00187945
6,36,0.00105114
6,37,0.000514463
6,38,0.000213615
6,39,7.34839e-05
6,40,2.06258e-05
6,41,4.67923e-06
6,42,8.51972e-07
6,43,1.23589e-07
6,44,1.41435e-08
6,45,1.25838e-09
6,46,8.51169e-11
6,47,4.22468e-12
6,48,1.4497e-13
6,49,3.07111e-15
6,50,3.02493e-17
6,51,0
6,52,0
6,53,0
6,54,0
6,55,0
6,56,0
6,57,0
6,58,0
6,59,0
6,60,0
6,61,0
6,62,0
6,63,0
6,64,0
6,65,0
6,66,0
6,67,0
6,68,0
6,69,0
6,70,0
6,71,0
6,72,0
6,73,0
6,74,0
6,75,0
6,76,0
6,77,0
6,78,0
6,79,0
6,80,0
6,81,0
6,82,0
6,83,0
6,84,0
6,85,0
6,86,0
6,87,0
6,88,0
6,89,0
6,90,0
6,91,0
6,92,0
6,93,0
6,94,0
6,95,0
6,96,0
6,97,0
6,98,0
6,99,0
7,0,0
7,1,1.1476e-13
7,2,3.4911e-12
7,3,7.35516e-11
7,4,1.13935e-09
7,5,1.34448e-08
7,6,1.23589e-07
7,7,8.97819e-07
7,8,5.20306e-06
7,9,2.42093e-05
7,10,9.09349e-05
7,11,0.000277692
7,12,0.000697808
7,13,0.00147368
7,14,0.00269891
7,15,0.00444106
7,16,0.00674927
7,17,0.00961586
7,18,0.0129563
7,19,0.016616
7,20,0.0203657
7,21,0.0239406
7,22,0.027068
7,23,0.0294991
7,24,0.0310416
7,25,0.0315689
7,26,0.0310416
7,27,0.0294991
7,28,0.027068
7,29,0.0239406
7,30,0.0203657
7,31,0.016616
7,32,0.0129563
7,33,0.00961586
7,34,0.00674927
7,35,0.00444106
7,36,0.00269891
7,37,0.00147368
7,38,0.000697808
7,39,0.000277692
7,40,9.09349e-05
7,41,2.42093e-05
7,42,5.20306e-06
7,43,8.97819e-07
7,44,1.23589e-07
7,45,1.34448e-08
7,46,1.13935e-09
7,47,7.35516e-11
7,48,3.4911e-12
7,49,1.14782e-13
7,50,2.33404e-15
7,51,2.21052e-17
7,52,0
7,53,0
7,54,0
7,55,0
7,56,0
7,57,0
7,58,0
7,59,0
7,60,0
7,61,0
7,62,0
7,63,0
7,64,0
7,65,0
7,66,0
7,67,0
7,68,0
7,69,0
7,70,0
7,71,0
7,72,0
7,73,0
7,74,0
7,75,0
7,76,0
7,77,0
7,78,0
7,79,0
7,80,0
7,81,0
7,82,0
7,83,0
7,84,0
7,85,0
7,86,0
7,87,0
7,88,0
7,89,0
7,90,0
7,91,0
7,92,0
7,93,0
7,94,0
7,95,0
7,96,0
7,97,0
7,98,0
7,99,0
8,0,0
8,1,2.61803e-12
8,2,5.76172e-11
8,3,9.33567e-10
8,4,1.15462e-08
8,5,1.11463e-07
8,6,8.51972e-07
8,7,5.20306e-06
8,8,2.55347e-05
8,9,0.000101128
8,10,0.000324805
8,11,0.000853749
8,12,0.0018696
8,13,0.00351611
8,14,0.00590685
8,15,0.00917011
8,16,0.0133826
8,17,0.0184836
8,18,0.0242969
8,19,0.0305167
8,20,0.0367402
8,21,0.0425528
8,22,0.0475379
8,23,0.0513609
8,24,0.0537572
8,25,0.0545753
8,26,0.0537572
8,27,0.0513609
8,28,0.0475379
8,29,0.0425528
8,30,0.0367402
8,31,0.0305167
8,32,0.0242969
8,33,0.0184836
8,34,0.0133826
8,35,0.00917011
8,36,0.00590685
8,37,0.00351611
8,38,0.0018696
8,39,0.000853749
8,40,0.000324805
8,41,0.000101128
8,42,2.55347e-05
8,43,5.20306e-06
8,44,8.51972e-07
8,45,1.11463e-07
8,46,1.15462e-08
8,47,9.33567e-10
8,48,5.76172e-11
8,49,2.61964e-12
8,50,8.26571e-14
8,51,1.61588e-15
8,52,1.47368e-17
8,53,0
8,54,0
8,55,0
8,56,0
8,57,0
8,58,0
8,59,0
8,60,0
8,61,0
8,62,0
8,63,0
8,64,0
8,65,0
8,66,0
8,67,0
8,68,0
8,69,0
8,70,0
8,71,0
8,72,0
8,73,0
8,74,0
8,75,0
8,76,0
8,77,0
8,78,0
8,79,0
8,80,0
8,81,0
8,82,0
8,83,0
8,84,0
8,85,0
8,86,0
8,87,0
8,88,0
8,89,0
8,90,0
8,91,0
8,92,0
8,93,0
8,94,0
8,95,0
8,96,0
8,97,0
8,98,0
8,99,0
9,0,0
9,1,4.08144e-11
9,2,6.91582e-10
9,3,8.95109e-09
9,4,9.06155e-08
9,5,7.27806e-07
9,6,4.67923e-06
9,7,2.42093e-05
9,8,0.000101128
9,9,0.000342184
9,10,0.000943906
9,11,0.00215352
9,12,0.00417936
9,13,0.00719311
9,14,0.0114369
9,15,0.0171499
9,16,0.0243414
9,17,0.0328085
9,18,0.0421796
9,19,0.0518722
9,20,0.0612884
9,21,0.0698309
9,22,0.076981
9,23,0.0823631
9,24,0.0856855
9,25,0.086818
9,26,0.0856855
9,27,0.0823631
9,28,0.076981
9,29,0.0698309
9,30,0.0612884
9,31,0.0518722
9,32,0.0421796
9,33,0.0328085
9,34,0.0243414
9,35,0.0171499
9,36,0.0114369
9,37,0.00719311
9,38,0.00417936
9,39,0.00215352
9,40,0.000943906
9,41,0.000342184
9,42,0.000101128
9,43,2.42093e-05
9,44,4.67923e-06
9,45,7.27806e-07
9,46,9.06155e-08
9,47,8.95109e-09
9,48,6.91583e-10
9,49,4.08685e-11
9,50,1.78259e-12
9,51,5.40575e-14
9,52,1.0174e-15
9,53,8.94736e-18
9,54,0
9,55,0
9,56,0
9,57,0
9,58,0
9,59,0
9,60,0
9,61,0
9,62,0
9,63,0
9,64,0
9,65,0
9,66,0
9,67,0
9,68,0
9,69,0
9,70,0
9,71,0
9,72,0
9,73,0
9,74,0
9,75,0
9,76,0
9,77,0
9,78,0
9,79,0
9,80,0
9,81,0
9,82,0
9,83,0
9,84,0
9,85,0
9,86,0
9,87,0
9,88,0
9,89,0
9,90,0
9,91,0
9,92,0
9,93,0
9,94,0
9,95,0
9,96,0
9,97,0
9,98,0
9,99,0
10,0,0
10,1,4.61388e-10
10,2,6.256e-09
10,3,6.63328e-08
10,4,5.59245e-07
10,5,3.78236e-06
10,6,2.06258e-05
10,7,9.09349e-05
10,8,0.000324805
10,9,0.000943906
10,10,0.0022569
10,11,0.00455141
10,12,0.00807218
10,13,0.0131928
10,14,0.0203895
10,15,0.0298172
10,16,0.0412202
10,17,0.05416
10,18,0.0678709
10,19,0.0814734
10,20,0.094208
10,21,0.105323
10,22,0.114377
10,23,0.120997
10,24,0.125035
10,25,0.126383
10,26,0.125035
10,27,0.120997
10,28,0.114377
10,29,0.105323
10,30,0.094208
10,31,0.0814734
10,32,0.0678709
10,33,0.05416
10,34,0.0412202
10,35,0.0298172
10,36,0.0203895
10,37,0.0131928
10,38,0.00807218
10,39,0.00455141
10,40,0.0022569
10,41,0.000943906
10,42,0.000324805
10,43,9.09349e-05
10,44,2.06258e-05
10,45,3.78236e-06
10,46,5.59246e-07
10,47,6.63328e-08
10,48,6.25603e-09
10,49,4.62486e-10
10,50,2.62039e-11
10,51,1.09797e-12
10,52,3.20435e-14
10,53,5.81374e-16
10,54,4.93647e-18
10,55,0
10,56,0
10,57,0
10,58,0
10,59,0
10,60,0
10,61,0
10,62,0
10,63,0
10,64,0
10,65,0
10,66,0
10,67,0
10,68,0
10,69,0
10,70,0
10,71,0
10,72,0
10,73,0
10,74,0
10,75,0
10,76,0
10,77,0
10,78,0
10,79,0
10,80,0
10,81,0
10,82,0
10,83,0
10,84,0
10,85,0
10,86,0
10,87,0
10,88,0
10,89,0
10,90,0
10,91,0
10,92,0
10,93,0
10,94,0
10,95,0
10,96,0
10,97,0
10,98,0
10,99,0
11,0,0
11,1,3.91936e-09
11,2,4.36499e-08
11,3,3.85989e-07
11,4,2.74492e-06
11,5,1.57778e-05
11,6,7.34839e-05
11,7,0.000277692
11,8,0.000853749
11,9,0.00215352
11,10,0.00455141
11,11,0.00838418
11,12,0.0141502
11,13,0.0225897
11,14,0.0341065
11,15,0.048396
11,16,0.0649127
11,17,0.0827786
11,18,0.100708
11,19,0.117715
11,20,0.132838
11,21,0.145463
11,22,0.155347
11,23,0.1623
11,24,0.166479
11,25,0.167818
11,26,0.166479
11,27,0.1623
11,28,0.155347
11,29,0.145463
11,30,0.132838
11,31,0.117715
11,32,0.100708
11,33,0.0827786
11,34,0.0649127
11,35,0.048396
11,36,0.0341065
11,37,0.0225897
11,38,0.0141502
11,39,0.00838418
11,40,0.00455141
11,41,0.00215352
11,42,0.000853749
11,43,0.000277692
11,44,7.34839e-05
11,45,1.57778e-05
11,46,2.74492e-06
11,47,3.85989e-07
11,48,4.36505e-08
11,49,3.93451e-09
11,50,2.78616e-10
11,51,1.51532e-11
11,52,6.10678e-13
11,53,1.71725e-14
11,54,3.00711e-16
11,55,2.46824e-18
11,56,0
11,57,0
11,58,0
11,59,0
11,60,0
11,61,0
11,62,0
11,63,0
11,64,0
11,65,0
11,66,0
11,67,0
11,68,0
11,69,0
11,70,0
11,71,0
11,72,0
11,73,0
11,74,0
11,75,0
11,76,0
11,77,0
11,78,0
11,79,0
11,80,0
11,81,0
11,82,0
11,83,0
11,84,0
11,85,0
11,86,0
11,87,0
11,88,0
11,89,0
11,90,0
11,91,0
11,92,0
11,93,0
11,94,0
11,95,0
11,96,0
11,97,0
11,98,0
11,99,0
12,0,0
12,1,2.5612e-08
12,2,2.38803e-07
12,3,1.78532e-06
12,4,1.08204e-05
12,5,5.32996e-05
12,6,0.000213615
12,7,0.000697808
12,8,0.0018696
12,9,0.00417936
12,10,0.00807218
12,11,0.0141502
12,12,0.0233705
12,13,0.0364752
12,14,0.0532338
12,15,0.0729459
12,16,0.0947042
12,17,0.116802
12,18,0.137744
12,19,0.156443
12,20,0.171903
12,21,0.184103
12,22,0.192949
12,23,0.19892
12,24,0.202289
12,25,0.203391
12,26,0.202289
12,27,0.19892
12,28,0.192949
12,29,0.184103
12,30,0.171903
12,31,0.156443
12,32,0.137744
12,33,0.116802
12,34,0.0947042
12,35,0.0729459
12,36,0.0532338
12,37,0.0364752
12,38,0.0233705
12,39,0.0141502
12,40,0.00807218
12,41,0.00417936
12,42,0.0018696
12,43,0.000697808
12,44,0.000213615
12,45,5.32996e-05
12,46,1.08204e-05
12,47,1.78532e-06
12,48,2.38811e-07
12,49,2.57627e-08
12,50,2.22104e-09
12,51,1.50793e-10
12,52,7.88035e-12
12,53,3.0577e-13
12,54,8.2939e-15
12,55,1.40332e-16
12,56,1.11469e-18
12,57,0
12,58,0
12,59,0
12,60,0
12,61,0
12,62,0
12,63,0
12,64,0
12,65,0
12,66,0
12,67,0
12,68,0
12,69,0
12,70,0
12,71,0
12,72,0
12,73,0
12,74,0
12,75,0
12,76,0
12,77,0
12,78,0
12,79,0
12,80,0
12,81,0
12,82,0
12,83,0
12,84,0
12,85,0
12,86,0
12,87,0
12,88,0
12,89,0
12,90,0
12,91,0
12,92,0
12,93,0
12,94,0
12,95,0
12,96,0
12,97,0
12,98,0
12,99,0
13,0,0
13,1,1.30966e-07
13,2,1.03811e-06
13,3,6.63876e-06
13,4,3.46347e-05
13,5,0.000147594
13,6,0.000514463
13,7,0.00147368
13,8,0.00351611
13,9,0.00719311
13,10,0.0131928
13,11,0.0225897
13,12,0.0364752
13,13,0.0549417
13,14,0.0772083
13,15,0.102307
13,16,0.128261
13,17,0.152718
13,18,0.174327
13,19,0.191727
13,20,0.204753
13,21,0.213863
13,22,0.219553
13,23,0.223011
13,24,0.224597
13,25,0.225203
13,26,0.224597
13,27,0.223011
13,28,0.219553
13,29,0.213863
13,30,0.204753
13,31,0.191727
13,32,0.174327
13,33,0.152718
13,34,0.128261
13,35,0.102307
13,36,0.0772083
13,37,0.0549417
13,38,0.0364752
13,39,0.0225897
13,40,0.0131928
13,41,0.00719311
13,42,0.00351611
13,43,0.00147368
13,44,0.000514463
13,45,0.000147594
13,46,3.46347e-05
13,47,6.63876e-06
13,48,1.03818e-06
13,49,1.32087e-07
13,50,1.35968e-08
13,51,1.12174e-09
13,52,7.30675e-11
13,53,3.67206e-12
13,54,1.37307e-13
13,55,3.59601e-15
13,56,5.88487e-17
13,57,4.52842e-19
13,58,0
13,59,0
13,60,0
13,61,0
13,62,0
13,63,0
13,64,0
13,65,0
13,66,0
13,67,0
13,68,0
13,69,0
13,70,0
13,71,0
13,72,0
13,73,0
13,74,0
13,75,0
13,76,0
13,77,0
13,78,0
13,79,0
13,80,0
13,81,0
13,82,0
13,83,0
13,84,0
13,85,0
13,86,0
13,87,0
13,88,0
13,89,0
13,90,0
13,91,0
13,92,0
13,93,0
13,94,0
13,95,0
13,96,0
13,97,0
13,98,0
13,99,0
14,0,0
14,1,5.31663e-07
14,2,3.63309e-06
14,3,2.01107e-05
14,4,9.13664e-05
14,5,0.000341197
14,6,0.00105114
14,7,0.00269891
14,8,0.00590684
14,9,0.0114369
14,10,0.0203895
14,11,0.0341065
14,12,0.0532338
14,13,0.0772083
14,14,0.104906
14,15,0.134209
14,16,0.161918
14,17,0.185902
14,18,0.204616
14,19,0.217295
14,20,0.22503
14,21,0.228503
14,22,0.229543
14,23,0.229183
14,24,0.228583
14,25,0.228309
14,26,0.228583
14,27,0.229183
14,28,0.229543
14,29,0.228503
14,30,0.22503
14,31,0.217295
14,32,0.204616
14,33,0.185902
14,34,0.161918
14,35,0.134209
14,36,0.104906
14,37,0.0772083
14,38,0.0532338
14,39,0.0341065
14,40,0.0203895
14,41,0.0114369
14,42,0.00590684
14,43,0.00269891
14,44,0.00105114
14,45,0.000341197
14,46,9.13664e-05
14,47,2.01107e-05
14,48,3.6336e-06
14,49,5.38056e-07
14,50,6.50846e-08
14,51,6.39253e-09
14,52,5.04797e-10
14,53,3.15616e-11
14,54,1.52628e-12
14,55,5.50396e-14
14,56,1.39294e-15
14,57,2.20683e-17
14,58,1.6467e-19
14,59,0
14,60,0
14,61,0
14,62,0
14,63,0
14,64,0
14,65,0
14,66,0
14,67,0
14,68,0
14,69,0
14,70,0
14,71,0
14,72,0
14,73,0
14,74,0
14,75,0
14,76,0
14,77,0
14,78,0
14,79,0
14,80,0
14,81,0
14,82,0
14,83,0
14,84,0
14,85,0
14,86,0
14,87,0
14,88,0
14,89,0
14,90,0
14,91,0
14,92,0
14,93,0
14,94,0
14,95,0
14,96,0
14,97,0
14,98,0
14,99,0
15,0,0
15,1,1.73921e-06
15,2,1.03964e-05
15,3,5.0505e-05
15,4,0.000202823
15,5,0.000675472
15,6,0.00187945
15,7,0.00444106
15,8,0.00917011
15,9,0.0171499
15,10,0.0298172
15,11,0.048396
15,12,0.0729459
15,13,0.102307
15,14,0.134209
15,15,0.165021
15,16,0.191441
15,17,0.211428
15,18,0.22366
15,19,0.229152
15,20,0.229411
15,21,0.226275
15,22,0.222044
15,23,0.217732
15,24,0.21498
15,25,0.213797
15,26,0.21498
15,27,0.217732
15,28,0.222044
15,29,0.226275
15,30,0.229411
15,31,0.229152
15,32,0.22366
15,33,0.211428
15,34,0.191441
15,35,0.165021
15,36,0.134209
15,37,0.102307
15,38,0.0729459
15,39,0.048396
15,40,0.0298172
15,41,0.0171499
15,42,0.00917011
15,43,0.00444106
15,44,0.00187945
15,45,0.000675472
15,46,0.000202823
15,47,5.05052e-05
15,48,1.0399e-05
15,49,1.76766e-06
15,50,2.47529e-07
15,51,2.8444e-08
15,52,2.66457e-09
15,53,2.01386e-10
15,54,1.20881e-11
15,55,5.6272e-13
15,56,1.95812e-14
15,57,4.7922e-16
15,58,7.35609e-18
15,59,5.32755e-20
15,60,0
15,61,0
15,62,0
15,63,0
15,64,0
15,65,0
15,66,0
15,67,0
15,68,0
15,69,0
15,70,0
15,71,0
15,72,0
15,73,0
15,74,0
15,75,0
15,76,0
15,77,0
15,78,0
15,79,0
15,80,0
15,81,0
15,82,0
15,83,0
15,84,0
15,85,0
15,86,0
15,87,0
15,88,0
15,89,0
15,90,0
15,91,0
15,92,0
15,93,0
15,94,0
15,95,0
15,96,0
15,97,0
15,98,0
15,99,0
16,0,0
16,1,4.66727e-06
16,2,2.48128e-05
16,3,0.000107575
16,4,0.00038897
16,5,0.00117951
16,6,0.00303303
16,7,0.00674927
16,8,0.0133826
16,9,0.0243414
16,10,0.0412202
16,11,0.0649127
16,12,0.0947042
16,13,0.128261
16,14,0.161918
16,15,0.191441
16,16,0.213481
16,17,0.226176
16,18,0.229937
16,19,0.226881
16,20,0.219275
16,21,0.210087
16,22,0.201069
16,23,0.193862
16,24,0.189226
16,25,0.187633
16,26,0.189226
16,27,0.193862
16,28,0.201069
16,29,0.210086
16,30,0.219275
16,31,0.226881
16,32,0.229937
16,33,0.226176
16,34,0.213481
16,35,0.191441
16,36,0.161918
16,37,0.128261
16,38,0.0947042
16,39,0.0649127
16,40,0.0412202
16,41,0.0243414
16,42,0.0133827
16,43,0.00674927
16,44,0.00303303
16,45,0.00117951
16,46,0.00038897
16,47,0.000107576
16,48,2.48238e-05
16,49,4.76784e-06
16,50,7.60769e-07
16,51,1.00571e-07
16,52,1.0965e-08
16,53,9.78878e-10
16,54,7.07756e-11
16,55,4.07786e-12
16,56,1.82761e-13
16,57,6.1389e-15
16,58,1.45367e-16
16,59,2.16356e-18
16,60,1.52216e-20
16,61,0
16,62,0
16,63,0
16,64,0
16,65,0
16,66,0
16,67,0
16,68,0
16,69,0
16,70,0
16,71,0
16,72,0
16,73,0
16,74,0
16,75,0
16,76,0
16,77,0
16,78,0
16,79,0
16,80,0
16,81,0
16,82,0
16,83,0
16,84,0
16,85,0
16,86,0
16,87,0
16,88,0
16,89,0
16,90,0
16,91,0
16,92,0
16,93,0
16,94,0
16,95,0
16,96,0
16,97,0
16,98,0
16,99,0
17,0,0
17,1,1.05033e-05
17,2,5.05924e-05
17,3,0.00019947
17,4,0.000662223
17,5,0.0018653
17,6,0.00451776
17,7,0.00961586
17,8,0.0184836
17,9,0.0328085
17,10,0.05416
17,11,0.0827786
17,12,0.116802
17,13,0.152718
17,14,0.185902
17,15,0.211428
17,16,0.226176
17,17,0.22994
17,18,0.224566
17,19,0.21316
17,20,0.199182
17,21,0.185311
17,22,0.173371
17,23,0.164437
17,24,0.158923
17,25,0.1571
17,26,0.158923
17,27,0.164437
17,28,0.173371
17,29,0.185311
17,30,0.199182
17,31,0.21316
17,32,0.224566
17,33,0.22994
17,34,0.226176
17,35,0.211428
17,36,0.185902
17,37,0.152718
17,38,0.116802
17,39,0.0827786
17,40,0.05416
17,41,0.0328085
17,42,0.0184836
17,43,0.00961587
17,44,0.00451776
17,45,0.0018653
17,46,0.000662224
17,47,0.000199474
17,48,5.06283e-05
17,49,1.07913e-05
17,50,1.92775e-06
17,51,2.87992e-07
17,52,3.5862e-08
17,53,3.7031e-09
17,54,3.14612e-10
17,55,2.17406e-11
17,56,1.20169e-12
17,57,5.18399e-14
17,58,1.68101e-15
17,59,3.85287e-17
17,60,5.56343e-19
17,61,3.80539e-21
17,62,0
17,63,0
17,64,0
17,65,0
17,66,0
17,67,0
17,68,0
17,69,0
17,70,0
17,71,0
17,72,0
17,73,0
17,74,0
17,75,0
17,76,0
17,77,0
17,78,0
17,79,0
17,80,0
17,81,0
17,82,0
17,83,0
17,84,0
17,85,0
17,86,0
17,87,0
17,88,0
17,89,0
17,90,0
17,91,0
17,92,0
17,93,0
17,94,0
17,95,0
17,96,0
17,97,0
17,98,0
17,99,0
18,0,0
18,1,2.03187e-05
18,2,9.03574e-05
18,3,0.000329963
18,4,0.00102357
18,5,0.00272173
18,6,0.00629643
18,7,0.0129563
18,8,0.0242969
18,9,0.0421796
18,10,0.0678709
18,11,0.100708
18,12,0.137744
18,13,0.174327
18,14,0.204616
18,15,0.22366
18,16,0.229937
18,17,0.224566
18,18,0.210759
18,19,0.193035
18,20,0.174717
18,21,0.158464
18,22,0.145405
18,23,0.136069
18,24,0.130527
18,25,0.128666
18,26,0.130527
18,27,0.136069
18,28,0.145405
18,29,0.158464
18,30,0.174717
18,31,0.193035
18,32,0.210759
18,33,0.224566
18,34,0.229937
18,35,0.22366
18,36,0.204616
18,37,0.174327
18,38,0.137744
18,39,0.100708
18,40,0.0678709
18,41,0.0421796
18,42,0.0242969
18,43,0.0129563
18,44,0.00629643
18,45,0.00272173
18,46,0.00102357
18,47,0.000329974
18,48,9.04526e-05
18,49,2.10014e-05
18,50,4.12183e-06
18,51,6.82689e-07
18,52,9.51986e-08
18,53,1.11353e-08
18,54,1.08632e-09
18,55,8.7654e-11
18,56,5.77985e-12
18,57,3.06142e-13
18,58,1.27033e-14
18,59,3.97565e-16
18,60,8.82091e-18
18,61,1.23632e-19
18,62,8.22788e-22
18,63,0
18,64,0
18,65,0
18,66,0
18,67,0
18,68,0
18,69,0
18,70,0
18,71,0
18,72,0
18,73,0
18,74,0
18,75,0
18,76,0
18,77,0
18,78,0
18,79,0
18,80,0
18,81,0
18,82,0
18,83,0
18,84,0
18,85,0
18,86,0
18,87,0
18,88,0
18,89,0
18,90,0
18,91,0
18,92,0
18,93,0
18,94,0
18,95,0
18,96,0
18,97,0
18,98,0
18,99,0
19,0,0
19,1,3.4599e-05
19,2,0.000144454
19,3,0.000496348
19,4,0.00145947
19,5,0.0037108
19,6,0.00828839
19,7,0.016616
19,8,0.0305167
19,9,0.0518722
19,10,0.0814734
19,11,0.117715
19,12,0.156443
19,13,0.191727
19,14,0.217295
19,15,0.229152
19,16,0.226881
19,17,0.21316
19,18,0.193035
19,19,0.171111
19,20,0.150784
19,21,0.134016
19,22,0.121115
19,23,0.112362
19,24,0.107097
19,25,0.105494
19,26,0.107097
19,27,0.112362
19,28,0.121115
19,29,0.134016
19,30,0.150784
19,31,0.171111
19,32,0.193035
19,33,0.21316
19,34,0.226881
19,35,0.229152
19,36,0.217295
19,37,0.191727
19,38,0.156443
19,39,0.117715
19,40,0.0814734
19,41,0.0518722
19,42,0.0305167
19,43,0.016616
19,44,0.00828839
19,45,0.0037108
19,46,0.00145947
19,47,0.000496375
19,48,0.000144664
19,49,3.59711e-05
19,50,7.61697e-06
19,51,1.37208e-06
19,52,2.09969e-07
19,53,2.72312e-08
19,54,2.98128e-09
19,55,2.73868e-10
19,56,2.09254e-11
19,57,1.3134e-12
19,58,6.6536e-14
19,59,2.65209e-15
19,60,8.00445e-17
19,61,1.71882e-18
19,62,2.33898e-20
19,63,1.51566e-22
19,64,0
19,65,0
19,66,0
19,67,0
19,68,0
19,69,0
19,70,0
19,71,0
19,72,0
19,73,0
19,74,0
19,75,0
19,76,0
19,77,0
19,78,0
19,79,0
19,80,0
19,81,0
19,82,0
19,83,0
19,84,0
19,85,0
19,86,0
19,87,0
19,88,0
19,89,0
19,90,0
19,91,0
19,92,0
19,93,0
19,94,0
19,95,0
19,96,0
19,97,0
19,98,0
19,99,0
20,0,0
20,1,5.2871e-05
20,2,0.000210164
20,3,0.000688503
20,4,0.00194197
20,5,0.0047704
20,6,0.0103718
20,7,0.0203657
20,8,0.0367402
20,9,0.0612884
20,10,0.094208
20,11,0.132838
20,12,0.171903
20,13,0.204753
20,14,0.22503
20,15,0.229411
20,16,0.219275
20,17,0.199182
20,18,0.174717
20,19,0.150784
20,20,0.130203
20,21,0.113962
20,22,0.102098
20,23,0.0940141
20,24,0.0893177
20,25,0.087756
20,26,0.0893177
20,27,0.0940141
20,28,0.102098
20,29,0.113962
20,30,0.130203
20,31,0.150784
20,32,0.174717
20,33,0.199182
20,34,0.219275
20,35,0.229411
20,36,0.22503
20,37,0.204753
20,38,0.171903
20,39,0.132838
20,40,0.094208
20,41,0.0612884
20,42,0.0367402
20,43,0.0203657
20,44,0.0103718
20,45,0.0047704
20,46,0.00194198
20,47,0.000688559
20,48,0.000210558
20,49,5.5263e-05
20,50,1.24256e-05
20,51,2.392e-06
20,52,3.94055e-07
20,53,5.54897e-08
20,54,6.6637e-09
20,55,6.79724e-10
20,56,5.85323e-11
20,57,4.21718e-12
20,58,2.51022e-13
20,59,1.21251e-14
20,60,4.6317e-16
20,61,1.34605e-17
20,62,2.79526e-19
20,63,3.69313e-21
20,64,2.33179e-23
20,65,0
20,66,0
20,67,0
20,68,0
20,69,0
20,70,0
20,71,0
20,72,0
20,73,0
20,74,0
20,75,0
20,76,0
20,77,0
20,78,0
20,79,0
20,80,0
20,81,0
20,82,0
20,83,0
20,84,0
20,85,0
20,86,0
20,87,0
20,88,0
20,89,0
20,90,0
20,91,0
20,92,0
20,93,0
20,94,0
20,95,0
20,96,0
20,97,0
20,98,0
20,99,0
21,0,0
21,1,7.35628e-05
21,2,0.000281694
21,3,0.000889783
21,4,0.00243133
21,5,0.00581825
21,6,0.0123924
21,7,0.0239406
21,8,0.0425528
21,9,0.0698309
21,10,0.105323
21,11,0.145463
21,12,0.184103
21,13,0.213863
21,14,0.228504
21,15,0.226275
21,16,0.210086
21,17,0.185311
21,18,0.158464
21,19,0.134016
21,20,0.113962
21,21,0.0988848
21,22,0.0878691
21,23,0.0804117
21,24,0.0758062
21,25,0.0742954
21,26,0.0758062
21,27,0.0804117
21,28,0.0878689
21,29,0.0988848
21,30,0.113962
21,31,0.134016
21,32,0.158464
21,33,0.185311
21,34,0.210086
21,35,0.226275
21,36,0.228503
21,37,0.213863
21,38,0.184103
21,39,0.145463
21,40,0.105323
21,41,0.0698309
21,42,0.0425528
21,43,0.0239406
21,44,0.0123924
21,45,0.00581825
21,46,0.00243134
21,47,0.000889879
21,48,0.000282337
21,49,7.72487e-05
21,50,1.81912e-05
21,51,3.68584e-06
21,52,6.42655e-07
21,53,9.64082e-08
21,54,1.24313e-08
21,55,1.37473e-09
21,56,1.29878e-10
21,57,1.04198e-11
21,58,7.03665e-13
21,59,3.94989e-14
21,60,1.81028e-15
21,61,6.60092e-17
21,62,1.84188e-18
21,63,3.69283e-20
21,64,4.73478e-22
21,65,2.91473e-24
21,66,0
21,67,0
21,68,0
21,69,0
21,70,0
21,71,0
21,72,0
21,73,0
21,74,0
21,75,0
21,76,0
21,77,0
21,78,0
21,79,0
21,80,0
21,81,0
21,82,0
21,83,0
21,84,0
21,85,0
21,86,0
21,87,0
21,88,0
21,89,0
21,90,0
21,91,0
21,92,0
21,93,0
21,94,0
21,95,0
21,96,0
21,97,0
21,98,0
21,99,0
22,0,0
22,1,9.41954e-05
22,2,0.000350959
22,3,0.00107914
22,4,0.00288069
22,5,0.00676261
22,6,0.014187
22,7,0.027068
22,8,0.0475379
22,9,0.076981
22,10,0.114377
22,11,0.155347
22,12,0.192949
22,13,0.219553
22,14,0.229543
22,15,0.222044
22,16,0.201069
22,17,0.173371
22,18,0.145405
22,19,0.121115
22,20,0.102098
22,21,0.087869
22,22,0.077467
22,23,0.0698885
22,24,0.0648522
22,25,0.0628628
22,26,0.0648521
22,27,0.0698885
22,28,0.077467
22,29,0.087869
22,30,0.102098
22,31,0.121115
22,32,0.145405
22,33,0.173371
22,34,0.201069
22,35,0.222044
22,36,0.229543
22,37,0.219553
22,38,0.192949
22,39,0.155347
22,40,0.114377
22,41,0.076981
22,42,0.0475379
22,43,0.027068
22,44,0.014187
22,45,0.00676262
22,46,0.00288071
22,47,0.00107929
22,48,0.000351885
22,49,9.92872e-05
22,50,2.41956e-05
22,51,5.09177e-06
22,52,9.25823e-07
22,53,1.45522e-07
22,54,1.97718e-08
22,55,2.31991e-09
22,56,2.34572e-10
22,57,2.0364e-11
22,58,1.50925e-12
22,59,9.46963e-14
22,60,4.96979e-15
22,61,2.14398e-16
22,62,7.41167e-18
22,63,1.97525e-19
22,64,3.81053e-21
22,65,4.73478e-23
22,66,2.84364e-25
22,67,0
22,68,0
22,69,0
22,70,0
22,71,0
22,72,0
22,73,0
22,74,0
22,75,0
22,76,0
22,77,0
22,78,0
22,79,0
22,80,0
22,81,0
22,82,0
22,83,0
22,84,0
22,85,0
22,86,0
22,87,0
22,88,0
22,89,0
22,90,0
22,91,0
22,92,0
22,93,0
22,94,0
22,95,0
22,96,0
22,97,0
22,98,0
22,99,0
23,0,0
23,1,0.000111839
23,2,0.00040897
23,3,0.00123453
23,4,0.00324322
23,5,0.00751419
23,6,0.0155985
23,7,0.0294991
23,8,0.0513609
23,9,0.0823631
23,10,0.120997
23,11,0.1623
23,12,0.19892
23,13,0.223011
23,14,0.229183
23,15,0.217732
23,16,0.193862
23,17,0.164437
23,18,0.136069
23,19,0.112362
23,20,0.0940141
23,21,0.0804117
23,22,0.0698886
23,23,0.0614895
23,24,0.0547288
23,25,0.0511326
23,26,0.0547288
23,27,0.0614895
23,28,0.0698885
23,29,0.0804117
23,30,0.0940142
23,31,0.112362
23,32,0.136069
23,33,0.164437
23,34,0.193862
23,35,0.217732
23,36,0.229183
23,37,0.223011
23,38,0.19892
23,39,0.1623
23,40,0.120997
23,41,0.0823631
23,42,0.0513609
23,43,0.0294991
23,44,0.0155985
23,45,0.00751419
23,46,0.00324325
23,47,0.00123472
23,48,0.000410163
23,49,0.00011821
23,50,2.94946e-05
23,51,6.37082e-06
23,52,1.19224e-06
23,53,1.93485e-07
23,54,2.72452e-08
23,55,3.32845e-09
23,56,3.52415e-10
23,57,3.22695e-11
23,58,2.54633e-12
23,59,1.72229e-13
23,60,9.90872e-15
23,61,4.79541e-16
23,62,1.92095e-17
23,63,6.21759e-19
23,64,1.56641e-20
23,65,2.88683e-22
23,66,3.46447e-24
23,67,2.03117e-26
23,68,0
23,69,0
23,70,0
23,71,0
23,72,0
23,73,0
23,74,0
23,75,0
23,76,0
23,77,0
23,78,0
23,79,0
23,80,0
23,81,0
23,82,0
23,83,0
23,84,0
23,85,0
23,86,0
23,87,0
23,88,0
23,89,0
23,90,0
23,91,0
23,92,0
23,93,0
23,94,0
23,95,0
23,96,0
23,97,0
23,98,0
23,99,0
24,0,0
24,1,0.000123741
24,2,0.000447589
24,3,0.00133661
24,4,0.00347873
24,5,0.00799814
24,6,0.0165012
24,7,0.0310416
24,8,0.0537572
24,9,0.0856855
24,10,0.125035
24,11,0.166479
24,12,0.202289
24,13,0.224597
24,14,0.228583
24,15,0.21498
24,16,0.189226
24,17,0.158923
24,18,0.130527
24,19,0.107097
24,20,0.0893177
24,21,0.0758062
24,22,0.0648521
24,23,0.0547287
24,24,0.0441382
24,25,0.034514
24,26,0.0441383
24,27,0.0547287
24,28,0.0648522
24,29,0.0758062
24,30,0.0893178
24,31,0.107097
24,32,0.130527
24,33,0.158923
24,34,0.189226
24,35,0.21498
24,36,0.228583
24,37,0.224597
24,38,0.202289
24,39,0.166479
24,40,0.125035
24,41,0.0856855
24,42,0.0537572
24,43,0.0310416
24,44,0.0165012
24,45,0.00799815
24,46,0.00347876
24,47,0.00133684
24,48,0.000448973
24,49,0.00013101
24,50,3.31428e-05
24,51,7.26888e-06
24,52,1.3834e-06
24,53,2.28735e-07
24,54,3.2886e-08
24,55,4.11276e-09
24,56,4.47229e-10
24,57,4.22308e-11
24,58,3.45454e-12
24,59,2.43897e-13
24,60,1.47841e-14
24,61,7.63815e-16
24,62,3.32992e-17
24,63,1.20772e-18
24,64,3.56808e-20
24,65,8.30378e-22
24,66,1.43655e-23
24,67,1.64975e-25
24,68,9.44732e-28
24,69,0
24,70,0
24,71,0
24,72,0
24,73,0
24,74,0
24,75,0
24,76,0
24,77,0
24,78,0
24,79,0
24,80,0
24,81,0
24,82,0
24,83,0
24,84,0
24,85,0
24,86,0
24,87,0
24,88,0
24,89,0
24,90,0
24,91,0
24,92,0
24,93,0
24,94,0
24,95,0
24,96,0
24,97,0
24,98,0
24,99,0
25,0,0
25,1,0.000127944
25,2,0.000461137
25,3,0.0013722
25,4,0.00356042
25,5,0.00816531
25,6,0.0168114
25,7,0.0315689
25,8,0.0545753
25,9,0.086818
25,10,0.126383
25,11,0.167818
25,12,0.203391
25,13,0.225203
25,14,0.228309
25,15,0.213797
25,16,0.187633
25,17,0.1571
25,18,0.128666
25,19,0.105494
25,20,0.0877561
25,21,0.0742953
25,22,0.0628628
25,23,0.0511324
25,24,0.0345142
25,25,0.000169857
25,26,0.0345143
25,27,0.0511325
25,28,0.0628627
25,29,0.0742953
25,30,0.087756
25,31,0.105494
25,32,0.128666
25,33,0.1571
25,34,0.187633
25,35,0.213797
25,36,0.228309
25,37,0.225203
25,38,0.203391
25,39,0.167818
25,40,0.126383
25,41,0.086818
25,42,0.0545753
25,43,0.0315689
25,44,0.0168114
25,45,0.00816531
25,46,0.00356045
25,47,0.00137244
25,48,0.00046259
25,49,0.000135536
25,50,3.44443e-05
25,51,7.59233e-06
25,52,1.45298e-06
25,53,2.41718e-07
25,54,3.49909e-08
25,55,4.40974e-09
25,56,4.83722e-10
25,57,4.61374e-11
25,58,3.81866e-12
25,59,2.73398e-13
25,60,1.68554e-14
25,61,8.89284e-16
25,62,3.98205e-17
25,63,1.49711e-18
25,64,4.66101e-20
25,65,1.18034e-21
25,66,2.37136e-23
25,67,3.62325e-25
25,68,3.83662e-27
25,69,2.14712e-29
25,70,0
25,71,0
25,72,0
25,73,0
25,74,0
25,75,0
25,76,0
25,77,0
25,78,0
25,79,0
25,80,0
25,81,0
25,82,0
25,83,0
25,84,0
25,85,0
25,86,0
25,87,0
25,88,0
25,89,0
25,90,0
25,91,0
25,92,0
25,93,0
25,94,0
25,95,0
25,96,0
25,97,0
25,98,0
25,99,0
26,0,0
26,1,0.000123741
26,2,0.000447589
26,3,0.00133661
26,4,0.00347873
26,5,0.00799814
26,6,0.0165012
26,7,0.0310416
26,8,0.0537572
26,9,0.0856855
26,10,0.125035
26,11,0.166479
26,12,0.202289
26,13,0.224597
26,14,0.228583
26,15,0.21498
26,16,0.189226
26,17,0.158923
26,18,0.130527
26,19,0.107097
26,20,0.0893177
26,21,0.0758062
26,22,0.0648521
26,23,0.0547287
26,24,0.0441382
26,25,0.034514
26,26,0.0441383
26,27,0.0547287
26,28,0.0648522
26,29,0.0758062
26,30,0.0893178
26,31,0.107097
26,32,0.130527
26,33,0.158923
26,34,0.189226
26,35,0.21498
26,36,0.228583
26,37,0.224597
26,38,0.202289
26,39,0.166479
26,40,0.125035
26,41,0.0856855
26,42,0.0537572
26,43,0.0310416
26,44,0.0165012
26,45,0.00799815
26,46,0.00347876
26,47,0.00133684
26,48,0.000448973
26,49,0.00013101
26,50,3.31428e-05
26,51,7.26888e-06
26,52,1.3834e-06
26,53,2.28735e-07
26,54,3.2886e-08
26,55,4.11276e-09
26,56,4.47229e-10
26,57,4.22308e-11
26,58,3.45454e-12
26,59,2.43897e-13
26,60,1.47841e-14
26,61,7.63815e-16
26,62,3.32992e-17
26,63,1.20772e-18
26,64,3.56808e-20
26,65,8.30378e-22
26,66,1.43655e-23
26,67,1.64975e-25
26,68,9.44732e-28
26,69,0
26,70,0
26,71,0
26,72,0
26,73,0
26,74,0
26,75,0
26,76,0
26,77,0
26,78,0
26,79,0
26,80,0
26,81,0
26,82,0
26,83,0
26,84,0
26,85,0
26,86,0
26,87,0
26,88,0
26,89,0
26,90,0
26,91,0
26,92,0
26,93,0
26,94,0
26,95,0
26,96,0
26,97,0
26,98,0
26,99,0
27,0,0
27,1,0.000111839
27,2,0.00040897
27,3,0.00123453
27,4,0.00324322
27,5,0.00751419
27,6,0.0155985
27,7,0.0294991
27,8,0.0513609
27,9,0.0823631
27,10,0.120997
27,11,0.1623
27,12,0.19892
27,13,0.223011
27,14,0.229183
27,15,0.217732
27,16,0.193862
27,17,0.164437
27,18,0.136069
27,19,0.112362
27,20,0.0940141
27,21,0.0804117
27,22,0.0698886
27,23,0.0614895
27,24,0.0547288
27,25,0.0511326
27,26,0.0547288
27,27,0.0614895
27,28,0.0698885
27,29,0.0804117
27,30,0.0940142
27,31,0.112362
27,32,0.136069
27,33,0.164437
27,34,0.193862
27,35,0.217732
27,36,0.229183
27,37,0.223011
27,38,0.19892
27,39,0.1623
27,40,0.120997
27,41,0.0823631
27,42,0.0513609
27,43,0.0294991
27,44,0.0155985
27,45,0.00751419
27,46,0.00324325
27,47,0.00123472
27,48,0.000410163
27,49,0.00011821
27,50,2.94946e-05
27,51,6.37082e-06
27,52,1.19224e-06
27,53,1.93485e-07
27,54,2.72452e-08
27,55,3.32845e-09
27,56,3.52415e-10
27,57,3.22695e-11
27,58,2.54633e-12
27,59,1.72229e-13
27,60,9.90872e-15
27,61,4.79541e-16
27,62,1.92095e-17
27,63,6.21759e-19
27,64,1.56641e-20
27,65,2.88683e-22
27,66,3.46447e-24
27,67,2.03117e-26
27,68,0
27,69,0
27,70,0
27,71,0
27,72,0
27,73,0
27,74,0
27,75,0
27,76,0
27,77,0
27,78,0
27,79,0
27,80,0
27,81,0
27,82,0
27,83,0
27,84,0
27,85,0
27,86,0
27,87,0
27,88,0
27,89,0
27,90,0
27,91,0
27,92,0
27,93,0
27,94,0
27,95,0
27,96,0
27,97,0
27,98,0
27,99,0
28,0,0
28,1,9.41954e-05
28,2,0.000350959
28,3,0.00107914
28,4,0.00288069
28,5,0.00676261
28,6,0.014187
28,7,0.027068
28,8,0.0475379
28,9,0.076981
28,10,0.114377
28,11,0.155347
28,12,0.192949
28,13,0.219553
28,14,0.229543
28,15,0.222044
28,16,0.201069
28,17,0.173371
28,18,0.145405
28,19,0.121115
28,20,0.102098
28,21,0.087869
28,22,0.077467
28,23,0.0698885
28,24,0.0648522
28,25,0.0628628
28,26,0.0648521
28,27,0.0698885
28,28,0.077467
28,29,0.087869
28,30,0.102098
28,31,0.121115
28,32,0.145405
28,33,0.173371
28,34,0.201069
28,35,0.222044
28,36,0.229543
28,37,0.219553
28,38,0.192949
28,39,0.155347
28,40,0.114377
28,41,0.076981
28,42,0.0475379
28,43,0.027068
28,44,0.014187
28,45,0.00676262
28,46,0.00288071
28,47,0.00107929
28,48,0.000351885
28,49,9.92872e-05
28,50,2.41956e-05
28,51,5.09177e-06
28,52,9.25823e-07
28,53,1.45522e-07
28,54,1.97718e-08
28,55,2.31991e-09
28,56,2.34572e-10
28,57,2.0364e-11
28,58,1.50925e-12
28,59,9.46963e-14
28,60,4.96979e-15
28,61,2.14398e-16
28,62,7.41167e-18
28,63,1.97525e-19
28,64,3.81053e-21
28,65,4.73478e-23
28,66,2.84364e-25
28,67,0
28,68,0
28,69,0
28,70,0
28,71,0
28,72,0
28,73,0
28,74,0
28,75,0
28,76,0
28,77,0
28,78,0
28,79,0
28,80,0
28,81,0
28,82,0
28,83,0
28,84,0
28,85,0
28,86,0
28,87,0
28,88,0
28,89,0
28,90,0
28,91,0
28,92,0
28,93,0
28,94,0
28,95,0
28,96,0
28,97,0
28,98,0
28,99,0
29,0,0
29,1,7.35628e-05
29,2,0.000281694
29,3,0.000889783
29,4,0.00243133
29,5,0.00581825
29,6,0.0123924
29,7,0.0239406
29,8,0.0425528
29,9,0.0698309
29,10,0.105323
29,11,0.145463
29,12,0.184103
29,13,0.213863
29,14,0.228504
29,15,0.226275
29,16,0.210086
29,17,0.185311
29,18,0.158464
29,19,0.134016
29,20,0.113962
29,21,0.0988848
29,22,0.0878691
29,23,0.0804117
29,24,0.0758062
29,25,0.0742954
29,26,0.0758062
29,27,0.0804117
29,28,0.0878689
29,29,0.0988848
29,30,0.113962
29,31,0.134016
29,32,0.158464
29,33,0.185311
29,34,0.210086
29,35,0.226275
29,36,0.228503
29,37,0.213863
29,38,0.184103
29,39,0.145463
29,40,0.105323
29,41,0.0698309
29,42,0.0425528
29,43,0.0239406
29,44,0.0123924
29,45,0.00581825
29,46,0.00243134
29,47,0.000889879
29,48,0.000282337
29,49,7.72487e-05
29,50,1.81912e-05
29,51,3.68584e-06
29,52,6.42655e-07
29,53,9.64082e-08
29,54,1.24313e-08
29,55,1.37473e-09
29,56,1.29878e-10
29,57,1.04198e-11
29,58,7.03665e-13
29,59,3.94989e-14
29,60,1.81028e-15
29,61,6.60092e-17
29,62,1.84188e-18
29,63,3.69283e-20
29,64,4.73478e-22
29,65,2.91473e-24
29,66,0
29,67,0
29,68,0
29,69,0
29,70,0
29,71,0
29,72,0
29,73,0
29,74,0
29,75,0
29,76,0
29,77,0
29,78,0
29,79,0
29,80,0
29,81,0
29,82,0
29,83,0
29,84,0
29,85,0
29,86,0
29,87,0
29,88,0
29,89,0
29,90,0
29,91,0
29,92,0
29,93,0
29,94,0
29,95,0
29,96,0
29,97,0
29,98,0
29,99,0
30,0,0
30,1,5.2871e-05
30,2,0.000210164
30,3,0.000688503
30,4,0.00194197
30,5,0.0047704
30,6,0.0103718
30,7,0.0203657
30,8,0.0367402
30,9,0.0612884
30,10,0.094208
30,11,0.132838
30,12,0.171903
30,13,0.204753
30,14,0.22503
30,15,0.229411
30,16,0.219275
30,17,0.199182
30,18,0.174717
30,19,0.150784
30,20,0.130203
30,21,0.113962
30,22,0.102098
30,23,0.0940141
30,24,0.0893177
30,25,0.087756
30,26,0.0893177
30,27,0.0940141
30,28,0.102098
30,29,0.113962
30,30,0.130203
30,31,0.150784
30,32,0.174717
30,33,0.199182
30,34,0.219275
30,35,0.229411
30,36,0.22503
30,37,0.204753
30,38,0.171903
30,39,0.132838
30,40,0.094208
30,41,0.0612884
30,42,0.0367402
30,43,0.0203657
30,44,0.0103718
30,45,0.0047704
30,46,0.00194198
30,47,0.000688559
30,48,0.000210558
30,49,5.5263e-05
30,50,1.24256e-05
30,51,2.392e-06
30,52,3.94055e-07
30,53,5.54897e-08
30,54,6.6637e-09
30,55,6.79724e-10
30,56,5.85323e-11
30,57,4.21718e-12
30,58,2.51022e-13
30,59,1.21251e-14
30,60,4.6317e-16
30,61,1.34605e-17
30,62,2.79526e-19
30,63,3.69313e-21
30,64,2.33179e-23
30,65,0
30,66,0
30,67,0
30,68,0
30,69,0
30,70,0
30,71,0
30,72,0
30,73,0
30,74,0
30,75,0
30,76,0
30,77,0
30,78,0
30,79,0
30,80,0
30,81,0
30,82,0
30,83,0
30,84,0
30,85,0
30,86,0
30,87,0
30,88,0
30,89,0
30,90,0
30,91,0
30,92,0
30,93,0
30,94,0
30,95,0
30,96,0
30,97,0
30,98,0
30,99,0
31,0,0
31,1,3.4599e-05
31,2,0.000144454
31,3,0.000496348
31,4,0.00145947
31,5,0.0037108
31,6,0.00828839
31,7,0.016616
31,8,0.0305167
31,9,0.0518722
31,10,0.0814734
31,11,0.117715
31,12,0.156443
31,13,0.191727
31,14,0.217295
31,15,0.229152
31,16,0.226881
31,17,0.21316
31,18,0.193035
31,19,0.171111
31,20,0.150784
31,21,0.134016
31,22,0.121115
31,23,0.112362
31,24,0.107097
31,25,0.105494
31,26,0.107097
31,27,0.112362
31,28,0.121115
31,29,0.134016
31,30,0.150784
31,31,0.171111
31,32,0.193035
31,33,0.21316
31,34,0.226881
31,35,0.229152
31,36,0.217295
31,37,0.191727
31,38,0.156443
31,39,0.117715
31,40,0.0814734
31,41,0.0518722
31,42,0.0305167
31,43,0.016616
31,44,0.00828839
31,45,0.0037108
31,46,0.00145947
31,47,0.000496375
31,48,0.000144664
31,49,3.59711e-05
31,50,7.61697e-06
31,51,1.37208e-06
31,52,2.09969e-07
31,53,2.72312e-08
31,54,2.98128e-09
31,55,2.73868e-10
31,56,2.09254e-11
31,57,1.3134e-12
31,58,6.6536e-14
31,59,2.65209e-15
31,60,8.00445e-17
31,61,1.71882e-18
31,62,2.33898e-20
31,63,1.51566e-22
31,64,0
31,65,0
31,66,0
31,67,0
31,68,0
31,69,0
31,70,0
31,71,0
31,72,0
31,73,0
31,74,0
31,75,2.14712e-29
31,76,0
31,77,0
31,78,0
31,79,0
31,80,0
31,81,0
31,82,0
31,83,0
31,84,0
31,85,0
31,86,0
31,87,0
31,88,0
31,89,0
31,90,0
31,91,0
31,92,0
31,93,0
31,94,0
31,95,0
31,96,0
31,97,0
31,98,0
31,99,0
32,0,0
32,1,2.03187e-05
32,2,9.03574e-05
32,3,0.000329963
32,4,0.00102357
32,5,0.00272173
32,6,0.00629643
32,7,0.0129563
32,8,0.0242969
32,9,0.0421796
32,10,0.0678709
32,11,0.100708
32,12,0.137744
32,13,0.174327
32,14,0.204616
