0,0,0
0,1,0
0,2,0
0,3,0
0,4,0
0,5,0
0,6,0
0,7,0
0,8,0
0,9,0
0,10,0
0,11,0
0,12,0
0,13,0
0,14,0
0,15,0
0,16,0
0,17,0
0,18,0
0,19,0
0,20,0
0,21,0
0,22,0
0,23,0
0,24,0
0,25,0
0,26,0
0,27,0
0,28,0
0,29,0
0,30,0
0,31,0
0,32,0
0,33,0
0,34,0
0,35,0
0,36,0
0,37,0
0,38,0
0,39,0
0,40,0
0,41,0
0,42,0
0,43,0
0,44,0
0,45,0
0,46,0
0,47,0
0,48,0
0,49,0
0,50,0
0,51,0
0,52,0
0,53,0
0,54,0
0,55,0
0,56,0
0,57,0
0,58,0
0,59,0
0,60,0
0,61,0
0,62,0
0,63,0
0,64,0
0,65,0
0,66,0
0,67,0
0,68,0
0,69,0
0,70,0
0,71,0
0,72,0
0,73,0
0,74,0
0,75,0
0,76,0
0,77,0
0,78,0
0,79,0
0,80,0
0,81,0
0,82,0
0,83,0
0,84,0
0,85,0
0,86,0
0,87,0
0,88,0
0,89,0
0,90,0
0,91,0
0,92,0
0,93,0
0,94,0
0,95,0
0,96,0
0,97,0
0,98,0
0,99,0
1,0,0
1,1,0
1,2,0
1,3,0
1,4,0
1,5,0
1,6,0
1,7,0
1,8,0
1,9,0
1,10,5.52759e-16
1,11,3.37368e-14
1,12,9.28012e-13
1,13,1.52381e-11
1,14,1.66899e-10
1,15,1.29241e-09
1,16,7.334e-09
1,17,3.13056e-08
1,18,1.02923e-07
1,19,2.6745e-07
1,20,5.65771e-07
1,21,1.00411e-06
1,22,1.53318e-06
1,23,2.05038e-06
1,24,2.43027e-06
1,25,2.5701e-06
1,26,2.43027e-06
1,27,2.05038e-06
1,28,1.53318e-06
1,29,1.00411e-06
1,30,5.65771e-07
1,31,2.6745e-07
1,32,1.02923e-07
1,33,3.13056e-08
1,34,7.334e-09
1,35,1.29241e-09
1,36,1.66899e-10
1,37,1.52381e-11
1,38,9.28012e-13
1,39,3.37368e-14
1,40,5.52759e-16
1,41,0
1,42,0
1,43,0
1,44,0
1,45,0
1,46,0
1,47,0
1,48,0
1,49,0
1,50,0
1,51,0
1,52,0
1,53,0
1,54,0
1,55,0
1,56,0
1,57,0
1,58,0
1,59,0
1,60,0
1,61,0
1,62,0
1,63,0
1,64,0
1,65,0
1,66,0
1,67,0
1,68,0
1,69,0
1,70,0
1,71,0
1,72,0
1,73,0
1,74,0
1,75,0
1,76,0
1,77,0
1,78,0
1,79,0
1,80,0
1,81,0
1,82,0
1,83,0
1,84,0
1,85,0
1,86,0
1,87,0
1,88,0
1,89,0
1,90,0
1,91,0
1,92,0
1,93,0
1,94,0
1,95,0
1,96,0
1,97,0
1,98,0
1,99,0
2,0,0
2,1,0
2,2,0
2,3,0
2,4,0
2,5,0
2,6,0
2,7,0
2,8,0
2,9,8.29138e-16
2,10,5.39789e-14
2,11,1.59057e-12
2,12,2.81059e-11
2,13,3.3287e-10
2,14,2.80065e-09
2,15,1.7343e-08
2,16,8.10412e-08
2,17,2.91968e-07
2,18,8.29803e-07
2,19,1.91159e-06
2,20,3.67832e-06
2,21,6.07941e-06
2,22,8.81657e-06
2,23,1.13874e-05
2,24,1.32288e-05
2,25,1.38981e-05
2,26,1.32288e-05
2,27,1.13874e-05
2,28,8.81657e-06
2,29,6.07942e-06
2,30,3.67832e-06
2,31,1.91158e-06
2,32,8.29803e-07
2,33,2.91968e-07
2,34,8.10412e-08
2,35,1.7343e-08
2,36,2.80065e-09
2,37,3.3287e-10
2,38,2.81059e-11
2,39,1.59057e-12
2,40,5.39789e-14
2,41,8.29138e-16
2,42,0
2,43,0
2,44,0
2,45,0
2,46,0
2,47,0
2,48,0
2,49,0
2,50,0
2,51,0
2,52,0
2,53,0
2,54,0
2,55,0
2,56,0
2,57,0
2,58,0
2,59,0
2,60,0
2,61,0
2,62,0
2,63,0
2,64,0
2,65,0
2,66,0
2,67,0
2,68,0
2,69,0
2,70,0
2,71,0
2,72,0
2,73,0
2,74,0
2,75,0
2,76,0
2,77,0
2,78,0
2,79,0
2,80,0
2,81,0
2,82,0
2,83,0
2,84,0
2,85,0
2,86,0
2,87,0
2,88,0
2,89,0
2,90,0
2,91,0
2,92,0
2,93,0
2,94,0
2,95,0
2,96,0
2,97,0
2,98,0
2,99,0
3,0,0
3,1,0
3,2,0
3,3,0
3,4,0
3,5,0
3,6,0
3,7,0
3,8,1.12178e-15
3,9,7.75947e-14
3,10,2.43815e-12
3,11,4.6119e-11
3,12,5.87039e-10
3,13,5.3293e-09
3,14,3.5734e-08
3,15,1.81251e-07
3,16,7.09206e-07
3,17,2.18434e-06
3,18,5.42611e-06
3,19,1.11923e-05
3,20,1.97527e-05
3,21,3.05807e-05
3,22,4.22831e-05
3,23,5.28715e-05
3,24,6.02756e-05
3,25,6.2936e-05
3,26,6.02756e-05
3,27,5.28715e-05
3,28,4.22831e-05
3,29,3.05807e-05
3,30,1.97527e-05
3,31,1.11923e-05
3,32,5.42611e-06
3,33,2.18434e-06
3,34,7.09206e-07
3,35,1.81251e-07
3,36,3.5734e-08
3,37,5.3293e-09
3,38,5.87039e-10
3,39,4.6119e-11
3,40,2.43815e-12
3,41,7.75947e-14
3,42,1.12178e-15
3,43,0
3,44,0
3,45,0
3,46,0
3,47,0
3,48,0
3,49,0
3,50,0
3,51,0
3,52,0
3,53,0
3,54,0
3,55,0
3,56,0
3,57,0
3,58,0
3,59,0
3,60,0
3,61,0
3,62,0
3,63,0
3,64,0
3,65,0
3,66,0
3,67,0
3,68,0
3,69,0
3,70,0
3,71,0
3,72,0
3,73,0
3,74,0
3,75,0
3,76,0
3,77,0
3,78,0
3,79,0
3,80,0
3,81,0
3,82,0
3,83,0
3,84,0
3,85,0
3,86,0
3,87,0
3,88,0
3,89,0
3,90,0
3,91,0
3,92,0
3,93,0
3,94,0
3,95,0
3,96,0
3,97,0
3,98,0
3,99,0
4,0,0
4,1,0
4,2,0
4,3,0
4,4,0
4,5,0
4,6,0
4,7,1.37106e-15
4,8,1.00417e-13
4,9,3.35174e-12
4,10,6.75814e-11
4,11,9.20248e-10
4,12,8.96887e-09
4,13,6.4769e-08
4,14,3.54645e-07
4,15,1.49898e-06
4,16,4.97747e-06
4,17,1.32635e-05
4,18,2.91406e-05
4,19,5.44427e-05
4,20,8.89887e-05
4,21,0.00013
4,22,0.000172288
4,23,0.000209313
4,24,0.000234657
4,25,0.000243675
4,26,0.000234657
4,27,0.000209313
4,28,0.000172288
4,29,0.00013
4,30,8.89887e-05
4,31,5.44427e-05
4,32,2.91406e-05
4,33,1.32635e-05
4,34,4.97747e-06
4,35,1.49898e-06
4,36,3.54645e-07
4,37,6.47689e-08
4,38,8.96887e-09
4,39,9.20248e-10
4,40,6.75814e-11
4,41,3.35175e-12
4,42,1.00417e-13
4,43,1.37106e-15
4,44,0
4,45,0
4,46,0
4,47,0
4,48,0
4,49,0
4,50,0
4,51,0
4,52,0
4,53,0
4,54,0
4,55,0
4,56,0
4,57,0
4,58,0
4,59,0
4,60,0
4,61,0
4,62,0
4,63,0
4,64,0
4,65,0
4,66,0
4,67,0
4,68,0
4,69,0
4,70,0
4,71,0
4,72,0
4,73,0
4,74,0
4,75,0
4,76,0
4,77,0
4,78,0
4,79,0
4,80,0
4,81,0
4,82,0
4,83,0
4,84,0
4,85,0
4,86,0
4,87,0
4,88,0
4,89,0
4,90,0
4,91,0
4,92,0
4,93,0
4,94,0
4,95,0
4,96,0
4,97,0
4,98,0
4,99,0
5,0,0
5,1,0
5,2,0
5,3,0
5,4,0
5,5,0
5,6,1.51538e-15
5,7,1.17153e-13
5,8,4.13982e-12
5,9,8.86464e-11
5,10,1.28609e-09
5,11,1.33981e-08
5,12,1.03727e-07
5,13,6.10262e-07
5,14,2.77378e-06
5,15,9.88918e-06
5,16,2.81597e-05
5,17,6.56127e-05
5,18,0.000128964
5,19,0.000220661
5,20,0.000337094
5,21,0.000467904
5,22,0.000597477
5,23,0.000707746
5,24,0.000781876
5,25,0.000808026
5,26,0.000781876
5,27,0.000707746
5,28,0.000597477
5,29,0.000467904
5,30,0.000337094
5,31,0.000220661
5,32,0.000128964
5,33,6.56127e-05
5,34,2.81597e-05
5,35,9.88918e-06
5,36,2.77378e-06
5,37,6.10262e-07
5,38,1.03727e-07
5,39,1.33981e-08
5,40,1.28609e-09
5,41,8.86464e-11
5,42,4.13982e-12
5,43,1.17153e-13
5,44,1.51538e-15
5,45,0
5,46,0
5,47,0
5,48,0
5,49,0
5,50,0
5,51,0
5,52,0
5,53,0
5,54,0
5,55,0
5,56,0
5,57,0
5,58,0
5,59,0
5,60,0
5,61,0
5,62,0
5,63,0
5,64,0
5,65,0
5,66,0
5,67,0
5,68,0
5,69,0
5,70,0
5,71,0
5,72,0
5,73,0
5,74,0
5,75,0
5,76,0
5,77,0
5,78,0
5,79,0
5,80,0
5,81,0
5,82,0
5,83,0
5,84,0
5,85,0
5,86,0
5,87,0
5,88,0
5,89,0
5,90,0
5,91,0
5,92,0
5,93,0
5,94,0
5,95,0
5,96,0
5,97,0
5,98,0
5,99,0
6,0,0
6,1,0
6,2,0
6,3,0
6,4,0
6,5,1.51538e-15
6,6,1.23319e-13
6,7,4.59949e-12
6,8,1.04252e-10
6,9,1.60579e-09
6,10,1.78135e-08
6,11,1.47265e-07
6,12,9.27221e-07
6,13,4.51485e-06
6,14,1.72254e-05
6,15,5.22708e-05
6,16,0.000128807
6,17,0.000265274
6,18,0.000472135
6,19,0.000748209
6,20,0.00107796
6,21,0.00143192
6,22,0.00177124
6,23,0.0020533
6,24,0.00224025
6,25,0.00230566
6,26,0.00224025
6,27,0.0020533
6,28,0.00177124
6,29,0.00143192
6,30,0.00107796
6,31,0.000748209
6,32,0.000472135
6,33,0.000265274
6,34,0.000128807
6,35,5.22708e-05
6,36,1.72254e-05
6,37,4.51485e-06
6,38,9.27222e-07
6,39,1.47265e-07
6,40,1.78135e-08
6,41,1.60579e-09
6,42,1.04252e-10
6,43,4.59949e-12
6,44,1.23319e-13
6,45,1.51538e-15
6,46,0
6,47,0
6,48,0
6,49,0
6,50,0
6,51,0
6,52,0
6,53,0
6,54,0
6,55,0
6,56,0
6,57,0
6,58,0
6,59,0
6,60,0
6,61,0
6,62,0
6,63,0
6,64,0
6,65,0
6,66,0
6,67,0
6,68,0
6,69,0
6,70,0
6,71,0
6,72,0
6,73,0
6,74,0
6,75,0
6,76,0
6,77,0
6,78,0
6,79,0
6,80,0
6,81,0
6,82,0
6,83,0
6,84,0
6,85,0
6,86,0
6,87,0
6,88,0
6,89,0
6,90,0
6,91,0
6,92,0
6,93,0
6,94,0
6,95,0
6,96,0
6,97,0
6,98,0
6,99,0
7,0,0
7,1,0
7,2,0
7,3,0
7,4,1.37106e-15
7,5,1.17153e-13
7,6,4.59949e-12
7,7,1.10031e-10
7,8,1.79371e-09
7,9,2.11183e-08
7,10,1.85787e-07
7,11,1.24759e-06
7,12,6.48712e-06
7,13,2.64157e-05
7,14,8.52613e-05
7,15,0.000221895
7,16,0.000477832
7,17,0.000881015
7,18,0.00143979
7,19,0.00213911
7,20,0.00293519
7,21,0.00376096
7,22,0.00453289
7,23,0.00516341
7,24,0.00557681
7,25,0.00572054
7,26,0.00557681
7,27,0.00516341
7,28,0.00453289
7,29,0.00376096
7,30,0.00293519
7,31,0.00213911
7,32,0.00143979
7,33,0.000881015
7,34,0.000477832
7,35,0.000221895
7,36,8.52613e-05
7,37,2.64157e-05
7,38,6.48712e-06
7,39,1.24759e-06
7,40,1.85787e-07
7,41,2.11183e-08
7,42,1.79371e-09
7,43,1.10031e-10
7,44,4.59949e-12
7,45,1.17153e-13
7,46,1.37106e-15
7,47,0
7,48,0
7,49,0
7,50,0
7,51,0
7,52,0
7,53,0
7,54,0
7,55,0
7,56,0
7,57,0
7,58,0
7,59,0
7,60,0
7,61,0
7,62,0
7,63,0
7,64,0
7,65,0
7,66,0
7,67,0
7,68,0
7,69,0
7,70,0
7,71,0
7,72,0
7,73,0
7,74,0
7,75,0
7,76,0
7,77,0
7,78,0
7,79,0
7,80,0
7,81,0
7,82,0
7,83,0
7,84,0
7,85,0
7,86,0
7,87,0
7,88,0
7,89,0
7,90,0
7,91,0
7,92,0
7,93,0
7,94,0
7,95,0
7,96,0
7,97,0
7,98,0
7,99,0
8,0,0
8,1,0
8,2,0
8,3,1.12178e-15
8,4,1.00417e-13
8,5,4.13982e-12
8,6,1.04252e-10
8,7,1.79371e-09
8,8,2.23483e-08
8,9,2.08599e-07
8,10,1.48959e-06
8,11,8.24898e-06
8,12,3.57754e-05
8,13,0.000122676
8,14,0.000337101
8,15,0.000758899
8,16,0.00144705
8,17,0.00242968
8,18,0.00370725
8,19,0.00523441
8,20,0.0069166
8,21,0.00862155
8,22,0.0101859
8,23,0.0114487
8,24,0.0122687
8,25,0.0125533
8,26,0.0122687
8,27,0.0114487
8,28,0.0101859
8,29,0.00862155
8,30,0.0069166
8,31,0.00523441
8,32,0.00370725
8,33,0.00242968
8,34,0.00144705
8,35,0.000758899
8,36,0.000337101
8,37,0.000122676
8,38,3.57754e-05
8,39,8.24898e-06
8,40,1.48959e-06
8,41,2.08599e-07
8,42,2.23483e-08
8,43,1.79371e-09
8,44,1.04252e-10
8,45,4.13982e-12
8,46,1.00417e-13
8,47,1.12178e-15
8,48,0
8,49,0
8,50,0
8,51,0
8,52,0
8,53,0
8,54,0
8,55,0
8,56,0
8,57,0
8,58,0
8,59,0
8,60,0
8,61,0
8,62,0
8,63,0
8,64,0
8,65,0
8,66,0
8,67,0
8,68,0
8,69,0
8,70,0
8,71,0
8,72,0
8,73,0
8,74,0
8,75,0
8,76,0
8,77,0
8,78,0
8,79,0
8,80,0
8,81,0
8,82,0
8,83,0
8,84,0
8,85,0
8,86,0
8,87,0
8,88,0
8,89,0
8,90,0
8,91,0
8,92,0
8,93,0
8,94,0
8,95,0
8,96,0
8,97,0
8,98,0
8,99,0
9,0,0
9,1,0
9,2,8.29138e-16
9,3,7.75947e-14
9,4,3.35174e-12
9,5,8.86464e-11
9,6,1.60579e-09
9,7,2.11183e-08
9,8,2.08599e-07
9,9,1.58006e-06
9,10,9.29822e-06
9,11,4.28804e-05
9,12,0.000156123
9,13,0.000453293
9,14,0.00106851
9,15,0.0021088
9,16,0.00363375
9,17,0.00568394
9,18,0.00825128
9,19,0.0112323
9,20,0.0144515
9,21,0.0176556
9,22,0.0205531
9,23,0.0228666
9,24,0.0243551
9,25,0.0248714
9,26,0.0243551
9,27,0.0228666
9,28,0.0205531
9,29,0.0176556
9,30,0.0144515
9,31,0.0112323
9,32,0.00825128
9,33,0.00568394
9,34,0.00363375
9,35,0.0021088
9,36,0.00106851
9,37,0.000453293
9,38,0.000156123
9,39,4.28804e-05
9,40,9.29822e-06
9,41,1.58006e-06
9,42,2.08599e-07
9,43,2.11183e-08
9,44,1.60579e-09
9,45,8.86464e-11
9,46,3.35175e-12
9,47,7.75947e-14
9,48,8.29138e-16
9,49,0
9,50,0
9,51,0
9,52,0
9,53,0
9,54,0
9,55,0
9,56,0
9,57,0
9,58,0
9,59,0
9,60,0
9,61,0
9,62,0
9,63,0
9,64,0
9,65,0
9,66,0
9,67,0
9,68,0
9,69,0
9,70,0
9,71,0
9,72,0
9,73,0
9,74,0
9,75,0
9,76,0
9,77,0
9,78,0
9,79,0
9,80,0
9,81,0
9,82,0
9,83,0
9,84,0
9,85,0
9,86,0
9,87,0
9,88,0
9,89,0
9,90,0
9,91,0
9,92,0
9,93,0
9,94,0
9,95,0
9,96,0
9,97,0
9,98,0
9,99,0
10,0,0
10,1,5.52759e-16
10,2,5.39789e-14
10,3,2.43815e-12
10,4,6.75814e-11
10,5,1.28609e-09
10,6,1.78135e-08
10,7,1.85787e-07
10,8,1.48959e-06
10,9,9.29822e-06
10,10,4.55433e-05
10,11,0.000176048
10,12,0.000540899
10,13,0.0013392
10,14,0.00274511
10,15,0.00486327
10,16,0.00780285
10,17,0.0116647
10,18,0.0163892
10,19,0.0217683
10,20,0.0274714
10,21,0.0330281
10,22,0.0379775
10,23,0.0418643
10,24,0.0443469
10,25,0.0451989
10,26,0.0443469
10,27,0.0418643
10,28,0.0379775
10,29,0.0330281
10,30,0.0274714
10,31,0.0217683
10,32,0.0163892
10,33,0.0116647
10,34,0.00780285
10,35,0.00486327
10,36,0.00274511
10,37,0.0013392
10,38,0.000540899
10,39,0.000176048
10,40,4.55433e-05
10,41,9.29822e-06
10,42,1.48959e-06
10,43,1.85787e-07
10,44,1.78135e-08
10,45,1.28609e-09
10,46,6.75814e-11
10,47,2.43815e-12
10,48,5.39789e-14
10,49,5.52759e-16
10,50,0
10,51,0
10,52,0
10,53,0
10,54,0
10,55,0
10,56,0
10,57,0
10,58,0
10,59,0
10,60,0
10,61,0
10,62,0
10,63,0
10,64,0
10,65,0
10,66,0
10,67,0
10,68,0
10,69,0
10,70,0
10,71,0
10,72,0
10,73,0
10,74,0
10,75,0
10,76,0
10,77,0
10,78,0
10,79,0
10,80,0
10,81,0
10,82,0
10,83,0
10,84,0
10,85,0
10,86,0
10,87,0
10,88,0
10,89,0
10,90,0
10,91,0
10,92,0
10,93,0
10,94,0
10,95,0
10,96,0
10,97,0
10,98,0
10,99,0
11,0,0
11,1,3.37368e-14
11,2,1.59057e-12
11,3,4.6119e-11
11,4,9.20248e-10
11,5,1.33981e-08
11,6,1.47265e-07
11,7,1.24759e-06
11,8,8.24898e-06
11,9,4.28804e-05
11,10,0.000176048
11,11,0.000573619
11,12,0.00149822
11,13,0.00320856
11,14,0.00587407
11,15,0.00969541
11,16,0.0149695
11,17,0.0217833
11,18,0.0299017
11,19,0.0389378
11,20,0.048231
11,21,0.0570536
11,22,0.0647339
11,23,0.070637
11,24,0.074374
11,25,0.0756321
11,26,0.074374
11,27,0.070637
11,28,0.0647339
11,29,0.0570536
11,30,0.048231
11,31,0.0389378
11,32,0.0299017
11,33,0.0217833
11,34,0.0149695
11,35,0.00969541
11,36,0.00587407
11,37,0.00320856
11,38,0.00149822
11,39,0.000573619
11,40,0.000176048
11,41,4.28804e-05
11,42,8.24898e-06
11,43,1.24759e-06
11,44,1.47265e-07
11,45,1.33981e-08
11,46,9.20248e-10
11,47,4.6119e-11
11,48,1.59057e-12
11,49,3.37368e-14
11,50,3.31655e-16
11,51,0
11,52,0
11,53,0
11,54,0
11,55,0
11,56,0
11,57,0
11,58,0
11,59,0
11,60,0
11,61,0
11,62,0
11,63,0
11,64,0
11,65,0
11,66,0
11,67,0
11,68,0
11,69,0
11,70,0
11,71,0
11,72,0
11,73,0
11,74,0
11,75,0
11,76,0
11,77,0
11,78,0
11,79,0
11,80,0
11,81,0
11,82,0
11,83,0
11,84,0
11,85,0
11,86,0
11,87,0
11,88,0
11,89,0
11,90,0
11,91,0
11,92,0
11,93,0
11,94,0
11,95,0
11,96,0
11,97,0
11,98,0
11,99,0
12,0,0
12,1,9.28012e-13
12,2,2.81059e-11
12,3,5.87039e-10
12,4,8.96887e-09
12,5,1.03727e-07
12,6,9.27222e-07
12,7,6.48712e-06
12,8,3.57754e-05
12,9,0.000156123
12,10,0.000540899
12,11,0.00149822
12,12,0.00337853
12,13,0.00644435
12,14,0.0110011
12,15,0.0175969
12,16,0.0266062
12,17,0.0377961
12,18,0.0506981
12,19,0.0645367
12,20,0.0781957
12,21,0.0907881
12,22,0.101367
12,23,0.109345
12,24,0.114278
12,25,0.115944
12,26,0.114278
12,27,0.109345
12,28,0.101367
12,29,0.0907881
12,30,0.0781957
12,31,0.0645367
12,32,0.0506981
12,33,0.0377961
12,34,0.0266062
12,35,0.0175969
12,36,0.0110011
12,37,0.00644436
12,38,0.00337853
12,39,0.00149822
12,40,0.000540899
12,41,0.000156123
12,42,3.57754e-05
12,43,6.48712e-06
12,44,9.27222e-07
12,45,1.03727e-07
12,46,8.96887e-09
12,47,5.87039e-10
12,48,2.81059e-11
12,49,9.2819e-13
12,50,1.88926e-14
12,51,1.78584e-16
12,52,0
12,53,0
12,54,0
12,55,0
12,56,0
12,57,0
12,58,0
12,59,0
12,60,0
12,61,0
12,62,0
12,63,0
12,64,0
12,65,0
12,66,0
12,67,0
12,68,0
12,69,0
12,70,0
12,71,0
12,72,0
12,73,0
12,74,0
12,75,0
12,76,0
12,77,0
12,78,0
12,79,0
12,80,0
12,81,0
12,82,0
12,83,0
12,84,0
12,85,0
12,86,0
12,87,0
12,88,0
12,89,0
12,90,0
12,91,0
12,92,0
12,93,0
12,94,0
12,95,0
12,96,0
12,97,0
12,98,0
12,99,0
13,0,0
13,1,1.52381e-11
13,2,3.3287e-10
13,3,5.3293e-09
13,4,6.4769e-08
13,5,6.10262e-07
13,6,4.51485e-06
13,7,2.64157e-05
13,8,0.000122676
13,9,0.000453293
13,10,0.0013392
13,11,0.00320856
13,12,0.00644435
13,13,0.0114663
13,14,0.0190544
13,15,0.0299821
13,16,0.0441461
13,17,0.0609327
13,18,0.0795628
13,19,0.0985158
13,20,0.116485
13,21,0.13236
13,22,0.145146
13,23,0.154562
13,24,0.160166
13,25,0.162111
13,26,0.160166
13,27,0.154562
13,28,0.145146
13,29,0.13236
13,30,0.116485
13,31,0.0985158
13,32,0.0795628
13,33,0.0609327
13,34,0.0441461
13,35,0.0299821
13,36,0.0190544
13,37,0.0114663
13,38,0.00644436
13,39,0.00320856
13,40,0.0013392
13,41,0.000453293
13,42,0.000122676
13,43,2.64157e-05
13,44,4.51485e-06
13,45,6.10262e-07
13,46,6.4769e-08
13,47,5.3293e-09
13,48,3.3287e-10
13,49,1.52475e-11
13,50,4.82898e-13
13,51,9.44631e-15
13,52,8.59847e-17
13,53,0
13,54,0
13,55,0
13,56,0
13,57,0
13,58,0
13,59,0
13,60,0
13,61,0
13,62,0
13,63,0
13,64,0
13,65,0
13,66,0
13,67,0
13,68,0
13,69,0
13,70,0
13,71,0
13,72,0
13,73,0
13,74,0
13,75,0
13,76,0
13,77,0
13,78,0
13,79,0
13,80,0
13,81,0
13,82,0
13,83,0
13,84,0
13,85,0
13,86,0
13,87,0
13,88,0
13,89,0
13,90,0
13,91,0
13,92,0
13,93,0
13,94,0
13,95,0
13,96,0
13,97,0
13,98,0
13,99,0
14,0,0
14,1,1.66899e-10
14,2,2.80065e-09
14,3,3.5734e-08
14,4,3.54645e-07
14,5,2.77378e-06
14,6,1.72254e-05
14,7,8.52613e-05
14,8,0.000337101
14,9,0.00106851
14,10,0.00274511
14,11,0.00587407
14,12,0.0110011
14,13,0.0190544
14,14,0.0312
14,15,0.047707
14,16,0.0678737
14,17,0.0909212
14,18,0.115126
14,19,0.138381
14,20,0.159421
14,21,0.176771
14,22,0.190177
14,23,0.199465
14,24,0.204869
14,25,0.206665
14,26,0.204869
14,27,0.199465
14,28,0.190177
14,29,0.176771
14,30,0.159421
14,31,0.138381
14,32,0.115126
14,33,0.0909212
14,34,0.0678737
14,35,0.047707
14,36,0.0312001
14,37,0.0190544
14,38,0.0110011
14,39,0.00587407
14,40,0.00274511
14,41,0.00106851
14,42,0.000337101
14,43,8.52613e-05
14,44,1.72254e-05
14,45,2.77378e-06
14,46,3.54645e-07
14,47,3.5734e-08
14,48,2.80065e-09
14,49,1.67122e-10
14,50,7.33317e-12
14,51,2.23015e-13
14,52,4.19836e-15
14,53,3.68506e-17
14,54,0
14,55,0
14,56,0
14,57,0
14,58,0
14,59,0
14,60,0
14,61,0
14,62,0
14,63,0
14,64,0
14,65,0
14,66,0
14,67,0
14,68,0
14,69,0
14,70,0
14,71,0
14,72,0
14,73,0
14,74,0
14,75,0
14,76,0
14,77,0
14,78,0
14,79,0
14,80,0
14,81,0
14,82,0
14,83,0
14,84,0
14,85,0
14,86,0
14,87,0
14,88,0
14,89,0
14,90,0
14,91,0
14,92,0
14,93,0
14,94,0
14,95,0
14,96,0
14,97,0
14,98,0
14,99,0
15,0,0
15,1,1.29241e-09
15,2,1.7343e-08
15,3,1.81251e-07
15,4,1.49898e-06
15,5,9.88918e-06
15,6,5.22708e-05
15,7,0.000221895
15,8,0.000758899
15,9,0.0021088
15,10,0.00486327
15,11,0.00969541
15,12,0.0175969
15,13,0.0299821
15,14,0.047707
15,15,0.0703231
15,16,0.0969635
15,17,0.125905
15,18,0.154142
15,19,0.179722
15,20,0.200944
15,21,0.21694
15,22,0.228355
15,23,0.235365
15,24,0.239373
15,25,0.240448
15,26,0.239373
15,27,0.235365
15,28,0.228355
15,29,0.21694
15,30,0.200944
15,31,0.179722
15,32,0.154142
15,33,0.125905
15,34,0.0969635
15,35,0.0703231
15,36,0.047707
15,37,0.029982
15,38,0.0175969
15,39,0.00969541
15,40,0.00486327
15,41,0.0021088
15,42,0.000758899
15,43,0.000221895
15,44,5.22708e-05
15,45,9.88918e-06
15,46,1.49898e-06
15,47,1.81251e-07
15,48,1.73431e-08
15,49,1.29552e-09
15,50,7.39184e-11
15,51,3.11017e-12
15,52,9.09288e-14
15,53,1.64936e-15
15,54,1.39778e-17
15,55,0
15,56,0
15,57,0
15,58,0
15,59,0
15,60,0
15,61,0
15,62,0
15,63,0
15,64,0
15,65,0
15,66,0
15,67,0
15,68,0
15,69,0
15,70,0
15,71,0
15,72,0
15,73,0
15,74,0
15,75,0
15,76,0
15,77,0
15,78,0
15,79,0
15,80,0
15,81,0
15,82,0
15,83,0
15,84,0
15,85,0
15,86,0
15,87,0
15,88,0
15,89,0
15,90,0
15,91,0
15,92,0
15,93,0
15,94,0
15,95,0
15,96,0
15,97,0
15,98,0
15,99,0
16,0,0
16,1,7.334e-09
16,2,8.10412e-08
16,3,7.09206e-07
16,4,4.97747e-06
16,5,2.81597e-05
16,6,0.000128807
16,7,0.000477832
16,8,0.00144705
16,9,0.00363375
16,10,0.00780285
16,11,0.0149695
16,12,0.0266062
16,13,0.0441461
16,14,0.0678737
16,15,0.0969635
16,16,0.129632
16,17,0.162394
16,18,0.192008
16,19,0.216384
16,20,0.233858
16,21,0.245297
16,22,0.251594
16,23,0.254557
16,24,0.255699
16,25,0.255895
16,26,0.255699
16,27,0.254557
16,28,0.251594
16,29,0.245297
16,30,0.233858
16,31,0.216384
16,32,0.192008
16,33,0.162394
16,34,0.129632
16,35,0.0969635
16,36,0.0678737
16,37,0.0441461
16,38,0.0266062
16,39,0.0149695
16,40,0.00780285
16,41,0.00363375
16,42,0.00144705
16,43,0.000477832
16,44,0.000128807
16,45,2.81597e-05
16,46,4.97747e-06
16,47,7.09206e-07
16,48,8.10423e-08
16,49,7.36262e-09
16,50,5.24297e-10
16,51,2.86182e-11
16,52,1.1555e-12
16,53,3.25064e-14
16,54,5.68743e-16
16,55,4.65927e-18
16,56,0
16,57,0
16,58,0
16,59,0
16,60,0
16,61,0
16,62,0
16,63,0
16,64,0
16,65,0
16,66,0
16,67,0
16,68,0
16,69,0
16,70,0
16,71,0
16,72,0
16,73,0
16,74,0
16,75,0
16,76,0
16,77,0
16,78,0
16,79,0
16,80,0
16,81,0
16,82,0
16,83,0
16,84,0
16,85,0
16,86,0
16,87,0
16,88,0
16,89,0
16,90,0
16,91,0
16,92,0
16,93,0
16,94,0
16,95,0
16,96,0
16,97,0
16,98,0
16,99,0
17,0,0
17,1,3.13056e-08
17,2,2.91968e-07
17,3,2.18434e-06
17,4,1.32635e-05
17,5,6.56127e-05
17,6,0.000265274
17,7,0.000881015
17,8,0.00242968
17,9,0.00568394
17,10,0.0116647
17,11,0.0217833
17,12,0.0377961
17,13,0.0609327
17,14,0.0909212
17,15,0.125905
17,16,0.162394
17,17,0.196078
17,18,0.223557
17,19,0.242497
17,20,0.252988
17,21,0.256847
17,22,0.256133
17,23,0.253837
17,24,0.251416
17,25,0.250642
17,26,0.251416
17,27,0.253837
17,28,0.256133
17,29,0.256847
17,30,0.252988
17,31,0.242497
17,32,0.223557
17,33,0.196078
17,34,0.162394
17,35,0.125905
17,36,0.0909212
17,37,0.0609327
17,38,0.0377961
17,39,0.0217833
17,40,0.0116647
17,41,0.00568394
17,42,0.00242968
17,43,0.000881015
17,44,0.000265274
17,45,6.56127e-05
17,46,1.32635e-05
17,47,2.18434e-06
17,48,2.91977e-07
17,49,3.14898e-08
17,50,2.71416e-09
17,51,1.84198e-10
17,52,9.61949e-12
17,53,3.72878e-13
17,54,1.01007e-14
17,55,1.70623e-16
17,56,1.35269e-18
17,57,0
17,58,0
17,59,0
17,60,0
17,61,0
17,62,0
17,63,0
17,64,0
17,65,0
17,66,0
17,67,0
17,68,0
17,69,0
17,70,0
17,71,0
17,72,0
17,73,0
17,74,0
17,75,0
17,76,0
17,77,0
17,78,0
17,79,0
17,80,0
17,81,0
17,82,0
17,83,0
17,84,0
17,85,0
17,86,0
17,87,0
17,88,0
17,89,0
17,90,0
17,91,0
17,92,0
17,93,0
17,94,0
17,95,0
17,96,0
17,97,0
17,98,0
17,99,0
18,0,0
18,1,1.02923e-07
18,2,8.29803e-07
18,3,5.42611e-06
18,4,2.91407e-05
18,5,0.000128964
18,6,0.000472135
18,7,0.00143979
18,8,0.00370725
18,9,0.00825128
18,10,0.0163892
18,11,0.0299017
18,12,0.0506981
18,13,0.0795628
18,14,0.115126
18,15,0.154142
18,16,0.192008
18,17,0.223557
18,18,0.245057
18,19,0.255625
18,20,0.256818
18,21,0.251588
18,22,0.243566
18,23,0.235689
18,24,0.230143
18,25,0.228168
18,26,0.230143
18,27,0.235689
18,28,0.243566
18,29,0.251588
18,30,0.256818
18,31,0.255625
18,32,0.245057
18,33,0.223557
18,34,0.192008
18,35,0.154142
18,36,0.115126
18,37,0.0795628
18,38,0.0506981
18,39,0.0299017
18,40,0.0163892
18,41,0.00825128
18,42,0.00370725
18,43,0.00143979
18,44,0.000472135
18,45,0.000128964
18,46,2.91406e-05
18,47,5.42611e-06
18,48,8.29858e-07
18,49,1.03784e-07
18,50,1.05421e-08
18,51,8.60784e-10
18,52,5.56221e-11
18,53,2.77805e-12
18,54,1.03384e-13
18,55,2.69783e-15
18,56,4.40317e-17
18,57,3.38173e-19
18,58,0
18,59,0
18,60,0
18,61,0
18,62,0
18,63,0
18,64,0
18,65,0
18,66,0
18,67,0
18,68,0
18,69,0
18,70,0
18,71,0
18,72,0
18,73,0
18,74,0
18,75,0
18,76,0
18,77,0
18,78,0
18,79,0
18,80,0
18,81,0
18,82,0
18,83,0
18,84,0
18,85,0
18,86,0
18,87,0
18,88,0
18,89,0
18,90,0
18,91,0
18,92,0
18,93,0
18,94,0
18,95,0
18,96,0
18,97,0
18,98,0
18,99,0
19,0,0
19,1,2.6745e-07
19,2,1.91159e-06
19,3,1.11923e-05
19,4,5.44427e-05
19,5,0.000220661
19,6,0.000748209
19,7,0.00213911
19,8,0.00523441
19,9,0.0112323
19,10,0.0217683
19,11,0.0389378
19,12,0.0645367
19,13,0.0985158
19,14,0.138381
19,15,0.179722
19,16,0.216384
19,17,0.242497
19,18,0.255625
19,19,0.256217
19,20,0.247336
19,21,0.233657
19,22,0.219036
19,23,0.206854
19,24,0.198772
19,25,0.196054
19,26,0.198772
19,27,0.206854
19,28,0.219036
19,29,0.233657
19,30,0.247336
19,31,0.256217
19,32,0.255625
19,33,0.242497
19,34,0.216384
19,35,0.179722
19,36,0.138381
19,37,0.0985158
19,38,0.0645367
19,39,0.0389378
19,40,0.0217683
19,41,0.0112323
19,42,0.00523441
19,43,0.00213911
19,44,0.000748209
19,45,0.000220661
19,46,5.44427e-05
19,47,1.11923e-05
19,48,1.91182e-06
19,49,2.70457e-07
19,50,3.15326e-08
19,51,3.00748e-09
19,52,2.32066e-10
19,53,1.42526e-11
19,54,6.80013e-13
19,55,2.42834e-14
19,56,6.10464e-16
19,57,9.63194e-18
19,58,7.17336e-20
19,59,0
19,60,0
19,61,0
19,62,0
19,63,0
19,64,0
19,65,0
19,66,0
19,67,0
19,68,0
19,69,0
19,70,0
19,71,0
19,72,0
19,73,0
19,74,0
19,75,0
19,76,0
19,77,0
19,78,0
19,79,0
19,80,0
19,81,0
19,82,0
19,83,0
19,84,0
19,85,0
19,86,0
19,87,0
19,88,0
19,89,0
19,90,0
19,91,0
19,92,0
19,93,0
19,94,0
19,95,0
19,96,0
19,97,0
19,98,0
19,99,0
20,0,0
20,1,5.65771e-07
20,2,3.67832e-06
20,3,1.97527e-05
20,4,8.89887e-05
20,5,0.000337094
20,6,0.00107796
20,7,0.00293519
20,8,0.0069166
20,9,0.0144515
20,10,0.0274714
20,11,0.048231
20,12,0.0781957
20,13,0.116485
20,14,0.159421
20,15,0.200944
20,16,0.233858
20,17,0.252988
20,18,0.256818
20,19,0.247336
20,20,0.229745
20,21,0.209137
20,22,0.189962
20,23,0.174899
20,24,0.165339
20,25,0.162133
20,26,0.165339
20,27,0.174899
20,28,0.189962
20,29,0.209137
20,30,0.229745
20,31,0.247336
20,32,0.256818
20,33,0.252988
20,34,0.233857
20,35,0.200944
20,36,0.159421
20,37,0.116485
20,38,0.0781957
20,39,0.048231
20,40,0.0274714
20,41,0.0144515
20,42,0.0069166
20,43,0.00293519
20,44,0.00107796
20,45,0.000337094
20,46,8.89887e-05
20,47,1.97527e-05
20,48,3.67904e-06
20,49,5.73855e-07
20,50,7.473e-08
20,51,8.08398e-09
20,52,7.20783e-10
20,53,5.23607e-11
20,54,3.04716e-12
20,55,1.38578e-13
20,56,4.74218e-15
20,57,1.14787e-16
20,58,1.75126e-18
20,59,1.26589e-20
20,60,0
20,61,0
20,62,0
20,63,0
20,64,0
20,65,0
20,66,0
20,67,0
20,68,0
20,69,0
20,70,0
20,71,0
20,72,0
20,73,0
20,74,0
20,75,0
20,76,0
20,77,0
20,78,0
20,79,0
20,80,0
20,81,0
20,82,0
20,83,0
20,84,0
20,85,0
20,86,0
20,87,0
20,88,0
20,89,0
20,90,0
20,91,0
20,92,0
20,93,0
20,94,0
20,95,0
20,96,0
20,97,0
20,98,0
20,99,0
21,0,0
21,1,1.00411e-06
21,2,6.07941e-06
21,3,3.05807e-05
21,4,0.00013
21,5,0.000467904
21,6,0.00143192
21,7,0.00376096
21,8,0.00862155
21,9,0.0176556
21,10,0.0330281
21,11,0.0570536
21,12,0.0907881
21,13,0.13236
21,14,0.176771
21,15,0.21694
21,16,0.245297
21,17,0.256847
21,18,0.251588
21,19,0.233657
21,20,0.209137
21,21,0.183927
21,22,0.161973
21,23,0.145297
21,24,0.134939
21,25,0.131323
21,26,0.134939
21,27,0.145297
21,28,0.161973
21,29,0.183928
21,30,0.209137
21,31,0.233657
21,32,0.251588
21,33,0.256847
21,34,0.245297
21,35,0.21694
21,36,0.176771
21,37,0.13236
21,38,0.0907881
21,39,0.0570536
21,40,0.0330281
21,41,0.0176556
21,42,0.00862155
21,43,0.00376096
21,44,0.00143192
21,45,0.000467904
21,46,0.00013
21,47,3.05809e-05
21,48,6.08113e-06
21,49,1.02135e-06
21,50,1.44687e-07
21,51,1.724e-08
21,52,1.7194e-09
21,53,1.4242e-10
21,54,9.68382e-12
21,55,5.31354e-13
21,56,2.29433e-14
21,57,7.50324e-16
21,58,1.74617e-17
21,59,2.57538e-19
21,60,1.80841e-21
21,61,0
21,62,0
21,63,0
21,64,0
21,65,0
21,66,0
21,67,0
21,68,0
21,69,0
21,70,0
21,71,0
21,72,0
21,73,0
21,74,0
21,75,0
21,76,0
21,77,0
21,78,0
21,79,0
21,80,0
21,81,0
21,82,0
21,83,0
21,84,0
21,85,0
21,86,0
21,87,0
21,88,0
21,89,0
21,90,0
21,91,0
21,92,0
21,93,0
21,94,0
21,95,0
21,96,0
21,97,0
21,98,0
21,99,0
22,0,0
22,1,1.53318e-06
22,2,8.81657e-06
22,3,4.22831e-05
22,4,0.000172288
22,5,0.000597478
22,6,0.00177124
22,7,0.00453289
22,8,0.0101859
22,9,0.0205531
22,10,0.0379775
22,11,0.0647339
22,12,0.101367
22,13,0.145146
22,14,0.190177
22,15,0.228355
22,16,0.251594
22,17,0.256133
22,18,0.243566
22,19,0.219036
22,20,0.189962
22,21,0.161973
22,22,0.138454
22,23,0.120833
22,24,0.109442
22,25,0.105254
22,26,0.109442
22,27,0.120833
22,28,0.138455
22,29,0.161972
22,30,0.189962
22,31,0.219036
22,32,0.243566
22,33,0.256133
22,34,0.251594
22,35,0.228355
22,36,0.190177
22,37,0.145146
22,38,0.101367
22,39,0.0647339
22,40,0.0379775
22,41,0.0205531
22,42,0.0101859
22,43,0.00453289
22,44,0.00177124
22,45,0.000597478
22,46,0.000172288
22,47,4.22834e-05
22,48,8.81982e-06
22,49,1.56326e-06
22,50,2.35388e-07
22,51,3.0079e-08
22,52,3.25376e-09
22,53,2.96606e-10
22,54,2.2618e-11
22,55,1.4267e-12
22,56,7.32071e-14
22,57,2.98051e-15
22,58,9.26684e-17
22,59,2.06677e-18
22,60,2.9433e-20
22,61,2.00935e-22
22,62,0
22,63,0
22,64,0
22,65,0
22,66,0
22,67,0
22,68,0
22,69,0
22,70,0
22,71,0
22,72,0
22,73,0
22,74,0
22,75,0
22,76,0
22,77,0
22,78,0
22,79,0
22,80,0
22,81,0
22,82,0
22,83,0
22,84,0
22,85,0
22,86,0
22,87,0
22,88,0
22,89,0
22,90,0
22,91,0
22,92,0
22,93,0
22,94,0
22,95,0
22,96,0
22,97,0
22,98,0
22,99,0
23,0,0
23,1,2.05038e-06
23,2,1.13874e-05
23,3,5.28716e-05
23,4,0.000209313
23,5,0.000707746
23,6,0.0020533
23,7,0.00516341
23,8,0.0114487
23,9,0.0228666
23,10,0.0418643
23,11,0.070637
23,12,0.109345
23,13,0.154562
23,14,0.199464
23,15,0.235365
23,16,0.254557
23,17,0.253837
23,18,0.235689
23,19,0.206855
23,20,0.174899
23,21,0.145297
23,22,0.120833
23,23,0.101778
23,24,0.0882032
23,25,0.0817024
23,26,0.0882032
23,27,0.101778
23,28,0.120833
23,29,0.145297
23,30,0.174899
23,31,0.206854
23,32,0.235689
23,33,0.253837
23,34,0.254557
23,35,0.235365
23,36,0.199465
23,37,0.154562
23,38,0.109345
23,39,0.070637
23,40,0.0418643
23,41,0.0228666
23,42,0.0114487
23,43,0.00516341
23,44,0.0020533
23,45,0.000707746
23,46,0.000209314
23,47,5.2872e-05
23,48,1.13925e-05
23,49,2.09441e-06
23,50,3.28669e-07
23,51,4.40248e-08
23,52,5.02855e-09
23,53,4.88613e-10
23,54,4.02196e-11
23,55,2.78583e-12
23,56,1.60722e-13
23,57,7.6048e-15
23,58,2.8823e-16
23,59,8.43156e-18
23,60,1.78943e-19
23,61,2.45275e-21
23,62,1.6292e-23
23,63,0
23,64,0
23,65,0
23,66,0
23,67,0
23,68,0
23,69,0
23,70,0
23,71,0
23,72,0
23,73,0
23,74,0
23,75,0
23,76,0
23,77,0
23,78,0
23,79,0
23,80,0
23,81,0
23,82,0
23,83,0
23,84,0
23,85,0
23,86,0
23,87,0
23,88,0
23,89,0
23,90,0
23,91,0
23,92,0
23,93,0
23,94,0
23,95,0
23,96,0
23,97,0
23,98,0
23,99,0
24,0,0
24,1,2.43027e-06
24,2,1.32288e-05
24,3,6.02756e-05
24,4,0.000234657
24,5,0.000781876
24,6,0.00224025
24,7,0.00557681
24,8,0.0122687
24,9,0.0243551
24,10,0.0443469
24,11,0.074374
24,12,0.114278
24,13,0.160166
24,14,0.204869
24,15,0.239373
24,16,0.255698
24,17,0.251416
24,18,0.230143
24,19,0.198772
24,20,0.165339
24,21,0.134939
24,22,0.109442
24,23,0.0882032
24,24,0.0692906
24,25,0.0543531
24,26,0.0692905
24,27,0.0882032
24,28,0.109442
24,29,0.134939
24,30,0.165339
24,31,0.198772
24,32,0.230143
24,33,0.251416
24,34,0.255698
24,35,0.239373
24,36,0.204869
24,37,0.160166
24,38,0.114278
24,39,0.074374
24,40,0.0443469
24,41,0.0243551
24,42,0.0122687
24,43,0.00557682
24,44,0.00224025
24,45,0.000781876
24,46,0.000234657
24,47,6.02763e-05
24,48,1.32353e-05
24,49,2.48525e-06
24,50,3.99419e-07
24,51,5.49744e-08
24,52,6.47866e-09
24,53,6.52916e-10
24,54,5.61233e-11
24,55,4.09729e-12
24,56,2.52447e-13
24,57,1.30076e-14
24,58,5.53055e-16
24,59,1.90109e-17
24,60,5.11096e-19
24,61,1.01413e-20
24,62,1.32581e-22
24,63,8.57473e-25
24,64,0
24,65,0
24,66,0
24,67,0
24,68,0
24,69,0
24,70,0
24,71,0
24,72,0
24,73,0
24,74,0
24,75,0
24,76,0
24,77,0
24,78,0
24,79,0
24,80,0
24,81,0
24,82,0
24,83,0
24,84,0
24,85,0
24,86,0
24,87,0
24,88,0
24,89,0
24,90,0
24,91,0
24,92,0
24,93,0
24,94,0
24,95,0
24,96,0
24,97,0
24,98,0
24,99,0
25,0,0
25,1,2.5701e-06
25,2,1.38981e-05
25,3,6.2936e-05
25,4,0.000243675
25,5,0.000808026
25,6,0.00230566
25,7,0.00572054
25,8,0.0125533
25,9,0.0248714
25,10,0.0451989
25,11,0.0756321
25,12,0.115944
25,13,0.162111
25,14,0.206665
25,15,0.240448
25,16,0.255895
25,17,0.250642
25,18,0.228168
25,19,0.196054
25,20,0.162133
25,21,0.131323
25,22,0.105254
25,23,0.0817025
25,24,0.0543532
25,25,0.00386592
25,26,0.0543535
25,27,0.0817026
25,28,0.105254
25,29,0.131323
25,30,0.162133
25,31,0.196054
25,32,0.228168
25,33,0.250642
25,34,0.255895
25,35,0.240448
25,36,0.206665
25,37,0.162111
25,38,0.115944
25,39,0.0756321
25,40,0.0451989
25,41,0.0248714
25,42,0.0125533
25,43,0.00572054
25,44,0.00230566
25,45,0.000808026
25,46,0.000243675
25,47,6.29367e-05
25,48,1.39051e-05
25,49,2.62924e-06
25,50,4.2588e-07
25,51,5.91379e-08
25,52,7.04046e-09
25,53,7.1799e-10
25,54,6.25927e-11
25,55,4.64819e-12
25,56,2.92473e-13
25,57,1.54765e-14
25,58,6.81824e-16
25,59,2.46828e-17
25,60,7.21822e-19
25,61,1.66462e-20
25,62,2.90358e-22
25,63,3.48897e-24
25,64,2.19865e-26
25,65,0
25,66,0
25,67,0
25,68,0
25,69,0
25,70,0
25,71,0
25,72,0
25,73,0
25,74,0
25,75,0
25,76,0
25,77,0
25,78,0
25,79,0
25,80,0
25,81,0
25,82,0
25,83,0
25,84,0
25,85,0
25,86,0
25,87,0
25,88,0
25,89,0
25,90,0
25,91,0
25,92,0
25,93,0
25,94,0
25,95,0
25,96,0
25,97,0
25,98,0
25,99,0
26,0,0
26,1,2.43027e-06
26,2,1.32288e-05
26,3,6.02756e-05
26,4,0.000234657
26,5,0.000781876
26,6,0.00224025
26,7,0.00557681
26,8,0.0122687
26,9,0.0243551
26,10,0.0443469
26,11,0.074374
26,12,0.114278
26,13,0.160166
26,14,0.204869
26,15,0.239373
26,16,0.255698
26,17,0.251416
26,18,0.230143
26,19,0.198772
26,20,0.165339
26,21,0.134939
26,22,0.109442
26,23,0.0882032
26,24,0.0692906
26,25,0.0543531
26,26,0.0692905
26,27,0.0882032
26,28,0.109442
26,29,0.134939
26,30,0.165339
26,31,0.198772
26,32,0.230143
26,33,0.251416
26,34,0.255698
26,35,0.239373
26,36,0.204869
26,37,0.160166
26,38,0.114278
26,39,0.074374
26,40,0.0443469
26,41,0.0243551
26,42,0.0122687
26,43,0.00557682
26,44,0.00224025
26,45,0.000781876
26,46,0.000234657
26,47,6.02763e-05
26,48,1.32353e-05
26,49,2.48525e-06
26,50,3.99419e-07
26,51,5.49744e-08
26,52,6.47866e-09
26,53,6.52916e-10
26,54,5.61233e-11
26,55,4.09729e-12
26,56,2.52447e-13
26,57,1.30076e-14
26,58,5.53055e-16
26,59,1.90109e-17
26,60,5.11096e-19
26,61,1.01413e-20
26,62,1.32581e-22
26,63,8.57473e-25
26,64,0
26,65,0
26,66,0
26,67,0
26,68,0
26,69,0
26,70,0
26,71,0
26,72,0
26,73,0
26,74,0
26,75,0
26,76,0
26,77,0
26,78,0
26,79,0
26,80,0
26,81,0
26,82,0
26,83,0
26,84,0
26,85,0
26,86,0
26,87,0
26,88,0
26,89,0
26,90,0
26,91,0
26,92,0
26,93,0
26,94,0
26,95,0
26,96,0
26,97,0
26,98,0
26,99,0
27,0,0
27,1,2.05038e-06
27,2,1.13874e-05
27,3,5.28716e-05
27,4,0.000209313
27,5,0.000707746
27,6,0.0020533
27,7,0.00516341
27,8,0.0114487
27,9,0.0228666
27,10,0.0418643
27,11,0.070637
27,12,0.109345
27,13,0.154562
27,14,0.199464
27,15,0.235365
27,16,0.254557
27,17,0.253837
27,18,0.235689
27,19,0.206855
27,20,0.174899
27,21,0.145297
27,22,0.120833
27,23,0.101778
27,24,0.0882032
27,25,0.0817024
27,26,0.0882032
27,27,0.101778
27,28,0.120833
27,29,0.145297
27,30,0.174899
27,31,0.206854
27,32,0.235689
27,33,0.253837
27,34,0.254557
27,35,0.235365
27,36,0.199465
27,37,0.154562
27,38,0.109345
27,39,0.070637
27,40,0.0418643
27,41,0.0228666
27,42,0.0114487
27,43,0.00516341
27,44,0.0020533
27,45,0.000707746
27,46,0.000209314
27,47,5.2872e-05
27,48,1.13925e-05
27,49,2.09441e-06
27,50,3.28669e-07
27,51,4.40248e-08
27,52,5.02855e-09
27,53,4.88613e-10
27,54,4.02196e-11
27,55,2.78583e-12
27,56,1.60722e-13
27,57,7.6048e-15
27,58,2.8823e-16
27,59,8.43156e-18
27,60,1.78943e-19
27,61,2.45275e-21
27,62,1.6292e-23
27,63,0
27,64,0
27,65,0
27,66,0
27,67,0
27,68,0
27,69,0
27,70,0
27,71,0
27,72,0
27,73,0
27,74,0
27,75,0
27,76,0
27,77,0
27,78,0
27,79,0
27,80,0
27,81,0
27,82,0
27,83,0
27,84,0
27,85,0
27,86,0
27,87,0
27,88,0
27,89,0
27,90,0
27,91,0
27,92,0
27,93,0
27,94,0
27,95,0
27,96,0
27,97,0
27,98,0
27,99,0
28,0,0
28,1,1.53318e-06
28,2,8.81657e-06
28,3,4.22831e-05
28,4,0.000172288
28,5,0.000597478
28,6,0.00177124
28,7,0.00453289
28,8,0.0101859
28,9,0.0205531
28,10,0.0379775
28,11,0.0647339
28,12,0.101367
28,13,0.145146
28,14,0.190177
28,15,0.228355
28,16,0.251594
28,17,0.256133
28,18,0.243566
28,19,0.219036
28,20,0.189962
28,21,0.161973
28,22,0.138454
28,23,0.120833
28,24,0.109442
28,25,0.105254
28,26,0.109442
28,27,0.120833
28,28,0.138455
28,29,0.161972
28,30,0.189962
28,31,0.219036
28,32,0.243566
28,33,0.256133
28,34,0.251594
28,35,0.228355
28,36,0.190177
28,37,0.145146
28,38,0.101367
28,39,0.0647339
28,40,0.0379775
28,41,0.0205531
28,42,0.0101859
28,43,0.00453289
28,44,0.00177124
28,45,0.000597478
28,46,0.000172288
28,47,4.22834e-05
28,48,8.81982e-06
28,49,1.56326e-06
28,50,2.35388e-07
28,51,3.0079e-08
28,52,3.25376e-09
28,53,2.96606e-10
28,54,2.2618e-11
28,55,1.4267e-12
28,56,7.32071e-14
28,57,2.98051e-15
28,58,9.26684e-17
28,59,2.06677e-18
28,60,2.9433e-20
28,61,2.00935e-22
28,62,0
28,63,0
28,64,0
28,65,0
28,66,0
28,67,0
28,68,0
28,69,0
28,70,0
28,71,0
28,72,0
28,73,0
28,74,0
28,75,0
28,76,0
28,77,0
28,78,0
28,79,0
28,80,0
28,81,0
28,82,0
28,83,0
28,84,0
28,85,0
28,86,0
28,87,0
28,88,0
28,89,0
28,90,0
28,91,0
28,92,0
28,93,0
28,94,0
28,95,0
28,96,0
28,97,0
28,98,0
28,99,0
29,0,0
29,1,1.00411e-06
29,2,6.07941e-06
29,3,3.05807e-05
29,4,0.00013
29,5,0.000467904
29,6,0.00143192
29,7,0.00376096
29,8,0.00862155
29,9,0.0176556
29,10,0.0330281
29,11,0.0570536
29,12,0.0907881
29,13,0.13236
29,14,0.176771
29,15,0.21694
29,16,0.245297
29,17,0.256847
29,18,0.251588
29,19,0.233657
29,20,0.209137
29,21,0.183927
29,22,0.161973
29,23,0.145297
29,24,0.134939
29,25,0.131323
29,26,0.134939
29,27,0.145297
29,28,0.161973
29,29,0.183928
29,30,0.209137
29,31,0.233657
29,32,0.251588
29,33,0.256847
29,34,0.245297
29,35,0.21694
29,36,0.176771
29,37,0.13236
29,38,0.0907881
29,39,0.0570536
29,40,0.0330281
29,41,0.0176556
29,42,0.00862155
29,43,0.00376096
29,44,0.00143192
29,45,0.000467904
29,46,0.00013
29,47,3.05809e-05
29,48,6.08113e-06
29,49,1.02135e-06
29,50,1.44687e-07
29,51,1.724e-08
29,52,1.7194e-09
29,53,1.4242e-10
29,54,9.68382e-12
29,55,5.31354e-13
29,56,2.29433e-14
29,57,7.50324e-16
29,58,1.74617e-17
29,59,2.57538e-19
29,60,1.80841e-21
29,61,0
29,62,0
29,63,0
29,64,0
29,65,0
29,66,0
29,67,0
29,68,0
29,69,0
29,70,0
29,71,0
29,72,0
29,73,0
29,74,0
29,75,0
29,76,0
29,77,0
29,78,0
29,79,0
29,80,0
29,81,0
29,82,0
29,83,0
29,84,0
29,85,0
29,86,0
29,87,0
29,88,0
29,89,0
29,90,0
29,91,0
29,92,0
29,93,0
29,94,0
29,95,0
29,96,0
29,97,0
29,98,0
29,99,0
30,0,0
30,1,5.65771e-07
30,2,3.67832e-06
30,3,1.97527e-05
30,4,8.89887e-05
30,5,0.000337094
30,6,0.00107796
30,7,0.00293519
30,8,0.0069166
30,9,0.0144515
30,10,0.0274714
30,11,0.048231
30,12,0.0781957
30,13,0.116485
30,14,0.159421
30,15,0.200944
30,16,0.233858
30,17,0.252988
30,18,0.256818
30,19,0.247336
30,20,0.229745
30,21,0.209137
30,22,0.189962
30,23,0.174899
30,24,0.165339
30,25,0.162133
30,26,0.165339
30,27,0.174899
30,28,0.189962
30,29,0.209137
30,30,0.229745
30,31,0.247336
30,32,0.256818
30,33,0.252988
30,34,0.233857
30,35,0.200944
30,36,0.159421
30,37,0.116485
30,38,0.0781957
30,39,0.048231
30,40,0.0274714
30,41,0.0144515
30,42,0.0069166
30,43,0.00293519
30,44,0.00107796
30,45,0.000337094
30,46,8.89887e-05
30,47,1.97527e-05
30,48,3.67904e-06
30,49,5.73855e-07
30,50,7.473e-08
30,51,8.08398e-09
30,52,7.20783e-10
30,53,5.23607e-11
30,54,3.04716e-12
30,55,1.38578e-13
30,56,4.74218e-15
30,57,1.14787e-16
30,58,1.75126e-18
30,59,1.26589e-20
30,60,0
30,61,0
30,62,0
30,63,0
30,64,0
30,65,0
30,66,0
30,67,0
30,68,0
30,69,0
30,70,0
30,71,0
30,72,0
30,73,0
30,74,0
30,75,0
30,76,0
30,77,0
30,78,0
30,79,0
30,80,0
30,81,0
30,82,0
30,83,0
30,84,0
30,85,0
30,86,0
30,87,0
30,88,0
30,89,0
30,90,0
30,91,0
30,92,0
30,93,0
30,94,0
30,95,0
30,96,0
30,97,0
30,98,0
30,99,0
31,0,0
31,1,2.6745e-07
31,2,1.91159e-06
31,3,1.11923e-05
31,4,5.44427e-05
31,5,0.000220661
31,6,0.000748209
31,7,0.00213911
31,8,0.00523441
31,9,0.0112323
31,10,0.0217683
31,11,0.0389378
31,12,0.0645367
31,13,0.0985158
31,14,0.138381
31,15,0.179722
31,16,0.216384
31,17,0.242497
31,18,0.255625
31,19,0.256217
31,20,0.247336
31,21,0.233657
31,22,0.219036
31,23,0.206854
31,24,0.198772
31,25,0.196054
31,26,0.198772
31,27,0.206854
31,28,0.219036
31,29,0.233657
31,30,0.247336
31,31,0.256217
31,32,0.255625
31,33,0.242497
31,34,0.216384
31,35,0.179722
31,36,0.138381
31,37,0.0985158
31,38,0.0645367
31,39,0.0389378
31,40,0.0217683
31,41,0.0112323
31,42,0.00523441
31,43,0.00213911
31,44,0.000748209
31,45,0.000220661
31,46,5.44427e-05
31,47,1.11923e-05
31,48,1.91182e-06
31,49,2.70457e-07
31,50,3.15326e-08
31,51,3.00748e-09
31,52,2.32066e-10
31,53,1.42526e-11
31,54,6.80013e-13
31,55,2.42834e-14
31,56,6.10464e-16
31,57,9.63194e-18
31,58,7.17336e-20
31,59,0
31,60,0
31,61,0
31,62,0
31,63,0
31,64,0
31,65,0
31,66,0
31,67,0
31,68,0
31,69,0
31,70,0
31,71,0
31,72,0
31,73,0
31,74,0
31,75,0
31,76,0
31,77,0
31,78,0
31,79,0
31,80,0
31,81,0
31,82,0
31,83,0
31,84,0
31,85,0
31,86,0
31,87,0
31,88,0
31,89,0
31,90,0
31,91,0
31,92,0
31,93,0
31,94,0
31,95,0
31,96,0
31,97,0
31,98,0
31,99,0
32,0,0
32,1,1.02923e-07
32,2,8.29803e-07
32,3,5.42611e-06
32,4,2.91407e-05
32,5,0.000128964
32,6,0.000472135
32,7,0.00143979
32,8,0.00370725
32,9,0.00825128
32,10,0.0163892
32,11,0.0299017
32,12,0.0506981
32,13,0.0795628
32,14,0.115126
32,15,0.154142
32,16,0.192008
32,17,0.223557
32,18,0.245057
32,19,0.255625
32,20,0.256818
32,21,0.251588
32,22,0.243566
32,23,0.235689
32,24,0.230143
32,25,0.228168
32,26,0.230143
32,27,0.235689
32,28,0.243566
32,29,0.251588
32,30,0.256818
32,31,0.255625
32,32,0.245057
32,33,0.223557
32,34,0.192008
32,35,0.154142
32,36,0.115126
32,37,0.0795628
32,38,0.0506981
32,39,0.0299017
32,40,0.0163892
32,41,0.00825128
32,42,0.00370725
32,43,0.00143979
32,44,0.000472135
32,45,0.000128964
32,46,2.91406e-05
32,47,5.42611e-06
32,48,8.29858e-07
32,49,1.03784e-07
32,50,1.05421e-08
32,51,8.60784e-10
32,52,5.56221e-11
32,53,2.77805e-12
32,54,1.03384e-13
32,55,2.69783e-15
32,56,4.40317e-17
32,57,3.38173e-19
32,58,0
32,59,0
32,60,0
32,61,0
32,62,0
32,63,0
32,64,0
32,65,0
32,66,0
32,67,0
32,68,0
32,69,0
32,70,0
32,71,0
32,72,0
32,73,0
32,74,0
32,75,0
32,76,0
32,77,0
32,78,0
32,79,0
32,80,0
32,81,0
32,82,0
32,83,0
32,84,0
32,85,0
32,86,0
32,87,0
32,88,0
32,89,0
32,90,0
32,91,0
32,92,0
32,93,0
32,94,0
32,95,0
32,96,0
32,97,0
32,98,0
32,99,0
33,0,0
33,1,3.13056e-08
33,2,2.91968e-07
33,3,2.18434e-06
33,4,1.32635e-05
33,5,6.56127e-05
33,6,0.000265274
33,7,0.000881015
33,8,0.00242968
33,9,0.00568394
33,10,0.0116647
33,11,0.0217833
33,12,0.0377961
33,13,0.0609327
33,14,0.0909212
33,15,0.125905
33,16,0.162394
33,17,0.196078
33,18,0.223557
33,19,0.242497
33,20,0.252988
33,21,0.256847
33,22,0.256133
33,23,0.253837
33,24,0.251416
