0,0,0
0,1,0
0,2,0
0,3,0
0,4,0
0,5,0
0,6,0
0,7,0
0,8,0
0,9,0
0,10,0
0,11,0
0,12,0
0,13,0
0,14,0
0,15,0
0,16,0
0,17,0
0,18,0
0,19,0
0,20,0
0,21,0
0,22,0
0,23,0
0,24,0
0,25,0
0,26,0
0,27,0
0,28,0
0,29,0
0,30,0
0,31,0
0,32,0
0,33,0
0,34,0
0,35,0
0,36,0
0,37,0
0,38,0
0,39,0
0,40,0
0,41,0
0,42,0
0,43,0
0,44,0
0,45,0
0,46,0
0,47,0
0,48,0
0,49,0
0,50,0
0,51,0
0,52,0
0,53,0
0,54,0
0,55,0
0,56,0
0,57,0
0,58,0
0,59,0
0,60,0
0,61,0
0,62,0
0,63,0
0,64,0
0,65,0
0,66,0
0,67,0
0,68,0
0,69,0
0,70,0
0,71,0
0,72,0
0,73,0
0,74,0
0,75,0
0,76,0
0,77,0
0,78,0
0,79,0
0,80,0
0,81,0
0,82,0
0,83,0
0,84,0
0,85,0
0,86,0
0,87,0
0,88,0
0,89,0
0,90,0
0,91,0
0,92,0
0,93,0
0,94,0
0,95,0
0,96,0
0,97,0
0,98,0
0,99,0
1,0,0
1,1,0
1,2,0
1,3,0
1,4,0
1,5,0
1,6,0
1,7,0
1,8,2.08301e-16
1,9,1.43965e-14
1,10,4.52719e-13
1,11,8.58696e-12
1,12,1.09862e-10
1,13,1.00535e-09
1,14,6.81827e-09
1,15,3.51161e-08
1,16,1.40095e-07
1,17,4.41587e-07
1,18,1.12524e-06
1,19,2.38067e-06
1,20,4.29857e-06
1,21,6.78213e-06
1,22,9.51611e-06
1,23,1.20232e-05
1,24,1.37916e-05
1,25,1.44298e-05
1,26,1.37916e-05
1,27,1.20231e-05
1,28,9.51611e-06
1,29,6.78213e-06
1,30,4.29857e-06
1,31,2.38067e-06
1,32,1.12524e-06
1,33,4.41587e-07
1,34,1.40095e-07
1,35,3.51161e-08
1,36,6.81827e-09
1,37,1.00535e-09
1,38,1.09862e-10
1,39,8.58696e-12
1,40,4.52719e-13
1,41,1.43965e-14
1,42,2.08301e-16
1,43,0
1,44,0
1,45,0
1,46,0
1,47,0
1,48,0
1,49,0
1,50,0
1,51,0
1,52,0
1,53,0
1,54,0
1,55,0
1,56,0
1,57,0
1,58,0
1,59,0
1,60,0
1,61,0
1,62,0
1,63,0
1,64,0
1,65,0
1,66,0
1,67,0
1,68,0
1,69,0
1,70,0
1,71,0
1,72,0
1,73,0
1,74,0
1,75,0
1,76,0
1,77,0
1,78,0
1,79,0
1,80,0
1,81,0
1,82,0
1,83,0
1,84,0
1,85,0
1,86,0
1,87,0
1,88,0
1,89,0
1,90,0
1,91,0
1,92,0
1,93,0
1,94,0
1,95,0
1,96,0
1,97,0
1,98,0
1,99,0
2,0,0
2,1,0
2,2,0
2,3,0
2,4,0
2,5,0
2,6,0
2,7,2.77734e-16
2,8,2.03245e-14
2,9,6.79038e-13
2,10,1.37338e-11
2,11,1.88082e-10
2,12,1.84945e-09
2,13,1.35271e-08
2,14,7.53588e-08
2,15,3.25722e-07
2,16,1.11172e-06
2,17,3.05751e-06
2,18,6.94489e-06
2,19,1.33926e-05
2,20,2.25025e-05
2,21,3.36221e-05
2,22,4.53388e-05
2,23,5.57583e-05
2,24,6.29643e-05
2,25,6.55407e-05
2,26,6.29643e-05
2,27,5.57583e-05
2,28,4.53388e-05
2,29,3.36221e-05
2,30,2.25025e-05
2,31,1.33926e-05
2,32,6.94489e-06
2,33,3.05751e-06
2,34,1.11172e-06
2,35,3.25722e-07
2,36,7.53588e-08
2,37,1.35271e-08
2,38,1.84945e-09
2,39,1.88082e-10
2,40,1.37338e-11
2,41,6.79038e-13
2,42,2.03245e-14
2,43,2.77734e-16
2,44,0
2,45,0
2,46,0
2,47,0
2,48,0
2,49,0
2,50,0
2,51,0
2,52,0
2,53,0
2,54,0
2,55,0
2,56,0
2,57,0
2,58,0
2,59,0
2,60,0
2,61,0
2,62,0
2,63,0
2,64,0
2,65,0
2,66,0
2,67,0
2,68,0
2,69,0
2,70,0
2,71,0
2,72,0
2,73,0
2,74,0
2,75,0
2,76,0
2,77,0
2,78,0
2,79,0
2,80,0
2,81,0
2,82,0
2,83,0
2,84,0
2,85,0
2,86,0
2,87,0
2,88,0
2,89,0
2,90,0
2,91,0
2,92,0
2,93,0
2,94,0
2,95,0
2,96,0
2,97,0
2,98,0
2,99,0
3,0,0
3,1,0
3,2,0
3,3,0
3,4,0
3,5,0
3,6,3.36205e-16
3,7,2.59702e-14
3,8,9.18531e-13
3,9,1.97275e-11
3,10,2.87804e-10
3,11,3.02441e-09
3,12,2.37099e-08
3,13,1.41903e-07
3,14,6.59639e-07
3,15,2.41913e-06
3,16,7.12355e-06
3,17,1.72216e-05
3,18,3.51157e-05
3,19,6.21041e-05
3,20,9.75399e-05
3,21,0.000138427
3,22,0.00017975
3,23,0.000215425
3,24,0.000239632
3,25,0.000248208
3,26,0.000239632
3,27,0.000215425
3,28,0.00017975
3,29,0.000138427
3,30,9.75399e-05
3,31,6.21041e-05
3,32,3.51157e-05
3,33,1.72216e-05
3,34,7.12355e-06
3,35,2.41913e-06
3,36,6.59639e-07
3,37,1.41903e-07
3,38,2.37099e-08
3,39,3.02441e-09
3,40,2.87804e-10
3,41,1.97275e-11
3,42,9.18531e-13
3,43,2.59702e-14
3,44,3.36205e-16
3,45,0
3,46,0
3,47,0
3,48,0
3,49,0
3,50,0
3,51,0
3,52,0
3,53,0
3,54,0
3,55,0
3,56,0
3,57,0
3,58,0
3,59,0
3,60,0
3,61,0
3,62,0
3,63,0
3,64,0
3,65,0
3,66,0
3,67,0
3,68,0
3,69,0
3,70,0
3,71,0
3,72,0
3,73,0
3,74,0
3,75,0
3,76,0
3,77,0
3,78,0
3,79,0
3,80,0
3,81,0
3,82,0
3,83,0
3,84,0
3,85,0
3,86,0
3,87,0
3,88,0
3,89,0
3,90,0
3,91,0
3,92,0
3,93,0
3,94,0
3,95,0
3,96,0
3,97,0
3,98,0
3,99,0
4,0,0
4,1,0
4,2,0
4,3,0
4,4,0
4,5,3.69825e-16
4,6,3.00708e-14
4,7,1.12252e-12
4,8,2.55165e-11
4,9,3.95146e-10
4,10,4.4206e-09
4,11,3.69942e-08
4,12,2.36874e-07
4,13,1.1794e-06
4,14,4.62982e-06
4,15,1.45464e-05
4,16,3.72955e-05
4,17,8.00366e-05
4,18,0.000148007
4,19,0.00024229
4,20,0.000358345
4,21,0.000485818
4,22,0.000610055
4,23,0.000714562
4,24,0.000784328
4,25,0.000808837
4,26,0.000784328
4,27,0.000714562
4,28,0.000610055
4,29,0.000485818
4,30,0.000358345
4,31,0.00024229
4,32,0.000148007
4,33,8.00366e-05
4,34,3.72956e-05
4,35,1.45464e-05
4,36,4.62982e-06
4,37,1.1794e-06
4,38,2.36874e-07
4,39,3.69942e-08
4,40,4.4206e-09
4,41,3.95146e-10
4,42,2.55165e-11
4,43,1.12252e-12
4,44,3.00708e-14
4,45,3.69825e-16
4,46,0
4,47,0
4,48,0
4,49,0
4,50,0
4,51,0
4,52,0
4,53,0
4,54,0
4,55,0
4,56,0
4,57,0
4,58,0
4,59,0
4,60,0
4,61,0
4,62,0
4,63,0
4,64,0
4,65,0
4,66,0
4,67,0
4,68,0
4,69,0
4,70,0
4,71,0
4,72,0
4,73,0
4,74,0
4,75,0
4,76,0
4,77,0
4,78,0
4,79,0
4,80,0
4,81,0
4,82,0
4,83,0
4,84,0
4,85,0
4,86,0
4,87,0
4,88,0
4,89,0
4,90,0
4,91,0
4,92,0
4,93,0
4,94,0
4,95,0
4,96,0
4,97,0
4,98,0
4,99,0
5,0,0
5,1,0
5,2,0
5,3,0
5,4,3.69825e-16
5,5,3.15743e-14
5,6,1.2406e-12
5,7,2.97601e-11
5,8,4.87654e-10
5,9,5.78828e-09
5,10,5.15265e-08
5,11,3.51705e-07
5,12,1.86913e-06
5,13,7.82956e-06
5,14,2.61784e-05
5,15,7.10172e-05
5,16,0.000159934
5,17,0.000307839
5,18,0.000521876
5,19,0.000798288
5,20,0.00112036
5,21,0.00145991
5,22,0.00178097
5,23,0.00204531
5,24,0.00221942
5,25,0.00228015
5,26,0.00221942
5,27,0.00204531
5,28,0.00178096
5,29,0.00145991
5,30,0.00112036
5,31,0.000798288
5,32,0.000521876
5,33,0.00030784
5,34,0.000159934
5,35,7.10172e-05
5,36,2.61784e-05
5,37,7.82957e-06
5,38,1.86913e-06
5,39,3.51705e-07
5,40,5.15265e-08
5,41,5.78828e-09
5,42,4.87654e-10
5,43,2.97601e-11
5,44,1.2406e-12
5,45,3.15743e-14
5,46,3.69825e-16
5,47,0
5,48,0
5,49,0
5,50,0
5,51,0
5,52,0
5,53,0
5,54,0
5,55,0
5,56,0
5,57,0
5,58,0
5,59,0
5,60,0
5,61,0
5,62,0
5,63,0
5,64,0
5,65,0
5,66,0
5,67,0
5,68,0
5,69,0
5,70,0
5,71,0
5,72,0
5,73,0
5,74,0
5,75,0
5,76,0
5,77,0
5,78,0
5,79,0
5,80,0
5,81,0
5,82,0
5,83,0
5,84,0
5,85,0
5,86,0
5,87,0
5,88,0
5,89,0
5,90,0
5,91,0
5,92,0
5,93,0
5,94,0
5,95,0
5,96,0
5,97,0
5,98,0
5,99,0
6,0,0
6,1,0
6,2,0
6,3,3.36205e-16
6,4,3.00708e-14
6,5,1.2406e-12
6,6,3.13233e-11
6,7,5.41582e-10
6,8,6.80024e-09
6,9,6.41937e-08
6,10,4.65643e-07
6,11,2.63357e-06
6,12,1.17413e-05
6,13,4.16948e-05
6,14,0.000119516
6,15,0.000282058
6,16,0.000563567
6,17,0.000984891
6,18,0.00154929
6,19,0.00223723
6,20,0.00300482
6,21,0.00378885
6,22,0.00451274
6,23,0.00509916
6,24,0.00548119
6,25,0.00561384
6,26,0.00548119
6,27,0.00509916
6,28,0.00451274
6,29,0.00378885
6,30,0.00300482
6,31,0.00223723
6,32,0.00154929
6,33,0.000984891
6,34,0.000563567
6,35,0.000282058
6,36,0.000119516
6,37,4.16948e-05
6,38,1.17413e-05
6,39,2.63357e-06
6,40,4.65643e-07
6,41,6.41937e-08
6,42,6.80024e-09
6,43,5.41582e-10
6,44,3.13233e-11
6,45,1.2406e-12
6,46,3.00708e-14
6,47,3.36205e-16
6,48,0
6,49,0
6,50,0
6,51,0
6,52,0
6,53,0
6,54,0
6,55,0
6,56,0
6,57,0
6,58,0
6,59,0
6,60,0
6,61,0
6,62,0
6,63,0
6,64,0
6,65,0
6,66,0
6,67,0
6,68,0
6,69,0
6,70,0
6,71,0
6,72,0
6,73,0
6,74,0
6,75,0
6,76,0
6,77,0
6,78,0
6,79,0
6,80,0
6,81,0
6,82,0
6,83,0
6,84,0
6,85,0
6,86,0
6,87,0
6,88,0
6,89,0
6,90,0
6,91,0
6,92,0
6,93,0
6,94,0
6,95,0
6,96,0
6,97,0
6,98,0
6,99,0
7,0,0
7,1,0
7,2,2.77734e-16
7,3,2.59702e-14
7,4,1.12252e-12
7,5,2.97601e-11
7,6,5.41582e-10
7,7,7.17473e-09
7,8,7.16282e-08
7,9,5.50664e-07
7,10,3.30607e-06
7,11,1.56543e-05
7,12,5.89586e-05
7,13,0.000178473
7,14,0.000441351
7,15,0.000914714
7,16,0.00164369
7,17,0.00264893
7,18,0.00392109
7,19,0.00540746
7,20,0.00701651
7,21,0.00862253
7,22,0.0100796
7,23,0.0112456
7,24,0.0119985
7,25,0.0122593
7,26,0.0119985
7,27,0.0112456
7,28,0.0100796
7,29,0.00862253
7,30,0.00701651
7,31,0.00540746
7,32,0.00392109
7,33,0.00264893
7,34,0.00164369
7,35,0.000914714
7,36,0.000441351
7,37,0.000178473
7,38,5.89586e-05
7,39,1.56543e-05
7,40,3.30607e-06
7,41,5.50664e-07
7,42,7.16283e-08
7,43,7.17473e-09
7,44,5.41582e-10
7,45,2.97601e-11
7,46,1.12252e-12
7,47,2.59702e-14
7,48,2.77734e-16
7,49,0
7,50,0
7,51,0
7,52,0
7,53,0
7,54,0
7,55,0
7,56,0
7,57,0
7,58,0
7,59,0
7,60,0
7,61,0
7,62,0
7,63,0
7,64,0
7,65,0
7,66,0
7,67,0
7,68,0
7,69,0
7,70,0
7,71,0
7,72,0
7,73,0
7,74,0
7,75,0
7,76,0
7,77,0
7,78,0
7,79,0
7,80,0
7,81,0
7,82,0
7,83,0
7,84,0
7,85,0
7,86,0
7,87,0
7,88,0
7,89,0
7,90,0
7,91,0
7,92,0
7,93,0
7,94,0
7,95,0
7,96,0
7,97,0
7,98,0
7,99,0
8,0,0
8,1,2.08301e-16
8,2,2.03245e-14
8,3,9.18531e-13
8,4,2.55165e-11
8,5,4.87654e-10
8,6,6.80024e-09
8,7,7.16282e-08
8,8,5.82259e-07
8,9,3.70294e-06
8,10,1.85901e-05
8,11,7.41869e-05
8,12,0.000237183
8,13,0.000615284
8,14,0.00132427
8,15,0.00244627
8,16,0.004032
8,17,0.00610902
8,18,0.00864267
8,19,0.0115235
8,20,0.0145791
8,21,0.0175726
8,22,0.0202512
8,23,0.0223692
8,24,0.0237269
8,25,0.0241948
8,26,0.0237269
8,27,0.0223692
8,28,0.0202512
8,29,0.0175726
8,30,0.0145791
8,31,0.0115235
8,32,0.00864267
8,33,0.00610902
8,34,0.004032
8,35,0.00244627
8,36,0.00132427
8,37,0.000615284
8,38,0.000237183
8,39,7.41869e-05
8,40,1.85901e-05
8,41,3.70294e-06
8,42,5.82259e-07
8,43,7.16283e-08
8,44,6.80024e-09
8,45,4.87654e-10
8,46,2.55165e-11
8,47,9.18531e-13
8,48,2.03245e-14
8,49,2.08301e-16
8,50,0
8,51,0
8,52,0
8,53,0
8,54,0
8,55,0
8,56,0
8,57,0
8,58,0
8,59,0
8,60,0
8,61,0
8,62,0
8,63,0
8,64,0
8,65,0
8,66,0
8,67,0
8,68,0
8,69,0
8,70,0
8,71,0
8,72,0
8,73,0
8,74,0
8,75,0
8,76,0
8,77,0
8,78,0
8,79,0
8,80,0
8,81,0
8,82,0
8,83,0
8,84,0
8,85,0
8,86,0
8,87,0
8,88,0
8,89,0
8,90,0
8,91,0
8,92,0
8,93,0
8,94,0
8,95,0
8,96,0
8,97,0
8,98,0
8,99,0
9,0,0
9,1,1.43965e-14
9,2,6.79038e-13
9,3,1.97275e-11
9,4,3.95146e-10
9,5,5.78828e-09
9,6,6.41937e-08
9,7,5.50664e-07
9,8,3.70294e-06
9,9,1.9684e-05
9,10,8.31878e-05
9,11,0.000281089
9,12,0.000766547
9,13,0.00171852
9,14,0.00327106
9,15,0.00551784
9,16,0.00856222
9,17,0.0124466
9,18,0.0170706
9,19,0.0222273
9,20,0.0275834
9,21,0.0327293
9,22,0.0372603
9,23,0.0407885
9,24,0.0430339
9,25,0.0437993
9,26,0.0430339
9,27,0.0407885
9,28,0.0372603
9,29,0.0327293
9,30,0.0275834
9,31,0.0222273
9,32,0.0170706
9,33,0.0124466
9,34,0.00856222
9,35,0.00551784
9,36,0.00327106
9,37,0.00171852
9,38,0.000766547
9,39,0.000281089
9,40,8.31878e-05
9,41,1.9684e-05
9,42,3.70294e-06
9,43,5.50664e-07
9,44,6.41937e-08
9,45,5.78828e-09
9,46,3.95146e-10
9,47,1.97275e-11
9,48,6.79038e-13
9,49,1.43965e-14
9,50,1.41644e-16
9,51,0
9,52,0
9,53,0
9,54,0
9,55,0
9,56,0
9,57,0
9,58,0
9,59,0
9,60,0
9,61,0
9,62,0
9,63,0
9,64,0
9,65,0
9,66,0
9,67,0
9,68,0
9,69,0
9,70,0
9,71,0
9,72,0
9,73,0
9,74,0
9,75,0
9,76,0
9,77,0
9,78,0
9,79,0
9,80,0
9,81,0
9,82,0
9,83,0
9,84,0
9,85,0
9,86,0
9,87,0
9,88,0
9,89,0
9,90,0
9,91,0
9,92,0
9,93,0
9,94,0
9,95,0
9,96,0
9,97,0
9,98,0
9,99,0
10,0,0
10,1,4.52718e-13
10,2,1.37338e-11
10,3,2.87804e-10
10,4,4.4206e-09
10,5,5.15265e-08
10,6,4.65643e-07
10,7,3.30607e-06
10,8,1.85901e-05
10,9,8.31878e-05
10,10,0.000297422
10,11,0.000855169
10,12,0.00200633
10,13,0.00395464
10,14,0.00685056
10,15,0.0109121
10,16,0.0163498
10,17,0.0231257
10,18,0.0309985
10,19,0.0395576
10,20,0.0481855
10,21,0.0562802
10,22,0.0632337
10,23,0.0685578
10,24,0.0718993
10,25,0.0730322
10,26,0.0718993
10,27,0.0685578
10,28,0.0632337
10,29,0.0562802
10,30,0.0481855
10,31,0.0395576
10,32,0.0309985
10,33,0.0231257
10,34,0.0163498
10,35,0.0109121
10,36,0.00685056
10,37,0.00395464
10,38,0.00200633
10,39,0.000855169
10,40,0.000297422
10,41,8.31879e-05
10,42,1.85901e-05
10,43,3.30607e-06
10,44,4.65643e-07
10,45,5.15265e-08
10,46,4.4206e-09
10,47,2.87804e-10
10,48,1.37338e-11
10,49,4.52806e-13
10,50,9.21378e-15
10,51,8.71658e-17
10,52,0
10,53,0
10,54,0
10,55,0
10,56,0
10,57,0
10,58,0
10,59,0
10,60,0
10,61,0
10,62,0
10,63,0
10,64,0
10,65,0
10,66,0
10,67,0
10,68,0
10,69,0
10,70,0
10,71,0
10,72,0
10,73,0
10,74,0
10,75,0
10,76,0
10,77,0
10,78,0
10,79,0
10,80,0
10,81,0
10,82,0
10,83,0
10,84,0
10,85,0
10,86,0
10,87,0
10,88,0
10,89,0
10,90,0
10,91,0
10,92,0
10,93,0
10,94,0
10,95,0
10,96,0
10,97,0
10,98,0
10,99,0
11,0,0
11,1,8.58696e-12
11,2,1.88082e-10
11,3,3.02441e-09
11,4,3.69942e-08
11,5,3.51705e-07
11,6,2.63357e-06
11,7,1.56543e-05
11,8,7.41869e-05
11,9,0.000281089
11,10,0.000855169
11,11,0.00211206
11,12,0.00434286
11,13,0.00777381
11,14,0.0127585
11,15,0.0197667
11,16,0.0289182
11,17,0.0399129
11,18,0.0522818
11,19,0.0651949
11,20,0.077751
11,21,0.0891601
11,22,0.0986485
11,23,0.10578
11,24,0.110149
11,25,0.111646
11,26,0.110149
11,27,0.10578
11,28,0.0986485
11,29,0.0891601
11,30,0.077751
11,31,0.0651949
11,32,0.0522818
11,33,0.0399129
11,34,0.0289182
11,35,0.0197667
11,36,0.0127585
11,37,0.00777381
11,38,0.00434286
11,39,0.00211206
11,40,0.000855169
11,41,0.000281089
11,42,7.41869e-05
11,43,1.56543e-05
11,44,2.63357e-06
11,45,3.51705e-07
11,46,3.69942e-08
11,47,3.02441e-09
11,48,1.88082e-10
11,49,8.59228e-12
11,50,2.71773e-13
11,51,5.31564e-15
11,52,4.84254e-17
11,53,0
11,54,0
11,55,0
11,56,0
11,57,0
11,58,0
11,59,0
11,60,0
11,61,0
11,62,0
11,63,0
11,64,0
11,65,0
11,66,0
11,67,0
11,68,0
11,69,0
11,70,0
11,71,0
11,72,0
11,73,0
11,74,0
11,75,0
11,76,0
11,77,0
11,78,0
11,79,0
11,80,0
11,81,0
11,82,0
11,83,0
11,84,0
11,85,0
11,86,0
11,87,0
11,88,0
11,89,0
11,90,0
11,91,0
11,92,0
11,93,0
11,94,0
11,95,0
11,96,0
11,97,0
11,98,0
11,99,0
12,0,0
12,1,1.09862e-10
12,2,1.84945e-09
12,3,2.37099e-08
12,4,2.36874e-07
12,5,1.86913e-06
12,6,1.17413e-05
12,7,5.89586e-05
12,8,0.000237183
12,9,0.000766547
12,10,0.00200633
12,11,0.00434286
12,12,0.0081036
12,13,0.0137729
12,14,0.0221142
12,15,0.0335357
12,16,0.0476883
12,17,0.064012
12,18,0.0815625
12,19,0.0989858
12,20,0.115288
12,21,0.129421
12,22,0.140795
12,23,0.149064
12,24,0.154023
12,25,0.155709
12,26,0.154023
12,27,0.149064
12,28,0.140795
12,29,0.129421
12,30,0.115288
12,31,0.0989858
12,32,0.0815625
12,33,0.064012
12,34,0.0476883
12,35,0.0335357
12,36,0.0221142
12,37,0.0137729
12,38,0.0081036
12,39,0.00434286
12,40,0.00200633
12,41,0.000766547
12,42,0.000237183
12,43,5.89586e-05
12,44,1.17413e-05
12,45,1.86913e-06
12,46,2.36874e-07
12,47,2.37099e-08
12,48,1.84945e-09
12,49,1.10009e-10
12,50,4.81791e-12
12,51,1.464e-13
12,52,2.75626e-15
12,53,2.42127e-17
12,54,0
12,55,0
12,56,0
12,57,0
12,58,0
12,59,0
12,60,0
12,61,0
12,62,0
12,63,0
12,64,0
12,65,0
12,66,0
12,67,0
12,68,0
12,69,0
12,70,0
12,71,0
12,72,0
12,73,0
12,74,0
12,75,0
12,76,0
12,77,0
12,78,0
12,79,0
12,80,0
12,81,0
12,82,0
12,83,0
12,84,0
12,85,0
12,86,0
12,87,0
12,88,0
12,89,0
12,90,0
12,91,0
12,92,0
12,93,0
12,94,0
12,95,0
12,96,0
12,97,0
12,98,0
12,99,0
13,0,0
13,1,1.00535e-09
13,2,1.35271e-08
13,3,1.41903e-07
13,4,1.1794e-06
13,5,7.82957e-06
13,6,4.16948e-05
13,7,0.000178473
13,8,0.000615284
13,9,0.00171852
13,10,0.00395464
13,11,0.00777381
13,12,0.0137729
13,13,0.022952
13,14,0.0361145
13,15,0.0530129
13,16,0.0729396
13,17,0.0949585
13,18,0.117233
13,19,0.138267
13,20,0.156884
13,21,0.172058
13,22,0.183768
13,23,0.191765
13,24,0.196526
13,25,0.19801
13,26,0.196526
13,27,0.191765
13,28,0.183768
13,29,0.172058
13,30,0.156884
13,31,0.138267
13,32,0.117233
13,33,0.0949585
13,34,0.0729396
13,35,0.0530129
13,36,0.0361145
13,37,0.022952
13,38,0.0137729
13,39,0.00777381
13,40,0.00395464
13,41,0.00171852
13,42,0.000615284
13,43,0.000178473
13,44,4.16948e-05
13,45,7.82957e-06
13,46,1.1794e-06
13,47,1.41903e-07
13,48,1.35271e-08
13,49,1.00777e-09
13,50,5.74002e-11
13,51,2.41289e-12
13,52,7.05258e-14
13,53,1.27969e-15
13,54,1.0854e-17
13,55,0
13,56,0
13,57,0
13,58,0
13,59,0
13,60,0
13,61,0
13,62,0
13,63,0
13,64,0
13,65,0
13,66,0
13,67,0
13,68,0
13,69,0
13,70,0
13,71,0
13,72,0
13,73,0
13,74,0
13,75,0
13,76,0
13,77,0
13,78,0
13,79,0
13,80,0
13,81,0
13,82,0
13,83,0
13,84,0
13,85,0
13,86,0
13,87,0
13,88,0
13,89,0
13,90,0
13,91,0
13,92,0
13,93,0
13,94,0
13,95,0
13,96,0
13,97,0
13,98,0
13,99,0
14,0,0
14,1,6.81827e-09
14,2,7.53588e-08
14,3,6.59639e-07
14,4,4.62982e-06
14,5,2.61784e-05
14,6,0.000119516
14,7,0.000441351
14,8,0.00132427
14,9,0.00327106
14,10,0.00685056
14,11,0.0127585
14,12,0.0221142
14,13,0.0361145
14,14,0.054908
14,15,0.0777257
14,16,0.103616
14,17,0.130452
14,18,0.155805
14,19,0.178287
14,20,0.196386
14,21,0.210074
14,22,0.219623
14,23,0.225612
14,24,0.228966
14,25,0.229916
14,26,0.228966
14,27,0.225612
14,28,0.219623
14,29,0.210074
14,30,0.196386
14,31,0.178287
14,32,0.155805
14,33,0.130452
14,34,0.103616
14,35,0.0777257
14,36,0.054908
14,37,0.0361145
14,38,0.0221142
14,39,0.0127585
14,40,0.00685056
14,41,0.00327106
14,42,0.00132427
14,43,0.000441351
14,44,0.000119516
14,45,2.61784e-05
14,46,4.62982e-06
14,47,6.59639e-07
14,48,7.53598e-08
14,49,6.84488e-09
14,50,4.87388e-10
14,51,2.66062e-11
14,52,1.07458e-12
14,53,3.02449e-14
14,54,5.29527e-16
14,55,4.34159e-18
14,56,0
14,57,0
14,58,0
14,59,0
14,60,0
14,61,0
14,62,0
14,63,0
14,64,0
14,65,0
14,66,0
14,67,0
14,68,0
14,69,0
14,70,0
14,71,0
14,72,0
14,73,0
14,74,0
14,75,0
14,76,0
14,77,0
14,78,0
14,79,0
14,80,0
14,81,0
14,82,0
14,83,0
14,84,0
14,85,0
14,86,0
14,87,0
14,88,0
14,89,0
14,90,0
14,91,0
14,92,0
14,93,0
14,94,0
14,95,0
14,96,0
14,97,0
14,98,0
14,99,0
15,0,0
15,1,3.51162e-08
15,2,3.25722e-07
15,3,2.41913e-06
15,4,1.45464e-05
15,5,7.10172e-05
15,6,0.000282058
15,7,0.000914714
15,8,0.00244627
15,9,0.00551784
15,10,0.0109121
15,11,0.0197667
15,12,0.0335357
15,13,0.0530129
15,14,0.0777257
15,15,0.106591
15,16,0.137383
15,17,0.166719
15,18,0.192402
15,19,0.212665
15,20,0.226815
15,21,0.235959
15,22,0.240741
15,23,0.243149
15,24,0.243867
15,25,0.244158
15,26,0.243867
15,27,0.243149
15,28,0.240741
15,29,0.235959
15,30,0.226815
15,31,0.212665
15,32,0.192402
15,33,0.166719
15,34,0.137383
15,35,0.106591
15,36,0.0777257
15,37,0.0530129
15,38,0.0335357
15,39,0.0197667
15,40,0.0109121
15,41,0.00551784
15,42,0.00244627
15,43,0.000914714
15,44,0.000282058
15,45,7.10172e-05
15,46,1.45464e-05
15,47,2.41913e-06
15,48,3.25733e-07
15,49,3.53243e-08
15,50,3.05744e-09
15,51,2.08161e-10
15,52,1.08978e-11
15,53,4.2323e-13
15,54,1.14814e-14
15,55,1.9416e-16
15,56,1.54056e-18
15,57,0
15,58,0
15,59,0
15,60,0
15,61,0
15,62,0
15,63,0
15,64,0
15,65,0
15,66,0
15,67,0
15,68,0
15,69,0
15,70,0
15,71,0
15,72,0
15,73,0
15,74,0
15,75,0
15,76,0
15,77,0
15,78,0
15,79,0
15,80,0
15,81,0
15,82,0
15,83,0
15,84,0
15,85,0
15,86,0
15,87,0
15,88,0
15,89,0
15,90,0
15,91,0
15,92,0
15,93,0
15,94,0
15,95,0
15,96,0
15,97,0
15,98,0
15,99,0
16,0,0
16,1,1.40095e-07
16,2,1.11172e-06
16,3,7.12355e-06
16,4,3.72955e-05
16,5,0.000159934
16,6,0.000563568
16,7,0.00164369
16,8,0.004032
16,9,0.00856222
16,10,0.0163498
16,11,0.0289182
16,12,0.0476883
16,13,0.0729395
16,14,0.103616
16,15,0.137383
16,16,0.170425
16,17,0.199226
16,18,0.221442
16,19,0.235642
16,20,0.242974
16,21,0.244889
16,22,0.243589
16,23,0.241241
16,24,0.239056
16,25,0.238375
16,26,0.239056
16,27,0.241241
16,28,0.243589
16,29,0.244889
16,30,0.242974
16,31,0.235642
16,32,0.221442
16,33,0.199226
16,34,0.170425
16,35,0.137383
16,36,0.103616
16,37,0.0729396
16,38,0.0476883
16,39,0.0289182
16,40,0.0163498
16,41,0.00856222
16,42,0.004032
16,43,0.00164369
16,44,0.000563568
16,45,0.000159934
16,46,3.72955e-05
16,47,7.12356e-06
16,48,1.1118e-06
16,49,1.41293e-07
16,50,1.45338e-08
16,51,1.19835e-09
16,52,7.80145e-11
16,53,3.91821e-12
16,54,1.46404e-13
16,55,3.83096e-15
16,56,6.26323e-17
16,57,4.81427e-19
16,58,0
16,59,0
16,60,0
16,61,0
16,62,0
16,63,0
16,64,0
16,65,0
16,66,0
16,67,0
16,68,0
16,69,0
16,70,0
16,71,0
16,72,0
16,73,0
16,74,0
16,75,0
16,76,0
16,77,0
16,78,0
16,79,0
16,80,0
16,81,0
16,82,0
16,83,0
16,84,0
16,85,0
16,86,0
16,87,0
16,88,0
16,89,0
16,90,0
16,91,0
16,92,0
16,93,0
16,94,0
16,95,0
16,96,0
16,97,0
16,98,0
16,99,0
17,0,0
17,1,4.41587e-07
17,2,3.05751e-06
17,3,1.72216e-05
17,4,8.00366e-05
17,5,0.00030784
17,6,0.000984891
17,7,0.00264893
17,8,0.00610902
17,9,0.0124466
17,10,0.0231257
17,11,0.0399129
17,12,0.064012
17,13,0.0949585
17,14,0.130452
17,15,0.166719
17,16,0.199226
17,17,0.224114
17,18,0.239223
17,19,0.244962
17,20,0.243459
17,21,0.237343
17,22,0.229799
17,23,0.222752
17,24,0.21807
17,25,0.21633
17,26,0.21807
17,27,0.222752
17,28,0.229798
17,29,0.237343
17,30,0.243459
17,31,0.244962
17,32,0.239223
17,33,0.224114
17,34,0.199226
17,35,0.16672
17,36,0.130452
17,37,0.0949585
17,38,0.064012
17,39,0.0399129
17,40,0.0231257
17,41,0.0124466
17,42,0.00610902
17,43,0.00264893
17,44,0.000984891
17,45,0.00030784
17,46,8.00366e-05
17,47,1.72216e-05
17,48,3.05792e-06
17,49,4.46799e-07
17,50,5.34915e-08
17,51,5.2121e-09
17,52,4.09043e-10
17,53,2.54523e-11
17,54,1.22629e-12
17,55,4.40965e-14
17,56,1.11362e-15
17,57,1.76153e-17
17,58,1.31298e-19
17,59,0
17,60,0
17,61,0
17,62,0
17,63,0
17,64,0
17,65,0
17,66,0
17,67,0
17,68,0
17,69,0
17,70,0
17,71,0
17,72,0
17,73,0
17,74,0
17,75,0
17,76,0
17,77,0
17,78,0
17,79,0
17,80,0
17,81,0
17,82,0
17,83,0
17,84,0
17,85,0
17,86,0
17,87,0
17,88,0
17,89,0
17,90,0
17,91,0
17,92,0
17,93,0
17,94,0
17,95,0
17,96,0
17,97,0
17,98,0
17,99,0
18,0,0
18,1,1.12524e-06
18,2,6.94489e-06
18,3,3.51157e-05
18,4,0.000148007
18,5,0.000521876
18,6,0.00154929
18,7,0.00392109
18,8,0.00864267
18,9,0.0170706
18,10,0.0309985
18,11,0.0522818
18,12,0.0815625
18,13,0.117233
18,14,0.155805
18,15,0.192402
18,16,0.221442
18,17,0.239223
18,18,0.245269
18,19,0.24129
18,20,0.230783
18,21,0.217568
18,22,0.204678
18,23,0.194328
18,24,0.187686
18,25,0.185435
18,26,0.187687
18,27,0.194328
18,28,0.204678
18,29,0.217568
18,30,0.230783
18,31,0.24129
18,32,0.245269
18,33,0.239223
18,34,0.221442
18,35,0.192402
18,36,0.155805
18,37,0.117233
18,38,0.0815625
18,39,0.0522818
18,40,0.0309985
18,41,0.0170706
18,42,0.00864267
18,43,0.00392109
18,44,0.00154929
18,45,0.000521876
18,46,0.000148007
18,47,3.51158e-05
18,48,6.9465e-06
18,49,1.14277e-06
18,50,1.55842e-07
18,51,1.75314e-08
18,52,1.6148e-09
18,53,1.20437e-10
18,54,7.15555e-12
18,55,3.30544e-13
18,56,1.14378e-14
18,57,2.78853e-16
18,58,4.27038e-18
18,59,3.08937e-20
18,60,0
18,61,0
18,62,0
18,63,0
18,64,0
18,65,0
18,66,0
18,67,0
18,68,0
18,69,0
18,70,0
18,71,0
18,72,0
18,73,0
18,74,0
18,75,0
18,76,0
18,77,0
18,78,0
18,79,0
18,80,0
18,81,0
18,82,0
18,83,0
18,84,0
18,85,0
18,86,0
18,87,0
18,88,0
18,89,0
18,90,0
18,91,0
18,92,0
18,93,0
18,94,0
18,95,0
18,96,0
18,97,0
18,98,0
18,99,0
19,0,0
19,1,2.38067e-06
19,2,1.33926e-05
19,3,6.21041e-05
19,4,0.00024229
19,5,0.000798288
19,6,0.00223723
19,7,0.00540747
19,8,0.0115235
19,9,0.0222273
19,10,0.0395576
19,11,0.0651949
19,12,0.0989858
19,13,0.138267
19,14,0.178287
19,15,0.212665
19,16,0.235642
19,17,0.244962
19,18,0.24129
19,19,0.228062
19,20,0.210248
19,21,0.19166
19,22,0.175571
19,23,0.163281
19,24,0.155818
19,25,0.153236
19,26,0.155818
19,27,0.163281
19,28,0.175571
19,29,0.19166
19,30,0.210248
19,31,0.228062
19,32,0.24129
19,33,0.244962
19,34,0.235642
19,35,0.212665
19,36,0.178287
19,37,0.138267
19,38,0.0989858
19,39,0.0651949
19,40,0.0395576
19,41,0.0222273
19,42,0.0115235
19,43,0.00540747
19,44,0.00223723
19,45,0.000798288
19,46,0.00024229
19,47,6.21045e-05
19,48,1.33975e-05
19,49,2.42741e-06
19,50,3.68558e-07
19,51,4.67347e-08
19,52,4.923e-09
19,53,4.27363e-10
19,54,3.02176e-11
19,55,1.71106e-12
19,56,7.56897e-14
19,57,2.51871e-15
19,58,5.92753e-17
19,59,8.79196e-19
19,60,6.17874e-21
19,61,0
19,62,0
19,63,0
19,64,0
19,65,0
19,66,0
19,67,0
19,68,0
19,69,0
19,70,0
19,71,0
19,72,0
19,73,0
19,74,0
19,75,0
19,76,0
19,77,0
19,78,0
19,79,0
19,80,0
19,81,0
19,82,0
19,83,0
19,84,0
19,85,0
19,86,0
19,87,0
19,88,0
19,89,0
19,90,0
19,91,0
19,92,0
19,93,0
19,94,0
19,95,0
19,96,0
19,97,0
19,98,0
19,99,0
20,0,0
20,1,4.29857e-06
20,2,2.25025e-05
20,3,9.75399e-05
20,4,0.000358345
20,5,0.00112036
20,6,0.00300482
20,7,0.00701651
20,8,0.0145791
20,9,0.0275834
20,10,0.0481855
20,11,0.077751
20,12,0.115288
20,13,0.156884
20,14,0.196386
20,15,0.226815
20,16,0.242974
20,17,0.243459
20,18,0.230783
20,19,0.210248
20,20,0.1871
20,21,0.165553
20,22,0.147921
20,23,0.135067
20,24,0.127416
20,25,0.124767
20,26,0.127416
20,27,0.135067
20,28,0.147921
20,29,0.165553
20,30,0.1871
20,31,0.210248
20,32,0.230783
20,33,0.243459
20,34,0.242974
20,35,0.226815
20,36,0.196386
20,37,0.156884
20,38,0.115288
20,39,0.077751
20,40,0.0481855
20,41,0.0275834
20,42,0.0145791
20,43,0.00701651
20,44,0.00300482
20,45,0.00112036
20,46,0.000358345
20,47,9.7541e-05
20,48,2.25144e-05
20,49,4.40002e-06
20,50,7.27203e-07
20,51,1.01447e-07
20,52,1.19053e-08
20,53,1.16889e-09
20,54,9.52215e-11
20,55,6.35892e-12
20,56,3.42123e-13
20,57,1.44596e-14
20,58,4.62057e-16
20,59,1.04902e-17
20,60,1.50719e-19
20,61,1.02979e-21
20,62,0
20,63,0
20,64,0
20,65,0
20,66,0
20,67,0
20,68,0
20,69,0
20,70,0
20,71,0
20,72,0
20,73,0
20,74,0
20,75,0
20,76,0
20,77,0
20,78,0
20,79,0
20,80,0
20,81,0
20,82,0
20,83,0
20,84,0
20,85,0
20,86,0
20,87,0
20,88,0
20,89,0
20,90,0
20,91,0
20,92,0
20,93,0
20,94,0
20,95,0
20,96,0
20,97,0
20,98,0
20,99,0
21,0,0
21,1,6.78213e-06
21,2,3.36221e-05
21,3,0.000138427
21,4,0.000485818
21,5,0.00145991
21,6,0.00378885
21,7,0.00862253
21,8,0.0175726
21,9,0.0327293
21,10,0.0562802
21,11,0.0891601
21,12,0.129421
21,13,0.172058
21,14,0.210074
21,15,0.235959
21,16,0.244889
21,17,0.237343
21,18,0.217568
21,19,0.19166
21,20,0.165553
21,21,0.142686
21,22,0.124761
21,23,0.11202
21,24,0.10432
21,25,0.101686
21,26,0.10432
21,27,0.11202
21,28,0.124761
21,29,0.142686
21,30,0.165553
21,31,0.19166
21,32,0.217568
21,33,0.237343
21,34,0.244889
21,35,0.235959
21,36,0.210074
21,37,0.172058
21,38,0.129421
21,39,0.0891601
21,40,0.0562802
21,41,0.0327293
21,42,0.0175726
21,43,0.00862253
21,44,0.00378885
21,45,0.00145991
21,46,0.000485818
21,47,0.00013843
21,48,3.36456e-05
21,49,6.96642e-06
21,50,1.22827e-06
21,51,1.84292e-07
21,52,2.34931e-08
21,53,2.53631e-09
21,54,2.30654e-10
21,55,1.75243e-11
21,56,1.09899e-12
21,57,5.59032e-14
21,58,2.24853e-15
21,59,6.88067e-17
21,60,1.50462e-18
21,61,2.09332e-20
21,62,1.39161e-22
21,63,0
21,64,0
21,65,0
21,66,0
21,67,0
21,68,0
21,69,0
21,70,0
21,71,0
21,72,0
21,73,0
21,74,0
21,75,0
21,76,0
21,77,0
21,78,0
21,79,0
21,80,0
21,81,0
21,82,0
21,83,0
21,84,0
21,85,0
21,86,0
21,87,0
21,88,0
21,89,0
21,90,0
21,91,0
21,92,0
21,93,0
21,94,0
21,95,0
21,96,0
21,97,0
21,98,0
21,99,0
22,0,0
22,1,9.51611e-06
22,2,4.53388e-05
22,3,0.00017975
22,4,0.000610055
22,5,0.00178097
22,6,0.00451274
22,7,0.0100796
22,8,0.0202512
22,9,0.0372603
22,10,0.0632337
22,11,0.0986485
22,12,0.140795
22,13,0.183768
22,14,0.219623
22,15,0.240741
22,16,0.243589
22,17,0.229798
22,18,0.204678
22,19,0.175571
22,20,0.147921
22,21,0.124761
22,22,0.107032
22,23,0.0941835
22,24,0.08608
22,25,0.0829282
22,26,0.08608
22,27,0.0941835
22,28,0.107032
22,29,0.124761
22,30,0.147921
22,31,0.175571
22,32,0.204678
22,33,0.229798
22,34,0.243589
22,35,0.240741
22,36,0.219623
22,37,0.183768
22,38,0.140795
22,39,0.0986485
22,40,0.0632337
22,41,0.0372603
22,42,0.0202512
22,43,0.0100796
22,44,0.00451274
22,45,0.00178097
22,46,0.000610055
22,47,0.000179754
22,48,4.53776e-05
22,49,9.8029e-06
22,50,1.81234e-06
22,51,2.86798e-07
22,52,3.88321e-08
22,53,4.49209e-09
22,54,4.4264e-10
22,55,3.69663e-11
22,56,2.59611e-12
22,57,1.51552e-13
22,58,7.22986e-15
22,59,2.74846e-16
22,60,8.01195e-18
22,61,1.68195e-19
22,62,2.26305e-21
22,63,1.46485e-23
22,64,0
22,65,0
22,66,0
22,67,0
22,68,0
22,69,0
22,70,0
22,71,0
22,72,0
22,73,0
22,74,0
22,75,0
22,76,0
22,77,0
22,78,0
22,79,0
22,80,0
22,81,0
22,82,0
22,83,0
22,84,0
22,85,0
22,86,0
22,87,0
22,88,0
22,89,0
22,90,0
22,91,0
22,92,0
22,93,0
22,94,0
22,95,0
22,96,0
22,97,0
22,98,0
22,99,0
23,0,0
23,1,1.20231e-05
23,2,5.57583e-05
23,3,0.000215425
23,4,0.000714562
23,5,0.00204531
23,6,0.00509916
23,7,0.0112456
23,8,0.0223692
23,9,0.0407885
23,10,0.0685578
23,11,0.10578
23,12,0.149064
23,13,0.191765
23,14,0.225612
23,15,0.243149
23,16,0.241241
23,17,0.222752
23,18,0.194328
23,19,0.163281
23,20,0.135067
23,21,0.11202
23,22,0.0941835
23,23,0.0805913
23,24,0.0705536
23,25,0.0656011
23,26,0.0705536
23,27,0.0805912
23,28,0.0941835
23,29,0.11202
23,30,0.135067
23,31,0.163281
23,32,0.194328
23,33,0.222752
23,34,0.241241
23,35,0.243149
23,36,0.225612
23,37,0.191765
23,38,0.149064
23,39,0.10578
23,40,0.0685579
23,41,0.0407885
23,42,0.0223692
23,43,0.0112456
23,44,0.00509916
23,45,0.00204531
23,46,0.000714562
23,47,0.000215431
23,48,5.58132e-05
23,49,1.24121e-05
23,50,2.37021e-06
23,51,3.88928e-07
23,52,5.48604e-08
23,53,6.64946e-09
23,54,6.91529e-10
23,55,6.15287e-11
23,56,4.6617e-12
23,57,2.98611e-13
23,58,1.6001e-14
23,59,7.06028e-16
23,60,2.50484e-17
23,61,6.88407e-19
23,62,1.37754e-20
23,63,1.78662e-22
23,64,1.12681e-24
23,65,0
23,66,0
23,67,0
23,68,0
23,69,0
23,70,0
23,71,0
23,72,0
23,73,0
23,74,0
23,75,0
23,76,0
23,77,0
23,78,0
23,79,0
23,80,0
23,81,0
23,82,0
23,83,0
23,84,0
23,85,0
23,86,0
23,87,0
23,88,0
23,89,0
23,90,0
23,91,0
23,92,0
23,93,0
23,94,0
23,95,0
23,96,0
23,97,0
23,98,0
23,99,0
24,0,0
24,1,1.37916e-05
24,2,6.29643e-05
24,3,0.000239632
24,4,0.000784328
24,5,0.00221942
24,6,0.00548119
24,7,0.0119985
24,8,0.0237269
24,9,0.0430339
24,10,0.0718993
24,11,0.110149
24,12,0.154023
24,13,0.196526
24,14,0.228966
24,15,0.243867
24,16,0.239056
24,17,0.21807
24,18,0.187687
24,19,0.155818
24,20,0.127416
24,21,0.10432
24,22,0.0860801
24,23,0.0705537
24,24,0.0560998
24,25,0.0438099
24,26,0.0560999
24,27,0.0705537
24,28,0.0860799
24,29,0.10432
24,30,0.127416
24,31,0.155818
24,32,0.187687
24,33,0.21807
24,34,0.239056
24,35,0.243867
24,36,0.228966
24,37,0.196526
24,38,0.154023
24,39,0.110149
24,40,0.0718993
24,41,0.0430339
24,42,0.0237269
24,43,0.0119985
24,44,0.00548119
24,45,0.00221942
24,46,0.000784329
24,47,0.000239641
24,48,6.30315e-05
24,49,1.42565e-05
24,50,2.7742e-06
24,51,4.64901e-07
24,52,6.7149e-08
24,53,8.3613e-09
24,54,8.96981e-10
24,55,8.27574e-11
24,56,6.54644e-12
24,57,4.41909e-13
24,58,2.52847e-14
24,59,1.21461e-15
24,60,4.83171e-17
24,61,1.55901e-18
24,62,3.94646e-20
24,63,7.3961e-22
24,64,9.16216e-24
24,65,5.63404e-26
24,66,0
24,67,0
24,68,0
24,69,0
24,70,0
24,71,0
24,72,0
24,73,0
24,74,0
24,75,0
24,76,0
24,77,0
24,78,0
24,79,0
24,80,0
24,81,0
24,82,0
24,83,0
24,84,0
24,85,0
24,86,0
24,87,0
24,88,0
24,89,0
24,90,0
24,91,0
24,92,0
24,93,0
24,94,0
24,95,0
24,96,0
24,97,0
24,98,0
24,99,0
25,0,0
25,1,1.44298e-05
25,2,6.55407e-05
25,3,0.000248208
25,4,0.000808837
25,5,0.00228015
25,6,0.00561384
25,7,0.0122593
25,8,0.0241948
25,9,0.0437993
25,10,0.0730322
25,11,0.111646
25,12,0.155709
25,13,0.19801
25,14,0.229916
25,15,0.244158
25,16,0.238375
25,17,0.21633
25,18,0.185435
25,19,0.153236
25,20,0.124767
25,21,0.101686
25,22,0.0829282
25,23,0.0656012
25,24,0.0438096
25,25,0.00120386
25,26,0.0438094
25,27,0.0656012
25,28,0.0829282
25,29,0.101686
25,30,0.124767
25,31,0.153236
25,32,0.185435
25,33,0.21633
25,34,0.238375
25,35,0.244158
25,36,0.229916
25,37,0.19801
25,38,0.155709
25,39,0.111646
25,40,0.0730322
25,41,0.0437993
25,42,0.0241948
25,43,0.0122593
25,44,0.00561384
25,45,0.00228015
25,46,0.000808838
25,47,0.000248217
25,48,6.56125e-05
25,49,1.49228e-05
25,50,2.92187e-06
25,51,4.93045e-07
25,52,7.17693e-08
25,53,9.01561e-09
25,54,9.76996e-10
25,55,9.12098e-11
25,56,7.31704e-12
25,57,5.02396e-13
25,58,2.93554e-14
25,59,1.44827e-15
25,60,5.9707e-17
25,61,2.02945e-18
25,62,5.58908e-20
25,63,1.21696e-21
25,64,2.00897e-23
25,65,2.29054e-25
25,66,1.37416e-27
25,67,0
25,68,0
25,69,0
25,70,0
25,71,0
25,72,0
25,73,0
25,74,0
25,75,0
25,76,0
25,77,0
25,78,0
25,79,0
25,80,0
25,81,0
25,82,0
25,83,0
25,84,0
25,85,0
25,86,0
25,87,0
25,88,0
25,89,0
25,90,0
25,91,0
25,92,0
25,93,0
25,94,0
25,95,0
25,96,0
25,97,0
25,98,0
25,99,0
26,0,0
26,1,1.37916e-05
26,2,6.29643e-05
26,3,0.000239632
26,4,0.000784328
26,5,0.00221942
26,6,0.00548119
26,7,0.0119985
26,8,0.0237269
26,9,0.0430339
26,10,0.0718993
26,11,0.110149
26,12,0.154023
26,13,0.196526
26,14,0.228966
26,15,0.243867
26,16,0.239056
26,17,0.21807
26,18,0.187687
26,19,0.155818
26,20,0.127416
26,21,0.10432
26,22,0.0860801
26,23,0.0705537
26,24,0.0560998
26,25,0.0438099
26,26,0.0560999
26,27,0.0705537
26,28,0.0860799
26,29,0.10432
26,30,0.127416
26,31,0.155818
26,32,0.187687
26,33,0.21807
26,34,0.239056
26,35,0.243867
26,36,0.228966
26,37,0.196526
26,38,0.154023
26,39,0.110149
26,40,0.0718993
26,41,0.0430339
26,42,0.0237269
26,43,0.0119985
26,44,0.00548119
26,45,0.00221942
26,46,0.000784329
26,47,0.000239641
26,48,6.30315e-05
26,49,1.42565e-05
26,50,2.7742e-06
26,51,4.64901e-07
26,52,6.7149e-08
26,53,8.3613e-09
26,54,8.96981e-10
26,55,8.27574e-11
26,56,6.54644e-12
26,57,4.41909e-13
26,58,2.52847e-14
26,59,1.21461e-15
26,60,4.83171e-17
26,61,1.55901e-18
26,62,3.94646e-20
26,63,7.3961e-22
26,64,9.16216e-24
26,65,5.63404e-26
26,66,0
26,67,0
26,68,0
26,69,0
26,70,0
26,71,0
26,72,0
26,73,0
26,74,0
26,75,0
26,76,0
26,77,0
26,78,0
26,79,0
26,80,0
26,81,0
26,82,0
26,83,0
26,84,0
26,85,0
26,86,0
26,87,0
26,88,0
26,89,0
26,90,0
26,91,0
26,92,0
26,93,0
26,94,0
26,95,0
26,96,0
26,97,0
26,98,0
26,99,0
27,0,0
27,1,1.20231e-05
27,2,5.57583e-05
27,3,0.000215425
27,4,0.000714562
27,5,0.00204531
27,6,0.00509916
27,7,0.0112456
27,8,0.0223692
27,9,0.0407885
27,10,0.0685578
27,11,0.10578
27,12,0.149064
27,13,0.191765
27,14,0.225612
27,15,0.243149
27,16,0.241241
27,17,0.222752
27,18,0.194328
27,19,0.163281
27,20,0.135067
27,21,0.11202
27,22,0.0941835
27,23,0.0805913
27,24,0.0705536
27,25,0.0656011
27,26,0.0705536
27,27,0.0805912
27,28,0.0941835
27,29,0.11202
27,30,0.135067
27,31,0.163281
27,32,0.194328
27,33,0.222752
27,34,0.241241
27,35,0.243149
27,36,0.225612
27,37,0.191765
27,38,0.149064
27,39,0.10578
27,40,0.0685579
27,41,0.0407885
27,42,0.0223692
27,43,0.0112456
27,44,0.00509916
27,45,0.00204531
27,46,0.000714562
27,47,0.000215431
27,48,5.58132e-05
27,49,1.24121e-05
27,50,2.37021e-06
27,51,3.88928e-07
27,52,5.48604e-08
27,53,6.64946e-09
27,54,6.91529e-10
27,55,6.15287e-11
27,56,4.6617e-12
27,57,2.98611e-13
27,58,1.6001e-14
27,59,7.06028e-16
27,60,2.50484e-17
27,61,6.88407e-19
27,62,1.37754e-20
27,63,1.78662e-22
27,64,1.12681e-24
27,65,0
27,66,0
27,67,0
27,68,0
27,69,0
27,70,0
27,71,0
27,72,0
27,73,0
27,74,0
27,75,0
27,76,0
27,77,0
27,78,0
27,79,0
27,80,0
27,81,0
27,82,0
27,83,0
27,84,0
27,85,0
27,86,0
27,87,0
27,88,0
27,89,0
27,90,0
27,91,0
27,92,0
27,93,0
27,94,0
27,95,0
27,96,0
27,97,0
27,98,0
27,99,0
28,0,0
28,1,9.51611e-06
28,2,4.53388e-05
28,3,0.00017975
28,4,0.000610055
28,5,0.00178097
28,6,0.00451274
28,7,0.0100796
28,8,0.0202512
28,9,0.0372603
28,10,0.0632337
28,11,0.0986485
28,12,0.140795
28,13,0.183768
28,14,0.219623
28,15,0.240741
28,16,0.243589
28,17,0.229798
28,18,0.204678
28,19,0.175571
28,20,0.147921
28,21,0.124761
28,22,0.107032
28,23,0.0941835
28,24,0.08608
28,25,0.0829282
28,26,0.08608
28,27,0.0941835
28,28,0.107032
28,29,0.124761
28,30,0.147921
28,31,0.175571
28,32,0.204678
28,33,0.229798
28,34,0.243589
28,35,0.240741
28,36,0.219623
28,37,0.183768
28,38,0.140795
28,39,0.0986485
28,40,0.0632337
28,41,0.0372603
28,42,0.0202512
28,43,0.0100796
28,44,0.00451274
28,45,0.00178097
28,46,0.000610055
28,47,0.000179754
28,48,4.53776e-05
28,49,9.8029e-06
28,50,1.81234e-06
28,51,2.86798e-07
28,52,3.88321e-08
28,53,4.49209e-09
28,54,4.4264e-10
28,55,3.69663e-11
28,56,2.59611e-12
28,57,1.51552e-13
28,58,7.22986e-15
28,59,2.74846e-16
28,60,8.01195e-18
28,61,1.68195e-19
28,62,2.26305e-21
28,63,1.46485e-23
28,64,0
28,65,0
28,66,0
28,67,0
28,68,0
28,69,0
28,70,0
28,71,0
28,72,0
28,73,0
28,74,0
28,75,0
28,76,0
28,77,0
28,78,0
28,79,0
28,80,0
28,81,0
28,82,0
28,83,0
28,84,0
28,85,0
28,86,0
28,87,0
28,88,0
28,89,0
28,90,0
28,91,0
28,92,0
28,93,0
28,94,0
28,95,0
28,96,0
28,97,0
28,98,0
28,99,0
29,0,0
29,1,6.78213e-06
29,2,3.36221e-05
29,3,0.000138427
29,4,0.000485818
29,5,0.00145991
29,6,0.00378885
29,7,0.00862253
29,8,0.0175726
29,9,0.0327293
29,10,0.0562802
29,11,0.0891601
29,12,0.129421
29,13,0.172058
29,14,0.210074
29,15,0.235959
29,16,0.244889
29,17,0.237343
29,18,0.217568
29,19,0.19166
29,20,0.165553
29,21,0.142686
29,22,0.124761
29,23,0.11202
29,24,0.10432
29,25,0.101686
29,26,0.10432
29,27,0.11202
29,28,0.124761
29,29,0.142686
29,30,0.165553
29,31,0.19166
29,32,0.217568
29,33,0.237343
29,34,0.244889
29,35,0.235959
29,36,0.210074
29,37,0.172058
29,38,0.129421
29,39,0.0891601
29,40,0.0562802
29,41,0.0327293
29,42,0.0175726
29,43,0.00862253
29,44,0.00378885
29,45,0.00145991
29,46,0.000485818
29,47,0.00013843
29,48,3.36456e-05
29,49,6.96642e-06
29,50,1.22827e-06
29,51,1.84292e-07
29,52,2.34931e-08
29,53,2.53631e-09
29,54,2.30654e-10
29,55,1.75243e-11
29,56,1.09899e-12
29,57,5.59032e-14
29,58,2.24853e-15
29,59,6.88067e-17
29,60,1.50462e-18
29,61,2.09332e-20
29,62,1.39161e-22
29,63,0
29,64,0
29,65,0
29,66,0
29,67,0
29,68,0
29,69,0
29,70,0
29,71,0
29,72,0
29,73,0
29,74,0
29,75,0
29,76,0
29,77,0
29,78,0
29,79,0
29,80,0
29,81,0
29,82,0
29,83,0
29,84,0
29,85,0
29,86,0
29,87,0
29,88,0
29,89,0
29,90,0
29,91,0
29,92,0
29,93,0
29,94,0
29,95,0
29,96,0
29,97,0
29,98,0
29,99,0
30,0,0
30,1,4.29857e-06
30,2,2.25025e-05
30,3,9.75399e-05
30,4,0.000358345
30,5,0.00112036
30,6,0.00300482
30,7,0.00701651
30,8,0.0145791
30,9,0.0275834
30,10,0.0481855
30,11,0.077751
30,12,0.115288
30,13,0.156884
30,14,0.196386
30,15,0.226815
30,16,0.242974
30,17,0.243459
30,18,0.230783
30,19,0.210248
30,20,0.1871
30,21,0.165553
30,22,0.147921
30,23,0.135067
30,24,0.127416
30,25,0.124767
30,26,0.127416
30,27,0.135067
30,28,0.147921
30,29,0.165553
30,30,0.1871
30,31,0.210248
30,32,0.230783
30,33,0.243459
30,34,0.242974
30,35,0.226815
30,36,0.196386
30,37,0.156884
30,38,0.115288
30,39,0.077751
30,40,0.0481855
30,41,0.0275834
30,42,0.0145791
30,43,0.00701651
30,44,0.00300482
30,45,0.00112036
30,46,0.000358345
30,47,9.7541e-05
30,48,2.25144e-05
30,49,4.40002e-06
30,50,7.27203e-07
30,51,1.01447e-07
30,52,1.19053e-08
30,53,1.16889e-09
30,54,9.52215e-11
30,55,6.35892e-12
30,56,3.42123e-13
30,57,1.44596e-14
30,58,4.62057e-16
30,59,1.04902e-17
30,60,1.50719e-19
30,61,1.02979e-21
30,62,0
30,63,0
30,64,0
30,65,0
30,66,0
30,67,0
30,68,0
30,69,0
30,70,0
30,71,0
30,72,0
30,73,0
30,74,0
30,75,0
30,76,0
30,77,0
30,78,0
30,79,0
30,80,0
30,81,0
30,82,0
30,83,0
30,84,0
30,85,0
30,86,0
30,87,0
30,88,0
30,89,0
30,90,0
30,91,0
30,92,0
30,93,0
30,94,0
30,95,0
30,96,0
30,97,0
30,98,0
30,99,0
31,0,0
31,1,2.38067e-06
31,2,1.33926e-05
31,3,6.21041e-05
31,4,0.00024229
31,5,0.000798288
31,6,0.00223723
31,7,0.00540747
31,8,0.0115235
31,9,0.0222273
31,10,0.0395576
31,11,0.0651949
31,12,0.0989858
31,13,0.138267
31,14,0.178287
31,15,0.212665
31,16,0.235642
31,17,0.244962
31,18,0.24129
31,19,0.228062
31,20,0.210248
31,21,0.19166
31,22,0.175571
31,23,0.163281
31,24,0.155818
31,25,0.153236
31,26,0.155818
31,27,0.163281
31,28,0.175571
31,29,0.19166
31,30,0.210248
31,31,0.228062
31,32,0.24129
31,33,0.244962
31,34,0.235642
31,35,0.212665
31,36,0.178287
31,37,0.138267
31,38,0.0989858
31,39,0.0651949
31,40,0.0395576
31,41,0.0222273
31,42,0.0115235
31,43,0.00540747
31,44,0.00223723
31,45,0.000798288
31,46,0.00024229
31,47,6.21045e-05
31,48,1.33975e-05
31,49,2.42741e-06
31,50,3.68558e-07
31,51,4.67347e-08
31,52,4.923e-09
31,53,4.27363e-10
31,54,3.02176e-11
31,55,1.71106e-12
31,56,7.56897e-14
31,57,2.51871e-15
31,58,5.92753e-17
31,59,8.79196e-19
31,60,6.17874e-21
31,61,0
31,62,0
31,63,0
31,64,0
31,65,0
31,66,0
31,67,0
31,68,0
31,69,0
31,70,0
31,71,0
31,72,0
31,73,0
31,74,0
31,75,0
31,76,0
31,77,0
31,78,0
31,79,0
31,80,0
31,81,0
31,82,0
31,83,0
31,84,0
31,85,0
31,86,0
31,87,0
31,88,0
31,89,0
31,90,0
31,91,0
31,92,0
31,93,0
31,94,0
31,95,0
31,96,0
31,97,0
31,98,0
31,99,0
32,0,0
32,1,1.12524e-06
32,2,6.94489e-06
32,3,3.51157e-05
32,4,0.000148007
32,5,0.000521876
32,6,0.00154929
32,7,0.00392109
32,8,0.00864267
32,9,0.0170706
32,10,0.0309985
32,11,0.0522818
32,12,0.0815625
32,13,0.117233
32,14,0.155805
32,15,0.192402
32,16,0.221442
32,17,0.239223
32,18,0.245269
32,19,0.24129
32,20,0.230783
32,21,0.217568
32,22,0.204678
32,23,0.194328
32,24,0.187686
32,25,0.185435
32,26,0.187687
32,27,0.194328
32,28,0.204678
32,29,0.217568
32,30,0.230783
32,31,0.24129
32,32,0.245269
32,33,0.239223
32,34,0.221442
32,35,0.192402
32,36,0.155805
32,37,0.117233
32,38,0.0815625
32,39,0.0522818
32,40,0.0309985
32,41,0.0170706
32,42,0.00864267
32,43,0.00392109
32,44,0.00154929
32,45,0.000521876
32,46,0.000148007
32,47,3.51158e-05
32,48,6.9465e-06
32,49,1.14277e-06
32,50,1.55842e-07
32,51,1.75314e-08
32,52,1.6148e-09
32,53,1.20437e-10
32,54,7.15555e-12
32,55,3.30544e-13
32,56,1.14378e-14
32,57,2.78853e-16
32,58,4.27038e-18
32,59,3.08937e-20
32,60,0
32,61,0
32,62,0
32,63,0
32,64,0
32,65,0
32,66,0
32,67,0
32,68,0
