0,0,0
0,1,0
0,2,0
0,3,0
0,4,0
0,5,0
0,6,0
0,7,0
0,8,0
0,9,0
0,10,0
0,11,0
0,12,0
0,13,0
0,14,0
0,15,0
0,16,0
0,17,0
0,18,0
0,19,0
0,20,0
0,21,0
0,22,0
0,23,0
0,24,0
0,25,0
0,26,0
0,27,0
0,28,0
0,29,0
0,30,0
0,31,0
0,32,0
0,33,0
0,34,0
0,35,0
0,36,0
0,37,0
0,38,0
0,39,0
0,40,0
0,41,0
0,42,0
0,43,0
0,44,0
0,45,0
0,46,0
0,47,0
0,48,0
0,49,0
0,50,0
0,51,0
0,52,0
0,53,0
0,54,0
0,55,0
0,56,0
0,57,0
0,58,0
0,59,0
0,60,0
0,61,0
0,62,0
0,63,0
0,64,0
0,65,0
0,66,0
0,67,0
0,68,0
0,69,0
0,70,0
0,71,0
0,72,0
0,73,0
0,74,0
0,75,0
0,76,0
0,77,0
0,78,0
0,79,0
0,80,0
0,81,0
0,82,0
0,83,0
0,84,0
0,85,0
0,86,0
0,87,0
0,88,0
0,89,0
0,90,0
0,91,0
0,92,0
0,93,0
0,94,0
0,95,0
0,96,0
0,97,0
0,98,0
0,99,0
1,0,0
1,1,3.30643e-15
1,2,1.01108e-13
1,3,2.15098e-12
1,4,3.38287e-11
1,5,4.07956e-10
1,6,3.86298e-09
1,7,2.91883e-08
1,8,1.78002e-07
1,9,8.83768e-07
1,10,3.59957e-06
1,11,1.21261e-05
1,12,3.4147e-05
1,13,8.15644e-05
1,14,0.000168464
1,15,0.000307596
1,16,0.000507214
1,17,0.00076867
1,18,0.00108489
1,19,0.00144038
1,20,0.0018124
1,21,0.00217325
1,22,0.00249351
1,23,0.00274545
1,24,0.00290651
1,25,0.00296189
1,26,0.00290651
1,27,0.00274545
1,28,0.00249351
1,29,0.00217325
1,30,0.0018124
1,31,0.00144038
1,32,0.00108489
1,33,0.00076867
1,34,0.000507214
1,35,0.000307596
1,36,0.000168464
1,37,8.15644e-05
1,38,3.4147e-05
1,39,1.21261e-05
1,40,3.59957e-06
1,41,8.83768e-07
1,42,1.78002e-07
1,43,2.91883e-08
1,44,3.86298e-09
1,45,4.07956e-10
1,46,3.38287e-11
1,47,2.15098e-12
1,48,1.01108e-13
1,49,3.30707e-15
1,50,6.71546e-17
1,51,6.37156e-19
1,52,0
1,53,0
1,54,0
1,55,0
1,56,0
1,57,0
1,58,0
1,59,0
1,60,0
1,61,0
1,62,0
1,63,0
1,64,0
1,65,0
1,66,0
1,67,0
1,68,0
1,69,0
1,70,0
1,71,0
1,72,0
1,73,0
1,74,0
1,75,0
1,76,0
1,77,0
1,78,0
1,79,0
1,80,0
1,81,0
1,82,0
1,83,0
1,84,0
1,85,0
1,86,0
1,87,0
1,88,0
1,89,0
1,90,0
1,91,0
1,92,0
1,93,0
1,94,0
1,95,0
1,96,0
1,97,0
1,98,0
1,99,0
2,0,0
2,1,1.01108e-13
2,2,2.24716e-12
2,3,3.69727e-11
2,4,4.67419e-10
2,5,4.64969e-09
2,6,3.69832e-08
2,7,2.37856e-07
2,8,1.2472e-06
2,9,5.36831e-06
2,10,1.91002e-05
2,11,5.66743e-05
2,12,0.000142023
2,13,0.000305922
2,14,0.000578986
2,15,0.000985049
2,16,0.0015363
2,17,0.00222883
2,18,0.00304057
2,19,0.00393179
2,20,0.00484762
2,21,0.00572379
2,22,0.00649332
2,23,0.00709419
2,24,0.00747643
2,25,0.00760756
2,26,0.00747643
2,27,0.00709419
2,28,0.00649332
2,29,0.00572379
2,30,0.00484762
2,31,0.00393179
2,32,0.00304057
2,33,0.00222883
2,34,0.0015363
2,35,0.000985049
2,36,0.000578986
2,37,0.000305922
2,38,0.000142023
2,39,5.66743e-05
2,40,1.91002e-05
2,41,5.36831e-06
2,42,1.2472e-06
2,43,2.37856e-07
2,44,3.69832e-08
2,45,4.64969e-09
2,46,4.67419e-10
2,47,3.69727e-11
2,48,2.24716e-12
2,49,1.0117e-13
2,50,3.17545e-15
2,51,6.19889e-17
2,52,5.66361e-19
2,53,0
2,54,0
2,55,0
2,56,0
2,57,0
2,58,0
2,59,0
2,60,0
2,61,0
2,62,0
2,63,0
2,64,0
2,65,0
2,66,0
2,67,0
2,68,0
2,69,0
2,70,0
2,71,0
2,72,0
2,73,0
2,74,0
2,75,0
2,76,0
2,77,0
2,78,0
2,79,0
2,80,0
2,81,0
2,82,0
2,83,0
2,84,0
2,85,0
2,86,0
2,87,0
2,88,0
2,89,0
2,90,0
2,91,0
2,92,0
2,93,0
2,94,0
2,95,0
2,96,0
2,97,0
2,98,0
2,99,0
3,0,0
3,1,2.15098e-12
3,2,3.69727e-11
3,3,4.88472e-10
3,4,5.086e-09
3,5,4.24039e-08
3,6,2.86206e-07
3,7,1.57602e-06
3,8,7.12301e-06
3,9,2.65734e-05
3,10,8.24109e-05
3,11,0.000214706
3,12,0.000477458
3,13,0.000926212
3,14,0.00160686
3,15,0.00255016
3,16,0.00376486
3,17,0.00523067
3,18,0.00689666
3,19,0.00868165
3,20,0.0104804
3,21,0.0121747
3,22,0.0136444
3,23,0.0147817
3,24,0.0155006
3,25,0.0157467
3,26,0.0155006
3,27,0.0147817
3,28,0.0136444
3,29,0.0121747
3,30,0.0104804
3,31,0.00868165
3,32,0.00689666
3,33,0.00523067
3,34,0.00376486
3,35,0.00255016
3,36,0.00160686
3,37,0.000926212
3,38,0.000477458
3,39,0.000214706
3,40,8.24109e-05
3,41,2.65734e-05
3,42,7.12301e-06
3,43,1.57602e-06
3,44,2.86206e-07
3,45,4.24039e-08
3,46,5.086e-09
3,47,4.88472e-10
3,48,3.69727e-11
3,49,2.15379e-12
3,50,9.30867e-14
3,51,2.80919e-15
3,52,5.28053e-17
3,53,4.65225e-19
3,54,0
3,55,0
3,56,0
3,57,0
3,58,0
3,59,0
3,60,0
3,61,0
3,62,0
3,63,0
3,64,0
3,65,0
3,66,0
3,67,0
3,68,0
3,69,0
3,70,0
3,71,0
3,72,0
3,73,0
3,74,0
3,75,0
3,76,0
3,77,0
3,78,0
3,79,0
3,80,0
3,81,0
3,82,0
3,83,0
3,84,0
3,85,0
3,86,0
3,87,0
3,88,0
3,89,0
3,90,0
3,91,0
3,92,0
3,93,0
3,94,0
3,95,0
3,96,0
3,97,0
3,98,0
3,99,0
4,0,0
4,1,3.38287e-11
4,2,4.67419e-10
4,3,5.086e-09
4,4,4.43789e-08
4,5,3.13882e-07
4,6,1.81275e-06
4,7,8.59397e-06
4,8,3.3597e-05
4,9,0.000108892
4,10,0.000295043
4,11,0.000677541
4,12,0.00134644
4,13,0.00237763
4,14,0.0038302
4,15,0.00574084
4,16,0.00810603
4,17,0.0108738
4,18,0.0139412
4,19,0.0171559
4,20,0.0203349
4,21,0.0232801
4,22,0.0258009
4,23,0.0277311
4,24,0.0289426
4,25,0.0293557
4,26,0.0289426
4,27,0.0277311
4,28,0.0258009
4,29,0.0232801
4,30,0.0203349
4,31,0.0171559
4,32,0.0139412
4,33,0.0108738
4,34,0.00810603
4,35,0.00574084
4,36,0.0038302
4,37,0.00237763
4,38,0.00134644
4,39,0.000677541
4,40,0.000295043
4,41,0.000108892
4,42,3.3597e-05
4,43,8.59397e-06
4,44,1.81276e-06
4,45,3.13882e-07
4,46,4.43789e-08
4,47,5.086e-09
4,48,4.67421e-10
4,49,3.39075e-11
4,50,1.89604e-12
4,51,7.87829e-14
4,52,2.28916e-15
4,53,4.14899e-17
4,54,3.5293e-19
4,55,0
4,56,0
4,57,0
4,58,0
4,59,0
4,60,0
4,61,0
4,62,0
4,63,0
4,64,0
4,65,0
4,66,0
4,67,0
4,68,0
4,69,0
4,70,0
4,71,0
4,72,0
4,73,0
4,74,0
4,75,0
4,76,0
4,77,0
4,78,0
4,79,0
4,80,0
4,81,0
4,82,0
4,83,0
4,84,0
4,85,0
4,86,0
4,87,0
4,88,0
4,89,0
4,90,0
4,91,0
4,92,0
4,93,0
4,94,0
4,95,0
4,96,0
4,97,0
4,98,0
4,99,0
5,0,0
5,1,4.07956e-10
5,2,4.64969e-09
5,3,4.24039e-08
5,4,3.13882e-07
5,5,1.8992e-06
5,6,9.43788e-06
5,7,3.86577e-05
5,8,0.00013102
5,9,0.000369722
5,10,0.000878521
5,11,0.00179181
5,12,0.0032238
5,13,0.00527295
5,14,0.00802803
5,15,0.0115308
5,16,0.0157451
5,17,0.0205546
5,18,0.0257549
5,19,0.0310787
5,20,0.0362305
5,21,0.0409097
5,22,0.04485
5,23,0.0478269
5,24,0.0496797
5,25,0.0503078
5,26,0.0496797
5,27,0.0478269
5,28,0.04485
5,29,0.0409097
5,30,0.0362305
5,31,0.0310787
5,32,0.0257549
5,33,0.0205546
5,34,0.0157451
5,35,0.0115308
5,36,0.00802803
5,37,0.00527295
5,38,0.0032238
5,39,0.00179181
5,40,0.000878521
5,41,0.000369722
5,42,0.00013102
5,43,3.86577e-05
5,44,9.43788e-06
5,45,1.8992e-06
5,46,3.13882e-07
5,47,4.24039e-08
5,48,4.64976e-09
5,49,4.09488e-10
5,50,2.85092e-11
5,51,1.53238e-12
5,52,6.12962e-14
5,53,1.71707e-15
5,54,3.00444e-17
5,55,2.47051e-19
5,56,0
5,57,0
5,58,0
5,59,0
5,60,0
5,61,0
5,62,0
5,63,0
5,64,0
5,65,0
5,66,0
5,67,0
5,68,0
5,69,0
5,70,0
5,71,0
5,72,0
5,73,0
5,74,0
5,75,0
5,76,0
5,77,0
5,78,0
5,79,0
5,80,0
5,81,0
5,82,0
5,83,0
5,84,0
5,85,0
5,86,0
5,87,0
5,88,0
5,89,0
5,90,0
5,91,0
5,92,0
5,93,0
5,94,0
5,95,0
5,96,0
5,97,0
5,98,0
5,99,0
6,0,0
6,1,3.86298e-09
6,2,3.69832e-08
6,3,2.86206e-07
6,4,1.81275e-06
6,5,9.43788e-06
6,6,4.05059e-05
6,7,0.000143685
6,8,0.000423084
6,9,0.00104327
6,10,0.00219116
6,11,0.00402793
6,12,0.00670204
6,13,0.0103847
6,14,0.0152082
6,15,0.0211752
6,16,0.0281595
6,17,0.0358994
6,18,0.0440122
6,19,0.0520785
6,20,0.0596649
6,21,0.0663862
6,22,0.0719262
6,23,0.0760414
6,24,0.0785747
6,25,0.079427
6,26,0.0785747
6,27,0.0760414
6,28,0.0719262
6,29,0.0663862
6,30,0.0596649
6,31,0.0520785
6,32,0.0440122
6,33,0.0358994
6,34,0.0281595
6,35,0.0211752
6,36,0.0152082
6,37,0.0103847
6,38,0.00670204
6,39,0.00402794
6,40,0.00219116
6,41,0.00104327
6,42,0.000423084
6,43,0.000143685
6,44,4.05059e-05
6,45,9.43788e-06
6,46,1.81276e-06
6,47,2.86206e-07
6,48,3.69843e-08
6,49,3.88495e-09
6,50,3.28261e-10
6,51,2.19618e-11
6,52,1.13611e-12
6,53,4.3803e-14
6,54,1.18437e-15
6,55,2.00296e-17
6,56,1.59388e-19
6,57,0
6,58,0
6,59,0
6,60,0
6,61,0
6,62,0
6,63,0
6,64,0
6,65,0
6,66,0
6,67,0
6,68,0
6,69,0
6,70,0
6,71,0
6,72,0
6,73,0
6,74,0
6,75,0
6,76,0
6,77,0
6,78,0
6,79,0
6,80,0
6,81,0
6,82,0
6,83,0
6,84,0
6,85,0
6,86,0
6,87,0
6,88,0
6,89,0
6,90,0
6,91,0
6,92,0
6,93,0
6,94,0
6,95,0
6,96,0
6,97,0
6,98,0
6,99,0
7,0,0
7,1,2.91883e-08
7,2,2.37856e-07
7,3,1.57602e-06
7,4,8.59397e-06
7,5,3.86577e-05
7,6,0.000143685
7,7,0.00044249
7,8,0.00113644
7,9,0.00246931
7,10,0.0046591
7,11,0.00791372
7,12,0.0125145
7,13,0.018741
7,14,0.0266661
7,15,0.0361384
7,16,0.0468295
7,17,0.0582049
7,18,0.0696701
7,19,0.0806462
7,20,0.0906006
7,21,0.0991525
7,22,0.106002
7,23,0.11099
7,24,0.114008
7,25,0.115021
7,26,0.114008
7,27,0.11099
7,28,0.106002
7,29,0.0991525
7,30,0.0906006
7,31,0.0806462
7,32,0.0696701
7,33,0.0582049
7,34,0.0468295
7,35,0.0361384
7,36,0.0266661
7,37,0.018741
7,38,0.0125145
7,39,0.00791372
7,40,0.0046591
7,41,0.00246931
7,42,0.00113644
7,43,0.00044249
7,44,0.000143685
7,45,3.86577e-05
7,46,8.59397e-06
7,47,1.57602e-06
7,48,2.37872e-07
7,49,2.94289e-08
7,50,2.96438e-09
7,51,2.40585e-10
7,52,1.54851e-11
7,53,7.71846e-13
7,54,2.87154e-14
7,55,7.50245e-16
7,56,1.22762e-17
7,57,9.46364e-20
7,58,0
7,59,0
7,60,0
7,61,0
7,62,0
7,63,0
7,64,0
7,65,0
7,66,0
7,67,0
7,68,0
7,69,0
7,70,0
7,71,0
7,72,0
7,73,0
7,74,0
7,75,0
7,76,0
7,77,0
7,78,0
7,79,0
7,80,0
7,81,0
7,82,0
7,83,0
7,84,0
7,85,0
7,86,0
7,87,0
7,88,0
7,89,0
7,90,0
7,91,0
7,92,0
7,93,0
7,94,0
7,95,0
7,96,0
7,97,0
7,98,0
7,99,0
8,0,0
8,1,1.78002e-07
8,2,1.2472e-06
8,3,7.12301e-06
8,4,3.3597e-05
8,5,0.00013102
8,6,0.000423084
8,7,0.00113644
8,8,0.00256913
8,9,0.00500626
8,10,0.00872445
8,11,0.0141277
8,12,0.0216937
8,13,0.0316122
8,14,0.0436767
8,15,0.0574693
8,16,0.0722924
8,17,0.0872906
8,18,0.101719
8,19,0.11487
8,20,0.126288
8,21,0.135693
8,22,0.142954
8,23,0.148097
8,24,0.151132
8,25,0.152151
8,26,0.151132
8,27,0.148097
8,28,0.142954
8,29,0.135693
8,30,0.126288
8,31,0.11487
8,32,0.101719
8,33,0.0872906
8,34,0.0722924
8,35,0.0574693
8,36,0.0436767
8,37,0.0316122
8,38,0.0216937
8,39,0.0141277
8,40,0.00872445
8,41,0.00500626
8,42,0.00256913
8,43,0.00113644
8,44,0.000423084
8,45,0.00013102
8,46,3.3597e-05
8,47,7.12302e-06
8,48,1.24736e-06
8,49,1.80065e-07
8,50,2.13438e-08
8,51,2.0635e-09
8,52,1.61012e-10
8,53,9.98003e-12
8,54,4.79796e-13
8,55,1.72419e-14
8,56,4.35731e-16
8,57,6.90537e-18
8,58,5.16198e-20
8,59,0
8,60,0
8,61,0
8,62,0
8,63,0
8,64,0
8,65,0
8,66,0
8,67,0
8,68,0
8,69,0
8,70,0
8,71,0
8,72,0
8,73,0
8,74,0
8,75,0
8,76,0
8,77,0
8,78,0
8,79,0
8,80,0
8,81,0
8,82,0
8,83,0
8,84,0
8,85,0
8,86,0
8,87,0
8,88,0
8,89,0
8,90,0
8,91,0
8,92,0
8,93,0
8,94,0
8,95,0
8,96,0
8,97,0
8,98,0
8,99,0
9,0,0
9,1,8.83768e-07
9,2,5.36831e-06
9,3,2.65734e-05
9,4,0.000108892
9,5,0.000369722
9,6,0.00104327
9,7,0.00246931
9,8,0.00500626
9,9,0.00900934
9,10,0.0149967
9,11,0.023662
9,12,0.0353789
9,13,0.0498836
9,14,0.0666271
9,15,0.0847852
9,16,0.103159
9,17,0.120736
9,18,0.136649
9,19,0.150258
9,20,0.161399
9,21,0.169986
9,22,0.176289
9,23,0.180504
9,24,0.182931
9,25,0.18371
9,26,0.182931
9,27,0.180504
9,28,0.176289
9,29,0.169986
9,30,0.161399
9,31,0.150258
9,32,0.136649
9,33,0.120736
9,34,0.103159
9,35,0.0847852
9,36,0.0666271
9,37,0.0498836
9,38,0.0353789
9,39,0.023662
9,40,0.0149967
9,41,0.00900934
9,42,0.00500626
9,43,0.00246931
9,44,0.00104327
9,45,0.000369722
9,46,0.000108892
9,47,2.65735e-05
9,48,5.36962e-06
9,49,8.97859e-07
9,50,1.24006e-07
9,51,1.40909e-08
9,52,1.30844e-09
9,53,9.82376e-11
9,54,5.86897e-12
9,55,2.72387e-13
9,56,9.46374e-15
9,57,2.31549e-16
9,58,3.55731e-18
9,59,2.58099e-20
9,60,0
9,61,0
9,62,0
9,63,0
9,64,0
9,65,0
9,66,0
9,67,0
9,68,0
9,69,0
9,70,0
9,71,0
9,72,0
9,73,0
9,74,0
9,75,0
9,76,0
9,77,0
9,78,0
9,79,0
9,80,0
9,81,0
9,82,0
9,83,0
9,84,0
9,85,0
9,86,0
9,87,0
9,88,0
9,89,0
9,90,0
9,91,0
9,92,0
9,93,0
9,94,0
9,95,0
9,96,0
9,97,0
9,98,0
9,99,0
10,0,0
10,1,3.59957e-06
10,2,1.91002e-05
10,3,8.24109e-05
10,4,0.000295043
10,5,0.000878521
10,6,0.00219116
10,7,0.0046591
10,8,0.00872445
10,9,0.0149967
10,10,0.024354
10,11,0.0374216
10,12,0.0539664
10,13,0.0732765
10,14,0.0944427
10,15,0.11592
10,16,0.136204
10,17,0.154272
10,18,0.169199
10,19,0.180869
10,20,0.189417
10,21,0.195253
10,22,0.199052
10,23,0.201233
10,24,0.202413
10,25,0.202715
10,26,0.202413
10,27,0.201233
10,28,0.199052
10,29,0.195253
10,30,0.189417
10,31,0.180869
10,32,0.169199
10,33,0.154272
10,34,0.136204
10,35,0.11592
10,36,0.0944427
10,37,0.0732765
10,38,0.0539664
10,39,0.0374216
10,40,0.024354
10,41,0.0149967
10,42,0.00872445
10,43,0.0046591
10,44,0.00219116
10,45,0.000878521
10,46,0.000295043
10,47,8.24117e-05
10,48,1.91087e-05
10,49,3.67714e-06
10,50,5.86956e-07
10,51,7.75694e-08
10,52,8.45295e-09
10,53,7.54309e-10
10,54,5.45296e-11
10,55,3.14231e-12
10,56,1.40903e-13
10,57,4.737e-15
10,58,1.12305e-16
10,59,1.67403e-18
10,60,1.17988e-20
10,61,0
10,62,0
10,63,0
10,64,0
10,65,0
10,66,0
10,67,0
10,68,0
10,69,0
10,70,0
10,71,0
10,72,0
10,73,0
10,74,0
10,75,0
10,76,0
10,77,0
10,78,0
10,79,0
10,80,0
10,81,0
10,82,0
10,83,0
10,84,0
10,85,0
10,86,0
10,87,0
10,88,0
10,89,0
10,90,0
10,91,0
10,92,0
10,93,0
10,94,0
10,95,0
10,96,0
10,97,0
10,98,0
10,99,0
11,0,0
11,1,1.21261e-05
11,2,5.66743e-05
11,3,0.000214706
11,4,0.000677541
11,5,0.00179181
11,6,0.00402793
11,7,0.00791372
11,8,0.0141277
11,9,0.023662
11,10,0.0374216
11,11,0.0553896
11,12,0.07675
11,13,0.100479
11,14,0.124777
11,15,0.147427
11,16,0.167079
11,17,0.182601
11,18,0.193644
11,19,0.200804
11,20,0.204551
11,21,0.206116
11,22,0.206186
11,23,0.205716
11,24,0.205169
11,25,0.204965
11,26,0.205169
11,27,0.205716
11,28,0.206186
11,29,0.206116
11,30,0.204551
11,31,0.200804
11,32,0.193644
11,33,0.182601
11,34,0.167079
11,35,0.147427
11,36,0.124777
11,37,0.100479
11,38,0.07675
11,39,0.0553896
11,40,0.0374216
11,41,0.023662
11,42,0.0141277
11,43,0.00791372
11,44,0.00402794
11,45,0.00179181
11,46,0.000677541
11,47,0.000214711
11,48,5.67182e-05
11,49,1.24739e-05
11,50,2.28375e-06
11,51,3.47842e-07
11,52,4.39835e-08
11,53,4.59739e-09
11,54,3.94403e-10
11,55,2.74667e-11
11,56,1.52765e-12
11,57,6.62273e-14
11,58,2.15598e-15
11,59,4.95671e-17
11,60,7.17441e-19
11,61,4.91617e-21
11,62,0
11,63,0
11,64,0
11,65,0
11,66,0
11,67,0
11,68,0
11,69,0
11,70,0
11,71,0
11,72,0
11,73,0
11,74,0
11,75,0
11,76,0
11,77,0
11,78,0
11,79,0
11,80,0
11,81,0
11,82,0
11,83,0
11,84,0
11,85,0
11,86,0
11,87,0
11,88,0
11,89,0
11,90,0
11,91,0
11,92,0
11,93,0
11,94,0
11,95,0
11,96,0
11,97,0
11,98,0
11,99,0
12,0,0
12,1,3.4147e-05
12,2,0.000142023
12,3,0.000477458
12,4,0.00134644
12,5,0.0032238
12,6,0.00670204
12,7,0.0125145
12,8,0.0216937
12,9,0.0353789
12,10,0.0539664
12,11,0.07675
12,12,0.102524
12,13,0.129308
12,14,0.154195
12,15,0.175142
12,16,0.190918
12,17,0.200761
12,18,0.205606
12,19,0.206318
12,20,0.204289
12,21,0.200978
12,22,0.197188
12,23,0.194115
12,24,0.191891
12,25,0.191264
12,26,0.191891
12,27,0.194114
12,28,0.197188
12,29,0.200978
12,30,0.204289
12,31,0.206318
12,32,0.205606
12,33,0.200761
12,34,0.190918
12,35,0.175142
12,36,0.154195
12,37,0.129308
12,38,0.102524
12,39,0.07675
12,40,0.0539664
12,41,0.0353789
12,42,0.0216937
12,43,0.0125145
12,44,0.00670204
12,45,0.0032238
12,46,0.00134644
12,47,0.000477481
12,48,0.000142209
12,49,3.54306e-05
12,50,7.37757e-06
12,51,1.2836e-06
12,52,1.86432e-07
12,53,2.25489e-08
12,54,2.2607e-09
12,55,1.86484e-10
12,56,1.25153e-11
12,57,6.72139e-13
12,58,2.81877e-14
12,59,8.89134e-16
12,60,1.98367e-17
12,61,2.79005e-19
12,62,1.86017e-21
12,63,0
12,64,0
12,65,0
12,66,0
12,67,0
12,68,0
12,69,0
12,70,0
12,71,0
12,72,0
12,73,0
12,74,0
12,75,0
12,76,0
12,77,0
12,78,0
12,79,0
12,80,0
12,81,0
12,82,0
12,83,0
12,84,0
12,85,0
12,86,0
12,87,0
12,88,0
12,89,0
12,90,0
12,91,0
12,92,0
12,93,0
12,94,0
12,95,0
12,96,0
12,97,0
12,98,0
12,99,0
13,0,0
13,1,8.15644e-05
13,2,0.000305922
13,3,0.000926212
13,4,0.00237763
13,5,0.00527295
13,6,0.0103847
13,7,0.018741
13,8,0.0316122
13,9,0.0498836
13,10,0.0732765
13,11,0.100479
13,12,0.129308
13,13,0.156456
13,14,0.178945
13,15,0.195167
13,16,0.204084
13,17,0.206469
13,18,0.203964
13,19,0.197951
13,20,0.190668
13,21,0.183035
13,22,0.176443
13,23,0.171291
13,24,0.168109
13,25,0.167019
13,26,0.168109
13,27,0.171291
13,28,0.176443
13,29,0.183035
13,30,0.190668
13,31,0.197951
13,32,0.203964
13,33,0.206469
13,34,0.204084
13,35,0.195167
13,36,0.178945
13,37,0.156456
13,38,0.129308
13,39,0.100479
13,40,0.0732766
13,41,0.0498836
13,42,0.0316122
13,43,0.018741
13,44,0.0103847
13,45,0.00527295
13,46,0.00237764
13,47,0.000926303
13,48,0.000306573
13,49,8.55078e-05
13,50,2.00402e-05
13,51,3.94341e-06
13,52,6.51155e-07
13,53,9.01054e-08
13,54,1.04189e-08
13,55,1.00168e-09
13,56,7.94488e-11
13,57,5.13912e-12
13,58,2.66588e-13
13,59,1.08196e-14
13,60,3.30864e-16
13,61,7.16748e-18
13,62,9.80287e-20
13,63,6.36375e-22
13,64,0
13,65,0
13,66,0
13,67,0
13,68,0
13,69,0
13,70,0
13,71,0
13,72,0
13,73,0
13,74,0
13,75,0
13,76,0
13,77,0
13,78,0
13,79,0
13,80,0
13,81,0
13,82,0
13,83,0
13,84,0
13,85,0
13,86,0
13,87,0
13,88,0
13,89,0
13,90,0
13,91,0
13,92,0
13,93,0
13,94,0
13,95,0
13,96,0
13,97,0
13,98,0
13,99,0
14,0,0
14,1,0.000168464
14,2,0.000578986
14,3,0.00160686
14,4,0.0038302
14,5,0.00802803
14,6,0.0152082
14,7,0.0266661
14,8,0.0436767
14,9,0.0666271
14,10,0.0944427
14,11,0.124777
14,12,0.154195
14,13,0.178945
14,14,0.196426
14,15,0.205309
14,16,0.205987
14,17,0.200581
14,18,0.191004
14,19,0.179726
14,20,0.168492
14,21,0.158304
14,22,0.15021
14,23,0.14411
14,24,0.140628
14,25,0.139295
14,26,0.140628
14,27,0.14411
14,28,0.15021
14,29,0.158304
14,30,0.168492
14,31,0.179726
14,32,0.191004
14,33,0.200581
14,34,0.205987
14,35,0.205309
14,36,0.196426
14,37,0.178945
14,38,0.154195
14,39,0.124777
14,40,0.0944427
14,41,0.0666271
14,42,0.0436767
14,43,0.0266661
14,44,0.0152082
14,45,0.00802803
14,46,0.00383024
14,47,0.00160715
14,48,0.000580885
14,49,0.000178697
14,50,4.65285e-05
14,51,1.02324e-05
14,52,1.89901e-06
14,53,2.9715e-07
14,54,3.91312e-08
14,55,4.32227e-09
14,56,3.98273e-10
14,57,3.03655e-11
14,58,1.89303e-12
14,59,9.48621e-14
14,60,3.72697e-15
14,61,1.10534e-16
14,62,2.32624e-18
14,63,3.09564e-20
14,64,1.95808e-22
14,65,0
14,66,0
14,67,0
14,68,0
14,69,0
14,70,0
14,71,0
14,72,0
14,73,0
14,74,0
14,75,0
14,76,0
14,77,0
14,78,0
14,79,0
14,80,0
14,81,0
14,82,0
14,83,0
14,84,0
14,85,0
14,86,0
14,87,0
14,88,0
14,89,0
14,90,0
14,91,0
14,92,0
14,93,0
14,94,0
14,95,0
14,96,0
14,97,0
14,98,0
14,99,0
15,0,0
15,1,0.000307596
15,2,0.000985049
15,3,0.00255016
15,4,0.00574084
15,5,0.0115308
15,6,0.0211752
15,7,0.0361384
15,8,0.0574693
15,9,0.0847852
15,10,0.11592
15,11,0.147427
15,12,0.175142
15,13,0.195167
15,14,0.205309
15,15,0.205685
15,16,0.198305
15,17,0.185867
15,18,0.171191
15,19,0.15668
15,20,0.14354
15,21,0.132759
15,22,0.124398
15,23,0.118589
15,24,0.11515
15,25,0.114021
15,26,0.11515
15,27,0.118589
15,28,0.124398
15,29,0.132759
15,30,0.14354
15,31,0.15668
15,32,0.171191
15,33,0.185867
15,34,0.198305
15,35,0.205685
15,36,0.205309
15,37,0.195167
15,38,0.175142
15,39,0.147427
15,40,0.11592
15,41,0.0847852
15,42,0.0574693
15,43,0.0361384
15,44,0.0211752
15,45,0.0115308
15,46,0.00574096
15,47,0.00255098
15,48,0.000989748
15,49,0.000330421
15,50,9.41646e-05
15,51,2.28251e-05
15,52,4.69884e-06
15,53,8.20773e-07
15,54,1.21491e-07
15,55,1.52038e-08
15,56,1.60238e-09
15,57,1.41395e-10
15,58,1.03568e-11
15,59,6.22063e-13
15,60,3.01099e-14
15,61,1.14525e-15
15,62,3.29503e-17
15,63,6.73966e-19
15,64,8.7313e-21
15,65,5.38472e-23
15,66,0
15,67,0
15,68,0
15,69,0
15,70,0
15,71,0
15,72,0
15,73,0
15,74,0
15,75,0
15,76,0
15,77,0
15,78,0
15,79,0
15,80,0
15,81,0
15,82,0
15,83,0
15,84,0
15,85,0
15,86,0
15,87,0
15,88,0
15,89,0
15,90,0
15,91,0
15,92,0
15,93,0
15,94,0
15,95,0
15,96,0
15,97,0
15,98,0
15,99,0
16,0,0
16,1,0.000507214
16,2,0.0015363
16,3,0.00376486
16,4,0.00810603
16,5,0.0157451
16,6,0.0281595
16,7,0.0468295
16,8,0.0722924
16,9,0.103159
16,10,0.136204
16,11,0.167079
16,12,0.190918
16,13,0.204084
16,14,0.205987
16,15,0.198305
16,16,0.183967
16,17,0.166688
16,18,0.149308
16,19,0.133641
16,20,0.120651
16,21,0.110449
16,22,0.102976
16,23,0.0978722
16,24,0.0949508
16,25,0.0939769
16,26,0.0949509
16,27,0.0978722
16,28,0.102976
16,29,0.110449
16,30,0.120651
16,31,0.133641
16,32,0.149308
16,33,0.166688
16,34,0.183967
16,35,0.198305
16,36,0.205987
16,37,0.204084
16,38,0.190918
16,39,0.167079
16,40,0.136204
16,41,0.103159
16,42,0.0722925
16,43,0.0468295
16,44,0.0281595
16,45,0.0157451
16,46,0.00810635
16,47,0.0037668
16,48,0.00154635
16,49,0.000551857
16,50,0.000169567
16,51,4.46423e-05
16,52,1.00488e-05
16,53,1.93192e-06
16,54,3.16914e-07
16,55,4.42853e-08
16,56,5.2571e-09
16,57,5.27874e-10
16,58,4.45514e-11
16,59,3.13212e-12
16,60,1.81132e-13
16,61,8.46525e-15
16,62,3.11672e-16
16,63,8.6998e-18
16,64,1.72994e-19
16,65,2.18282e-21
16,66,1.31335e-23
16,67,0
16,68,0
16,69,0
16,70,0
16,71,0
16,72,0
16,73,0
16,74,0
16,75,0
16,76,0
16,77,0
16,78,0
16,79,0
16,80,0
16,81,0
16,82,0
16,83,0
16,84,0
16,85,0
16,86,0
16,87,0
16,88,0
16,89,0
16,90,0
16,91,0
16,92,0
16,93,0
16,94,0
16,95,0
16,96,0
16,97,0
16,98,0
16,99,0
17,0,0
17,1,0.00076867
17,2,0.00222883
17,3,0.00523067
17,4,0.0108738
17,5,0.0205546
17,6,0.0358994
17,7,0.0582049
17,8,0.0872906
17,9,0.120736
17,10,0.154272
17,11,0.182601
17,12,0.200761
17,13,0.206469
17,14,0.200581
17,15,0.185867
17,16,0.166688
17,17,0.146875
17,18,0.128702
17,19,0.113694
17,20,0.101795
17,21,0.0929912
17,22,0.0866666
17,23,0.0824748
17,24,0.0800932
17,25,0.0792981
17,26,0.0800932
17,27,0.0824749
17,28,0.0866667
17,29,0.0929912
17,30,0.101795
17,31,0.113694
17,32,0.128702
17,33,0.146875
17,34,0.166688
17,35,0.185867
17,36,0.200581
17,37,0.206469
17,38,0.200761
17,39,0.182601
17,40,0.154272
17,41,0.120736
17,42,0.0872906
17,43,0.0582049
17,44,0.0358994
17,45,0.0205548
17,46,0.0108745
17,47,0.00523462
17,48,0.00224777
17,49,0.000846713
17,50,0.000276762
17,51,7.80429e-05
17,52,1.89356e-05
17,53,3.94887e-06
17,54,7.07308e-07
17,55,1.08701e-07
17,56,1.43062e-08
17,57,1.60742e-09
17,58,1.53468e-10
17,59,1.23671e-11
17,60,8.33336e-13
17,61,4.63504e-14
17,62,2.08995e-15
17,63,7.445e-17
17,64,2.01587e-18
17,65,3.89745e-20
17,66,4.79157e-22
17,67,2.81431e-24
17,68,0
17,69,0
17,70,0
17,71,0
17,72,0
17,73,0
17,74,0
17,75,0
17,76,0
17,77,0
17,78,0
17,79,0
17,80,0
17,81,0
17,82,0
17,83,0
17,84,0
17,85,0
17,86,0
17,87,0
17,88,0
17,89,0
17,90,0
17,91,0
17,92,0
17,93,0
17,94,0
17,95,0
17,96,0
17,97,0
17,98,0
17,99,0
18,0,0
18,1,0.00108489
18,2,0.00304057
18,3,0.00689666
18,4,0.0139412
18,5,0.0257549
18,6,0.0440122
18,7,0.0696701
18,8,0.101719
18,9,0.136649
18,10,0.169199
18,11,0.193644
18,12,0.205606
18,13,0.203964
18,14,0.191004
18,15,0.171191
18,16,0.149308
18,17,0.128701
18,18,0.111387
18,19,0.0977653
18,20,0.087526
18,21,0.0801926
18,22,0.0749325
18,23,0.0715787
18,24,0.0695367
18,25,0.0689743
18,26,0.0695366
18,27,0.0715786
18,28,0.0749325
18,29,0.0801926
18,30,0.087526
18,31,0.0977654
18,32,0.111387
18,33,0.128702
18,34,0.149308
18,35,0.171191
18,36,0.191004
18,37,0.203964
18,38,0.205606
18,39,0.193644
18,40,0.169199
18,41,0.136649
18,42,0.101719
18,43,0.0696701
18,44,0.0440122
18,45,0.0257551
18,46,0.0139426
18,47,0.0069038
18,48,0.00307257
18,49,0.00120886
18,50,0.000415541
18,51,0.000123973
18,52,3.20026e-05
18,53,7.14001e-06
18,54,1.37627e-06
18,55,2.29086e-07
18,56,3.28941e-08
18,57,4.06604e-09
18,58,4.31232e-10
18,59,3.90462e-11
18,60,2.99731e-12
18,61,1.93187e-13
18,62,1.03173e-14
18,63,4.48265e-16
18,64,1.54368e-17
18,65,4.05262e-19
18,66,7.61736e-21
18,67,9.12679e-23
18,68,5.23593e-25
18,69,0
18,70,0
18,71,0
18,72,0
18,73,0
18,74,0
18,75,0
18,76,0
18,77,0
18,78,0
18,79,0
18,80,0
18,81,0
18,82,0
18,83,0
18,84,0
18,85,0
18,86,0
18,87,0
18,88,0
18,89,0
18,90,0
18,91,0
18,92,0
18,93,0
18,94,0
18,95,0
18,96,0
18,97,0
18,98,0
18,99,0
19,0,0
19,1,0.00144038
19,2,0.00393179
19,3,0.00868165
19,4,0.0171559
19,5,0.0310787
19,6,0.0520785
19,7,0.0806462
19,8,0.11487
19,9,0.150258
19,10,0.180869
19,11,0.200804
19,12,0.206318
19,13,0.197951
19,14,0.179726
19,15,0.15668
19,16,0.133641
19,17,0.113694
19,18,0.0977654
19,19,0.0858564
19,20,0.0771931
19,21,0.0709527
19,22,0.0665673
19,23,0.0635892
19,24,0.0618631
19,25,0.0612783
19,26,0.0618631
19,27,0.0635893
19,28,0.0665673
19,29,0.0709527
19,30,0.0771931
19,31,0.0858564
19,32,0.0977654
19,33,0.113694
19,34,0.133641
19,35,0.15668
19,36,0.179726
19,37,0.197951
19,38,0.206318
19,39,0.200804
19,40,0.180869
19,41,0.150258
19,42,0.11487
19,43,0.0806462
19,44,0.0520786
19,45,0.0310791
19,46,0.0171583
19,47,0.00869326
19,48,0.00398101
19,49,0.00162168
19,50,0.00058053
19,51,0.000181303
19,52,4.92258e-05
19,53,1.16054e-05
19,54,2.37546e-06
19,55,4.22155e-07
19,56,6.51171e-08
19,57,8.70867e-09
19,58,1.00768e-09
19,59,1.00533e-10
19,60,8.60394e-12
19,61,6.27155e-13
19,62,3.8554e-14
19,63,1.97216e-15
19,64,8.24009e-17
19,65,2.73908e-18
19,66,6.96546e-20
19,67,1.27229e-21
19,68,1.48576e-23
19,69,8.32988e-26
19,70,0
19,71,0
19,72,0
19,73,0
19,74,0
19,75,0
19,76,0
19,77,0
19,78,0
19,79,0
19,80,0
19,81,0
19,82,0
19,83,0
19,84,0
19,85,0
19,86,0
19,87,0
19,88,0
19,89,0
19,90,0
19,91,0
19,92,0
19,93,0
19,94,0
19,95,0
19,96,0
19,97,0
19,98,0
19,99,0
20,0,0
20,1,0.0018124
20,2,0.00484762
20,3,0.0104804
20,4,0.0203349
20,5,0.0362305
20,6,0.0596649
20,7,0.0906006
20,8,0.126288
20,9,0.161399
20,10,0.189417
20,11,0.204551
20,12,0.204289
20,13,0.190668
20,14,0.168492
20,15,0.14354
20,16,0.120651
20,17,0.101795
20,18,0.087526
20,19,0.0771931
20,20,0.0696415
20,21,0.0642539
20,22,0.0602058
20,23,0.057466
20,24,0.0556704
20,25,0.0551446
20,26,0.0556705
20,27,0.057466
20,28,0.0602058
20,29,0.0642539
20,30,0.0696415
20,31,0.077193
20,32,0.087526
20,33,0.101795
20,34,0.120651
20,35,0.14354
20,36,0.168492
20,37,0.190668
20,38,0.204289
20,39,0.204551
20,40,0.189417
20,41,0.161399
20,42,0.126288
20,43,0.0906007
20,44,0.059665
20,45,0.0362312
20,46,0.0203386
20,47,0.0104976
20,48,0.00491733
20,49,0.00205898
20,50,0.000761232
20,51,0.000246582
20,52,6.97132e-05
20,53,1.71794e-05
20,54,3.69005e-06
20,55,6.91155e-07
20,56,1.12916e-07
20,57,1.60866e-08
20,58,1.99635e-09
20,59,2.15354e-10
20,60,2.0124e-11
20,61,1.62075e-12
20,62,1.11698e-13
20,63,6.52272e-15
20,64,3.18424e-16
20,65,1.27549e-17
20,66,4.08272e-19
20,67,1.00398e-20
20,68,1.7804e-22
20,69,2.02603e-24
20,70,1.11065e-26
20,71,0
20,72,0
20,73,0
20,74,0
20,75,0
20,76,0
20,77,0
20,78,0
20,79,0
20,80,0
20,81,0
20,82,0
20,83,0
20,84,0
20,85,0
20,86,0
20,87,0
20,88,0
20,89,0
20,90,0
20,91,0
20,92,0
20,93,0
20,94,0
20,95,0
20,96,0
20,97,0
20,98,0
20,99,0
21,0,0
21,1,0.00217325
21,2,0.00572379
21,3,0.0121747
21,4,0.0232801
21,5,0.0409097
21,6,0.0663862
21,7,0.0991525
21,8,0.135693
21,9,0.169986
21,10,0.195253
21,11,0.206116
21,12,0.200978
21,13,0.183035
21,14,0.158304
21,15,0.132759
21,16,0.110449
21,17,0.0929913
21,18,0.0801926
21,19,0.0709527
21,20,0.0642539
21,21,0.0591579
21,22,0.0552541
21,23,0.0522511
21,24,0.0502561
21,25,0.0495212
21,26,0.0502562
21,27,0.0522511
21,28,0.0552541
21,29,0.0591579
21,30,0.0642539
21,31,0.0709527
21,32,0.0801926
21,33,0.0929912
21,34,0.110449
21,35,0.132759
21,36,0.158304
21,37,0.183035
21,38,0.200978
21,39,0.206116
21,40,0.195253
21,41,0.169986
21,42,0.135693
21,43,0.0991525
21,44,0.0663863
21,45,0.0409107
21,46,0.0232853
21,47,0.0121981
21,48,0.0058155
21,49,0.00248754
21,50,0.000943009
21,51,0.000314288
21,52,9.17077e-05
21,53,2.33953e-05
21,54,5.21825e-06
21,55,1.01834e-06
21,56,1.73999e-07
21,57,2.60399e-08
21,58,3.41241e-09
21,59,3.91154e-10
21,60,3.91372e-11
21,61,3.40665e-12
21,62,2.56693e-13
21,63,1.66274e-14
21,64,9.17012e-16
21,65,4.24911e-17
21,66,1.62391e-18
21,67,4.9855e-20
21,68,1.18204e-21
21,69,2.03139e-23
21,70,2.25115e-25
21,71,1.20723e-27
21,72,0
21,73,0
21,74,0
21,75,0
21,76,0
21,77,0
21,78,0
21,79,0
21,80,0
21,81,0
21,82,0
21,83,0
21,84,0
21,85,0
21,86,0
21,87,0
21,88,0
21,89,0
21,90,0
21,91,0
21,92,0
21,93,0
21,94,0
21,95,0
21,96,0
21,97,0
21,98,0
21,99,0
22,0,0
22,1,0.00249351
22,2,0.00649332
22,3,0.0136444
22,4,0.0258009
22,5,0.04485
22,6,0.0719262
22,7,0.106002
22,8,0.142954
22,9,0.176289
22,10,0.199052
22,11,0.206186
22,12,0.197188
22,13,0.176443
22,14,0.15021
22,15,0.124398
22,16,0.102976
22,17,0.0866667
22,18,0.0749326
22,19,0.0665673
22,20,0.0602057
22,21,0.055254
22,22,0.0509967
22,23,0.0474702
22,24,0.0447508
22,25,0.0436238
22,26,0.0447508
22,27,0.0474703
22,28,0.0509966
22,29,0.055254
22,30,0.0602057
22,31,0.0665673
22,32,0.0749326
22,33,0.0866666
22,34,0.102976
22,35,0.124398
22,36,0.15021
22,37,0.176443
22,38,0.197188
22,39,0.206186
22,40,0.199052
22,41,0.176289
22,42,0.142954
22,43,0.106002
22,44,0.0719264
22,45,0.0448514
22,46,0.0258076
22,47,0.0136739
22,48,0.00660612
22,49,0.00287106
22,50,0.00110895
22,51,0.000377551
22,52,0.000112808
22,53,2.9535e-05
22,54,6.77653e-06
22,55,1.36372e-06
22,56,2.40955e-07
22,57,3.74099e-08
22,58,5.10528e-09
22,59,6.12209e-10
22,60,6.44381e-11
22,61,5.94081e-12
22,62,4.78187e-13
22,63,3.34465e-14
22,64,2.01944e-15
22,65,1.04294e-16
22,66,4.54888e-18
22,67,1.64585e-19
22,68,4.81382e-21
22,69,1.09464e-22
22,70,1.81668e-24
22,71,1.95752e-26
22,72,1.02743e-28
22,73,0
22,74,0
22,75,0
22,76,0
22,77,0
22,78,0
22,79,0
22,80,0
22,81,0
22,82,0
22,83,0
22,84,0
22,85,0
22,86,0
22,87,0
22,88,0
22,89,0
22,90,0
22,91,0
22,92,0
22,93,0
22,94,0
22,95,0
22,96,0
22,97,0
22,98,0
22,99,0
23,0,0
23,1,0.00274545
23,2,0.00709419
23,3,0.0147817
23,4,0.0277311
23,5,0.0478269
23,6,0.0760414
23,7,0.11099
23,8,0.148097
23,9,0.180504
23,10,0.201233
23,11,0.205716
23,12,0.194115
23,13,0.171291
23,14,0.14411
23,15,0.118589
23,16,0.0978721
23,17,0.0824749
23,18,0.0715786
23,19,0.0635894
23,20,0.0574659
23,21,0.052251
23,22,0.0474703
23,23,0.0428824
23,24,0.0387167
23,25,0.0363036
23,26,0.0387167
23,27,0.0428823
23,28,0.0474704
23,29,0.0522511
23,30,0.0574659
23,31,0.0635892
23,32,0.0715787
23,33,0.0824749
23,34,0.0978722
23,35,0.118589
23,36,0.14411
23,37,0.171291
23,38,0.194115
23,39,0.205716
23,40,0.201233
23,41,0.180504
23,42,0.148097
23,43,0.11099
23,44,0.0760417
23,45,0.0478286
23,46,0.0277393
23,47,0.0148165
23,48,0.00722457
23,49,0.00317468
23,50,0.00124223
23,51,0.000429227
23,52,0.000130376
23,53,3.47558e-05
23,54,8.13253e-06
23,55,1.6719e-06
23,56,3.02352e-07
23,57,4.81508e-08
23,58,6.75765e-09
23,59,8.35935e-10
23,60,9.11031e-11
23,61,8.73664e-12
23,62,7.35668e-13
23,63,5.42196e-14
23,64,3.4818e-15
23,65,1.93608e-16
23,66,9.24312e-18
23,67,3.74431e-19
23,68,1.26571e-20
23,69,3.48405e-22
23,70,7.5214e-24
23,71,1.1968e-25
23,72,1.24948e-27
23,73,6.42143e-30
23,74,0
23,75,0
23,76,0
23,77,0
23,78,0
23,79,0
23,80,0
23,81,0
23,82,0
23,83,0
23,84,0
23,85,0
23,86,0
23,87,0
23,88,0
23,89,0
23,90,0
23,91,0
23,92,0
23,93,0
23,94,0
23,95,0
23,96,0
23,97,0
23,98,0
23,99,0
24,0,0
24,1,0.00290651
24,2,0.00747642
24,3,0.0155006
24,4,0.0289426
24,5,0.0496797
24,6,0.0785747
24,7,0.114008
24,8,0.151132
24,9,0.182931
24,10,0.202413
24,11,0.205169
24,12,0.191891
24,13,0.168109
24,14,0.140628
24,15,0.11515
24,16,0.0949509
24,17,0.0800932
24,18,0.0695366
24,19,0.0618631
24,20,0.0556705
24,21,0.0502561
24,22,0.0447509
24,23,0.0387165
24,24,0.0315932
24,25,0.0247654
24,26,0.0315933
24,27,0.0387165
24,28,0.0447508
24,29,0.0502562
24,30,0.0556705
24,31,0.061863
24,32,0.0695367
24,33,0.0800932
24,34,0.0949508
24,35,0.11515
24,36,0.140628
24,37,0.168109
24,38,0.191891
24,39,0.205169
24,40,0.202413
24,41,0.182931
24,42,0.151132
24,43,0.114008
24,44,0.0785751
24,45,0.0496816
24,46,0.0289516
24,47,0.0155389
24,48,0.00761845
24,49,0.00336959
24,50,0.00132859
24,51,0.000463079
24,52,0.000142028
24,53,3.82667e-05
24,54,9.05818e-06
24,55,1.88573e-06
24,56,3.45713e-07
24,57,5.58845e-08
24,58,7.97285e-09
24,59,1.00436e-09
24,60,1.11707e-10
24,61,1.09612e-11
24,62,9.47507e-13
24,63,7.19826e-14
24,64,4.79e-15
24,65,2.77921e-16
24,66,1.39749e-17
24,67,6.04131e-19
24,68,2.2213e-20
24,69,6.84445e-22
24,70,1.7296e-23
24,71,3.46538e-25
24,72,5.19522e-27
24,73,5.20617e-29
24,74,2.62099e-31
24,75,0
24,76,0
24,77,0
24,78,0
24,79,0
24,80,0
24,81,0
24,82,0
24,83,0
24,84,0
24,85,0
24,86,0
24,87,0
24,88,0
24,89,0
24,90,0
24,91,0
24,92,0
24,93,0
24,94,0
24,95,0
24,96,0
24,97,0
24,98,0
24,99,0
25,0,0
25,1,0.0029619
25,2,0.00760756
25,3,0.0157467
25,4,0.0293557
25,5,0.0503078
25,6,0.079427
25,7,0.115021
25,8,0.152151
25,9,0.183709
25,10,0.202715
25,11,0.204965
25,12,0.191264
25,13,0.167019
25,14,0.139295
25,15,0.114021
25,16,0.0939769
25,17,0.0792982
25,18,0.0689743
25,19,0.0612783
25,20,0.0551445
25,21,0.0495212
25,22,0.0436239
25,23,0.0363037
25,24,0.0247654
25,25,1.59726e-06
25,26,0.0247655
25,27,0.0363035
25,28,0.0436239
25,29,0.049521
25,30,0.0551446
25,31,0.0612782
25,32,0.0689744
25,33,0.0792981
25,34,0.0939769
25,35,0.114021
25,36,0.139295
25,37,0.167019
25,38,0.191264
25,39,0.204965
25,40,0.202715
25,41,0.18371
25,42,0.152151
25,43,0.115021
25,44,0.0794274
25,45,0.0503097
25,46,0.0293651
25,47,0.0157862
25,48,0.00775367
25,49,0.00343676
25,50,0.00135849
25,51,0.000474864
25,52,0.00014611
25,53,3.95048e-05
25,54,9.38704e-06
25,55,1.96232e-06
25,56,3.61379e-07
25,57,5.87052e-08
25,58,8.42069e-09
25,59,1.06714e-09
25,60,1.19486e-10
25,61,1.18133e-11
25,62,1.02997e-12
25,63,7.90279e-14
25,64,5.32038e-15
25,65,3.13009e-16
25,66,1.6007e-17
25,67,7.06638e-19
25,68,2.66908e-20
25,69,8.52853e-22
25,70,2.27236e-23
25,71,4.95567e-25
25,72,8.62153e-27
25,73,1.1465e-28
25,74,1.06248e-30
25,75,1.0484e-32
25,76,0
25,77,0
25,78,0
25,79,0
25,80,0
25,81,0
25,82,0
25,83,0
25,84,0
25,85,0
25,86,0
25,87,0
25,88,0
25,89,0
25,90,0
25,91,0
25,92,0
25,93,0
25,94,0
25,95,0
25,96,0
25,97,0
25,98,0
25,99,0
26,0,0
26,1,0.00290651
26,2,0.00747642
26,3,0.0155006
26,4,0.0289426
26,5,0.0496797
26,6,0.0785747
26,7,0.114008
26,8,0.151132
26,9,0.182931
26,10,0.202413
26,11,0.205169
26,12,0.191891
26,13,0.168109
26,14,0.140628
26,15,0.11515
26,16,0.0949509
26,17,0.0800932
26,18,0.0695366
26,19,0.0618631
26,20,0.0556705
26,21,0.0502561
26,22,0.0447509
26,23,0.0387165
26,24,0.0315932
26,25,0.0247654
26,26,0.0315933
26,27,0.0387165
26,28,0.0447508
26,29,0.0502562
26,30,0.0556705
26,31,0.061863
26,32,0.0695367
26,33,0.0800932
26,34,0.0949508
26,35,0.11515
26,36,0.140628
26,37,0.168109
26,38,0.191891
26,39,0.205169
26,40,0.202413
26,41,0.182931
26,42,0.151132
26,43,0.114008
26,44,0.0785751
26,45,0.0496816
26,46,0.0289516
26,47,0.0155389
26,48,0.00761845
26,49,0.00336959
26,50,0.00132859
26,51,0.000463079
26,52,0.000142028
26,53,3.82667e-05
26,54,9.05818e-06
26,55,1.88573e-06
26,56,3.45713e-07
26,57,5.58845e-08
26,58,7.97285e-09
26,59,1.00436e-09
26,60,1.11707e-10
26,61,1.09612e-11
26,62,9.47507e-13
26,63,7.19826e-14
26,64,4.79e-15
26,65,2.77921e-16
26,66,1.39749e-17
26,67,6.04131e-19
26,68,2.2213e-20
26,69,6.84445e-22
26,70,1.7296e-23
26,71,3.46538e-25
26,72,5.19522e-27
26,73,5.20617e-29
26,74,5.24198e-31
26,75,1.06248e-30
26,76,2.62099e-31
26,77,0
26,78,0
26,79,0
26,80,0
26,81,0
26,82,0
26,83,0
26,84,0
26,85,0
26,86,0
26,87,0
26,88,0
26,89,0
26,90,0
26,91,0
26,92,0
26,93,0
26,94,0
26,95,0
26,96,0
26,97,0
26,98,0
26,99,0
27,0,0
27,1,0.00274545
27,2,0.00709419
27,3,0.0147817
27,4,0.0277311
27,5,0.0478269
27,6,0.0760414
27,7,0.11099
27,8,0.148097
27,9,0.180504
27,10,0.201233
27,11,0.205716
27,12,0.194115
27,13,0.171291
27,14,0.14411
27,15,0.118589
27,16,0.0978721
27,17,0.0824749
27,18,0.0715786
27,19,0.0635894
27,20,0.0574659
27,21,0.052251
27,22,0.0474703
27,23,0.0428824
27,24,0.0387167
27,25,0.0363036
27,26,0.0387167
27,27,0.0428823
27,28,0.0474704
27,29,0.0522511
27,30,0.0574659
27,31,0.0635892
27,32,0.0715787
27,33,0.0824749
27,34,0.0978722
27,35,0.118589
27,36,0.14411
27,37,0.171291
27,38,0.194115
27,39,0.205716
27,40,0.201233
27,41,0.180504
27,42,0.148097
27,43,0.11099
27,44,0.0760417
27,45,0.0478286
27,46,0.0277393
27,47,0.0148165
27,48,0.00722457
27,49,0.00317468
27,50,0.00124223
27,51,0.000429227
27,52,0.000130376
27,53,3.47558e-05
27,54,8.13253e-06
27,55,1.6719e-06
27,56,3.02352e-07
27,57,4.81508e-08
27,58,6.75765e-09
27,59,8.35935e-10
27,60,9.11031e-11
27,61,8.73664e-12
27,62,7.35668e-13
27,63,5.42196e-14
27,64,3.4818e-15
27,65,1.93608e-16
27,66,9.24312e-18
27,67,3.74431e-19
27,68,1.26571e-20
27,69,3.48405e-22
27,70,7.5214e-24
27,71,1.1968e-25
27,72,1.24948e-27
27,73,1.28429e-29
27,74,5.20617e-29
27,75,1.1465e-28
27,76,5.20617e-29
27,77,6.42143e-30
27,78,0
27,79,0
27,80,0
27,81,0
27,82,0
27,83,0
27,84,0
27,85,0
27,86,0
27,87,0
27,88,0
27,89,0
27,90,0
27,91,0
27,92,0
27,93,0
27,94,0
27,95,0
27,96,0
27,97,0
27,98,0
27,99,0
28,0,0
28,1,0.00249351
28,2,0.00649332
28,3,0.0136444
28,4,0.0258009
28,5,0.04485
28,6,0.0719262
28,7,0.106002
28,8,0.142954
28,9,0.176289
28,10,0.199052
28,11,0.206186
28,12,0.197188
28,13,0.176443
28,14,0.15021
28,15,0.124398
28,16,0.102976
28,17,0.0866667
28,18,0.0749326
28,19,0.0665673
28,20,0.0602057
28,21,0.055254
28,22,0.0509967
28,23,0.0474702
28,24,0.0447508
28,25,0.0436238
28,26,0.0447508
28,27,0.0474703
28,28,0.0509966
28,29,0.055254
28,30,0.0602057
28,31,0.0665673
28,32,0.0749326
28,33,0.0866666
28,34,0.102976
28,35,0.124398
28,36,0.15021
28,37,0.176443
28,38,0.197188
28,39,0.206186
28,40,0.199052
28,41,0.176289
28,42,0.142954
28,43,0.106002
28,44,0.0719264
28,45,0.0448514
28,46,0.0258076
28,47,0.0136739
28,48,0.00660612
28,49,0.00287106
28,50,0.00110895
28,51,0.000377551
28,52,0.000112808
28,53,2.9535e-05
28,54,6.77653e-06
28,55,1.36372e-06
28,56,2.40955e-07
28,57,3.74099e-08
28,58,5.10528e-09
28,59,6.12209e-10
28,60,6.44381e-11
28,61,5.94081e-12
28,62,4.78187e-13
28,63,3.34465e-14
28,64,2.01944e-15
28,65,1.04294e-16
28,66,4.54888e-18
28,67,1.64585e-19
28,68,4.81382e-21
28,69,1.09464e-22
28,70,1.81668e-24
28,71,1.95752e-26
28,72,2.05486e-28
28,73,1.24948e-27
28,74,5.19522e-27
28,75,8.62152e-27
28,76,5.19522e-27
28,77,1.24948e-27
28,78,1.02743e-28
28,79,0
28,80,0
28,81,0
28,82,0
28,83,0
28,84,0
28,85,0
28,86,0
28,87,0
28,88,0
28,89,0
28,90,0
28,91,0
28,92,0
28,93,0
28,94,0
28,95,0
28,96,0
28,97,0
28,98,0
28,99,0
29,0,0
29,1,0.00217325
29,2,0.00572379
29,3,0.0121747
29,4,0.0232801
29,5,0.0409097
29,6,0.0663862
29,7,0.0991525
29,8,0.135693
29,9,0.169986
29,10,0.195253
29,11,0.206116
29,12,0.200978
29,13,0.183035
29,14,0.158304
29,15,0.132759
29,16,0.110449
29,17,0.0929913
29,18,0.0801926
29,19,0.0709527
29,20,0.0642539
29,21,0.0591579
29,22,0.0552541
29,23,0.0522511
29,24,0.0502561
29,25,0.0495212
29,26,0.0502562
29,27,0.0522511
29,28,0.0552541
29,29,0.0591579
29,30,0.0642539
29,31,0.0709527
29,32,0.0801926
29,33,0.0929912
29,34,0.110449
29,35,0.132759
29,36,0.158304
29,37,0.183035
29,38,0.200978
29,39,0.206116
29,40,0.195253
29,41,0.169986
29,42,0.135693
29,43,0.0991525
29,44,0.0663863
29,45,0.0409107
29,46,0.0232853
29,47,0.0121981
29,48,0.0058155
29,49,0.00248754
29,50,0.000943009
29,51,0.000314288
29,52,9.17077e-05
29,53,2.33953e-05
29,54,5.21825e-06
29,55,1.01834e-06
29,56,1.73999e-07
29,57,2.60399e-08
29,58,3.41241e-09
29,59,3.91154e-10
29,60,3.91372e-11
29,61,3.40665e-12
29,62,2.56693e-13
29,63,1.66274e-14
29,64,9.17012e-16
29,65,4.24911e-17
29,66,1.62391e-18
29,67,4.9855e-20
29,68,1.18204e-21
29,69,2.03139e-23
29,70,2.25115e-25
29,71,2.41446e-27
29,72,1.95752e-26
29,73,1.1968e-25
29,74,3.46538e-25
29,75,4.95567e-25
29,76,3.46538e-25
29,77,1.1968e-25
29,78,1.95752e-26
29,79,1.20723e-27
29,80,0
29,81,0
29,82,0
29,83,0
29,84,0
29,85,0
29,86,0
29,87,0
29,88,0
29,89,0
29,90,0
29,91,0
29,92,0
29,93,0
29,94,0
29,95,0
29,96,0
29,97,0
29,98,0
29,99,0
30,0,0
30,1,0.0018124
30,2,0.00484762
30,3,0.0104804
30,4,0.0203349
30,5,0.0362305
30,6,0.0596649
30,7,0.0906006
30,8,0.126288
30,9,0.161399
30,10,0.189417
30,11,0.204551
30,12,0.204289
30,13,0.190668
30,14,0.168492
30,15,0.14354
30,16,0.120651
30,17,0.101795
30,18,0.087526
30,19,0.0771931
30,20,0.0696415
30,21,0.0642539
30,22,0.0602058
30,23,0.057466
30,24,0.0556704
30,25,0.0551446
30,26,0.0556705
30,27,0.057466
30,28,0.0602058
30,29,0.0642539
30,30,0.0696415
30,31,0.077193
30,32,0.087526
30,33,0.101795
30,34,0.120651
30,35,0.14354
30,36,0.168492
30,37,0.190668
30,38,0.204289
30,39,0.204551
30,40,0.189417
30,41,0.161399
30,42,0.126288
30,43,0.0906007
30,44,0.059665
30,45,0.0362312
30,46,0.0203386
30,47,0.0104976
30,48,0.00491733
30,49,0.00205898
30,50,0.000761232
30,51,0.000246582
30,52,6.97132e-05
30,53,1.71794e-05
30,54,3.69005e-06
30,55,6.91155e-07
30,56,1.12916e-07
30,57,1.60866e-08
30,58,1.99635e-09
30,59,2.15354e-10
30,60,2.0124e-11
30,61,1.62075e-12
30,62,1.11698e-13
30,63,6.52272e-15
30,64,3.18424e-16
30,65,1.27549e-17
30,66,4.08272e-19
30,67,1.00398e-20
30,68,1.7804e-22
30,69,2.02603e-24
30,70,2.2213e-26
30,71,2.25115e-25
30,72,1.81668e-24
30,73,7.5214e-24
30,74,1.7296e-23
30,75,2.27236e-23
30,76,1.7296e-23
30,77,7.5214e-24
30,78,1.81668e-24
30,79,2.25115e-25
30,80,1.11065e-26
30,81,0
