0,0,0
0,1,0
0,2,0
0,3,0
0,4,0
0,5,0
0,6,0
0,7,0
0,8,0
0,9,0
0,10,0
0,11,0
0,12,0
0,13,0
0,14,0
0,15,0
0,16,0
0,17,0
0,18,0
0,19,0
0,20,0
0,21,0
0,22,0
0,23,0
0,24,0
0,25,0
0,26,0
0,27,0
0,28,0
0,29,0
0,30,0
0,31,0
0,32,0
0,33,0
0,34,0
0,35,0
0,36,0
0,37,0
0,38,0
0,39,0
0,40,0
0,41,0
0,42,0
0,43,0
0,44,0
0,45,0
0,46,0
0,47,0
0,48,0
0,49,0
0,50,0
0,51,0
0,52,0
0,53,0
0,54,0
0,55,0
0,56,0
0,57,0
0,58,0
0,59,0
0,60,0
0,61,0
0,62,0
0,63,0
0,64,0
0,65,0
0,66,0
0,67,0
0,68,0
0,69,0
0,70,0
0,71,0
0,72,0
0,73,0
0,74,0
0,75,0
0,76,0
0,77,0
0,78,0
0,79,0
0,80,0
0,81,0
0,82,0
0,83,0
0,84,0
0,85,0
0,86,0
0,87,0
0,88,0
0,89,0
0,90,0
0,91,0
0,92,0
0,93,0
0,94,0
0,95,0
0,96,0
0,97,0
0,98,0
0,99,0
1,0,0
1,1,0
1,2,0
1,3,0
1,4,0
1,5,0
1,6,0
1,7,0
1,8,0
1,9,0
1,10,0
1,11,0
1,12,0
1,13,1.76128e-15
1,14,8.6119e-14
1,15,1.86138e-12
1,16,2.35074e-11
1,17,1.93527e-10
1,18,1.10041e-09
1,19,4.48897e-09
1,20,1.3569e-08
1,21,3.14471e-08
1,22,5.79666e-08
1,23,8.77995e-08
1,24,1.11715e-07
1,25,1.2089e-07
1,26,1.11715e-07
1,27,8.77995e-08
1,28,5.79666e-08
1,29,3.14471e-08
1,30,1.3569e-08
1,31,4.48897e-09
1,32,1.10041e-09
1,33,1.93527e-10
1,34,2.35074e-11
1,35,1.86138e-12
1,36,8.6119e-14
1,37,1.76128e-15
1,38,0
1,39,0
1,40,0
1,41,0
1,42,0
1,43,0
1,44,0
1,45,0
1,46,0
1,47,0
1,48,0
1,49,0
1,50,0
1,51,0
1,52,0
1,53,0
1,54,0
1,55,0
1,56,0
1,57,0
1,58,0
1,59,0
1,60,0
1,61,0
1,62,0
1,63,0
1,64,0
1,65,0
1,66,0
1,67,0
1,68,0
1,69,0
1,70,0
1,71,0
1,72,0
1,73,0
1,74,0
1,75,0
1,76,0
1,77,0
1,78,0
1,79,0
1,80,0
1,81,0
1,82,0
1,83,0
1,84,0
1,85,0
1,86,0
1,87,0
1,88,0
1,89,0
1,90,0
1,91,0
1,92,0
1,93,0
1,94,0
1,95,0
1,96,0
1,97,0
1,98,0
1,99,0
2,0,0
2,1,0
2,2,0
2,3,0
2,4,0
2,5,0
2,6,0
2,7,0
2,8,0
2,9,0
2,10,0
2,11,0
2,12,3.25159e-15
2,13,1.72238e-13
2,14,4.05897e-12
2,15,5.6284e-11
2,16,5.1254e-10
2,17,3.24705e-09
2,18,1.48476e-08
2,19,5.04817e-08
2,20,1.31584e-07
2,21,2.72185e-07
2,22,4.62614e-07
2,23,6.64037e-07
2,24,8.1934e-07
2,25,8.7788e-07
2,26,8.1934e-07
2,27,6.64037e-07
2,28,4.62614e-07
2,29,2.72185e-07
2,30,1.31584e-07
2,31,5.04817e-08
2,32,1.48476e-08
2,33,3.24705e-09
2,34,5.1254e-10
2,35,5.6284e-11
2,36,4.05897e-12
2,37,1.72238e-13
2,38,3.25159e-15
2,39,0
2,40,0
2,41,0
2,42,0
2,43,0
2,44,0
2,45,0
2,46,0
2,47,0
2,48,0
2,49,0
2,50,0
2,51,0
2,52,0
2,53,0
2,54,0
2,55,0
2,56,0
2,57,0
2,58,0
2,59,0
2,60,0
2,61,0
2,62,0
2,63,0
2,64,0
2,65,0
2,66,0
2,67,0
2,68,0
2,69,0
2,70,0
2,71,0
2,72,0
2,73,0
2,74,0
2,75,0
2,76,0
2,77,0
2,78,0
2,79,0
2,80,0
2,81,0
2,82,0
2,83,0
2,84,0
2,85,0
2,86,0
2,87,0
2,88,0
2,89,0
2,90,0
2,91,0
2,92,0
2,93,0
2,94,0
2,95,0
2,96,0
2,97,0
2,98,0
2,99,0
3,0,0
3,1,0
3,2,0
3,3,0
3,4,0
3,5,0
3,6,0
3,7,0
3,8,0
3,9,0
3,10,0
3,11,5.3419e-15
3,12,3.04729e-13
3,13,7.77522e-12
3,14,1.17411e-10
3,15,1.17137e-09
3,16,8.17773e-09
3,17,4.14074e-08
3,18,1.56305e-07
3,19,4.52009e-07
3,20,1.03355e-06
3,21,1.9353e-06
3,22,3.06316e-06
3,23,4.19189e-06
3,24,5.03249e-06
3,25,5.34411e-06
3,26,5.03249e-06
3,27,4.19189e-06
3,28,3.06316e-06
3,29,1.9353e-06
3,30,1.03355e-06
3,31,4.52009e-07
3,32,1.56305e-07
3,33,4.14074e-08
3,34,8.17773e-09
3,35,1.17137e-09
3,36,1.17411e-10
3,37,7.77523e-12
3,38,3.04729e-13
3,39,5.3419e-15
3,40,0
3,41,0
3,42,0
3,43,0
3,44,0
3,45,0
3,46,0
3,47,0
3,48,0
3,49,0
3,50,0
3,51,0
3,52,0
3,53,0
3,54,0
3,55,0
3,56,0
3,57,0
3,58,0
3,59,0
3,60,0
3,61,0
3,62,0
3,63,0
3,64,0
3,65,0
3,66,0
3,67,0
3,68,0
3,69,0
3,70,0
3,71,0
3,72,0
3,73,0
3,74,0
3,75,0
3,76,0
3,77,0
3,78,0
3,79,0
3,80,0
3,81,0
3,82,0
3,83,0
3,84,0
3,85,0
3,86,0
3,87,0
3,88,0
3,89,0
3,90,0
3,91,0
3,92,0
3,93,0
3,94,0
3,95,0
3,96,0
3,97,0
3,98,0
3,99,0
4,0,0
4,1,0
4,2,0
4,3,0
4,4,0
4,5,0
4,6,0
4,7,0
4,8,0
4,9,0
4,10,7.83479e-15
4,11,4.7886e-13
4,12,1.31523e-11
4,13,2.14866e-10
4,14,2.33125e-09
4,15,1.7789e-08
4,16,9.88672e-08
4,17,4.10597e-07
4,18,1.30531e-06
4,19,3.26703e-06
4,20,6.65808e-06
4,21,1.14351e-05
4,22,1.7011e-05
4,23,2.23268e-05
4,24,2.61683e-05
4,25,2.75706e-05
4,26,2.61683e-05
4,27,2.23268e-05
4,28,1.7011e-05
4,29,1.14351e-05
4,30,6.65808e-06
4,31,3.26703e-06
4,32,1.30531e-06
4,33,4.10597e-07
4,34,9.88672e-08
4,35,1.7789e-08
4,36,2.33125e-09
4,37,2.14866e-10
4,38,1.31523e-11
4,39,4.7886e-13
4,40,7.83479e-15
4,41,0
4,42,0
4,43,0
4,44,0
4,45,0
4,46,0
4,47,0
4,48,0
4,49,0
4,50,0
4,51,0
4,52,0
4,53,0
4,54,0
4,55,0
4,56,0
4,57,0
4,58,0
4,59,0
4,60,0
4,61,0
4,62,0
4,63,0
4,64,0
4,65,0
4,66,0
4,67,0
4,68,0
4,69,0
4,70,0
4,71,0
4,72,0
4,73,0
4,74,0
4,75,0
4,76,0
4,77,0
4,78,0
4,79,0
4,80,0
4,81,0
4,82,0
4,83,0
4,84,0
4,85,0
4,86,0
4,87,0
4,88,0
4,89,0
4,90,0
4,91,0
4,92,0
4,93,0
4,94,0
4,95,0
4,96,0
4,97,0
4,98,0
4,99,0
5,0,0
5,1,0
5,2,0
5,3,0
5,4,0
5,5,0
5,6,0
5,7,0
5,8,0
5,9,1.02832e-14
5,10,6.70404e-13
5,11,1.9722e-11
5,12,3.46623e-10
5,13,4.06444e-09
5,14,3.3668e-08
5,15,2.03897e-07
5,16,9.24729e-07
5,17,3.20832e-06
5,18,8.72561e-06
5,19,1.91867e-05
5,20,3.53394e-05
5,21,5.62882e-05
5,22,7.93052e-05
5,23,0.000100344
5,24,0.000115152
5,25,0.000120485
5,26,0.000115152
5,27,0.000100344
5,28,7.93052e-05
5,29,5.62882e-05
5,30,3.53394e-05
5,31,1.91867e-05
5,32,8.72561e-06
5,33,3.20832e-06
5,34,9.24729e-07
5,35,2.03897e-07
5,36,3.3668e-08
5,37,4.06444e-09
5,38,3.46623e-10
5,39,1.9722e-11
5,40,6.70404e-13
5,41,1.02832e-14
5,42,0
5,43,0
5,44,0
5,45,0
5,46,0
5,47,0
5,48,0
5,49,0
5,50,0
5,51,0
5,52,0
5,53,0
5,54,0
5,55,0
5,56,0
5,57,0
5,58,0
5,59,0
5,60,0
5,61,0
5,62,0
5,63,0
5,64,0
5,65,0
5,66,0
5,67,0
5,68,0
5,69,0
5,70,0
5,71,0
5,72,0
5,73,0
5,74,0
5,75,0
5,76,0
5,77,0
5,78,0
5,79,0
5,80,0
5,81,0
5,82,0
5,83,0
5,84,0
5,85,0
5,86,0
5,87,0
5,88,0
5,89,0
5,90,0
5,91,0
5,92,0
5,93,0
5,94,0
5,95,0
5,96,0
5,97,0
5,98,0
5,99,0
6,0,0
6,1,0
6,2,0
6,3,0
6,4,0
6,5,0
6,6,0
6,7,0
6,8,1.20978e-14
6,9,8.38004e-13
6,10,2.62901e-11
6,11,4.94697e-10
6,12,6.23579e-09
6,13,5.57505e-08
6,14,3.65663e-07
6,15,1.79991e-06
6,16,6.77537e-06
6,17,1.99128e-05
6,18,4.69578e-05
6,19,9.19795e-05
6,20,0.000155064
6,21,0.000231264
6,22,0.000310716
6,23,0.000380796
6,24,0.00042899
6,25,0.000446169
6,26,0.00042899
6,27,0.000380796
6,28,0.000310716
6,29,0.000231264
6,30,0.000155064
6,31,9.19795e-05
6,32,4.69578e-05
6,33,1.99128e-05
6,34,6.77537e-06
6,35,1.79991e-06
6,36,3.65663e-07
6,37,5.57505e-08
6,38,6.23579e-09
6,39,4.94697e-10
6,40,2.62901e-11
6,41,8.38004e-13
6,42,1.20978e-14
6,43,0
6,44,0
6,45,0
6,46,0
6,47,0
6,48,0
6,49,0
6,50,0
6,51,0
6,52,0
6,53,0
6,54,0
6,55,0
6,56,0
6,57,0
6,58,0
6,59,0
6,60,0
6,61,0
6,62,0
6,63,0
6,64,0
6,65,0
6,66,0
6,67,0
6,68,0
6,69,0
6,70,0
6,71,0
6,72,0
6,73,0
6,74,0
6,75,0
6,76,0
6,77,0
6,78,0
6,79,0
6,80,0
6,81,0
6,82,0
6,83,0
6,84,0
6,85,0
6,86,0
6,87,0
6,88,0
6,89,0
6,90,0
6,91,0
6,92,0
6,93,0
6,94,0
6,95,0
6,96,0
6,97,0
6,98,0
6,99,0
7,0,0
7,1,0
7,2,0
7,3,0
7,4,0
7,5,0
7,6,0
7,7,1.27699e-14
7,8,9.36593e-13
7,9,3.12155e-11
7,10,6.26225e-10
7,11,8.44691e-09
7,12,8.11051e-08
7,13,5.73158e-07
7,14,3.04631e-06
7,15,1.23823e-05
7,16,3.9163e-05
7,17,9.86417e-05
7,18,0.000204335
7,19,0.000361522
7,20,0.000564622
7,21,0.000795637
7,22,0.00102634
7,23,0.00122395
7,24,0.00135724
7,25,0.0014044
7,26,0.00135724
7,27,0.00122395
7,28,0.00102634
7,29,0.000795637
7,30,0.000564622
7,31,0.000361522
7,32,0.000204335
7,33,9.86417e-05
7,34,3.9163e-05
7,35,1.23823e-05
7,36,3.04631e-06
7,37,5.73158e-07
7,38,8.11051e-08
7,39,8.44691e-09
7,40,6.26225e-10
7,41,3.12155e-11
7,42,9.36593e-13
7,43,1.27699e-14
7,44,0
7,45,0
7,46,0
7,47,0
7,48,0
7,49,0
7,50,0
7,51,0
7,52,0
7,53,0
7,54,0
7,55,0
7,56,0
7,57,0
7,58,0
7,59,0
7,60,0
7,61,0
7,62,0
7,63,0
7,64,0
7,65,0
7,66,0
7,67,0
7,68,0
7,69,0
7,70,0
7,71,0
7,72,0
7,73,0
7,74,0
7,75,0
7,76,0
7,77,0
7,78,0
7,79,0
7,80,0
7,81,0
7,82,0
7,83,0
7,84,0
7,85,0
7,86,0
7,87,0
7,88,0
7,89,0
7,90,0
7,91,0
7,92,0
7,93,0
7,94,0
7,95,0
7,96,0
7,97,0
7,98,0
7,99,0
8,0,0
8,1,0
8,2,0
8,3,0
8,4,0
8,5,0
8,6,1.20978e-14
8,7,9.36593e-13
8,8,3.30502e-11
8,9,7.04288e-10
8,10,1.01251e-08
8,11,1.03967e-07
8,12,7.88143e-07
8,13,4.50356e-06
8,14,1.96898e-05
8,15,6.681e-05
8,16,0.000179294
8,17,0.00039155
8,18,0.000722937
8,19,0.00117284
8,20,0.00171788
8,21,0.00230899
8,22,0.00288056
8,23,0.00335892
8,24,0.00367721
8,25,0.00378898
8,26,0.00367721
8,27,0.00335892
8,28,0.00288056
8,29,0.00230899
8,30,0.00171788
8,31,0.00117284
8,32,0.000722937
8,33,0.00039155
8,34,0.000179294
8,35,6.681e-05
8,36,1.96898e-05
8,37,4.50356e-06
8,38,7.88143e-07
8,39,1.03968e-07
8,40,1.01251e-08
8,41,7.04288e-10
8,42,3.30502e-11
8,43,9.36593e-13
8,44,1.20978e-14
8,45,0
8,46,0
8,47,0
8,48,0
8,49,0
8,50,0
8,51,0
8,52,0
8,53,0
8,54,0
8,55,0
8,56,0
8,57,0
8,58,0
8,59,0
8,60,0
8,61,0
8,62,0
8,63,0
8,64,0
8,65,0
8,66,0
8,67,0
8,68,0
8,69,0
8,70,0
8,71,0
8,72,0
8,73,0
8,74,0
8,75,0
8,76,0
8,77,0
8,78,0
8,79,0
8,80,0
8,81,0
8,82,0
8,83,0
8,84,0
8,85,0
8,86,0
8,87,0
8,88,0
8,89,0
8,90,0
8,91,0
8,92,0
8,93,0
8,94,0
8,95,0
8,96,0
8,97,0
8,98,0
8,99,0
9,0,0
9,1,0
9,2,0
9,3,0
9,4,0
9,5,1.02832e-14
9,6,8.38004e-13
9,7,3.12155e-11
9,8,7.04288e-10
9,9,1.0754e-08
9,10,1.17658e-07
9,11,9.53183e-07
9,12,5.83441e-06
9,13,2.73505e-05
9,14,9.93381e-05
9,15,0.00028371
9,16,0.000652561
9,17,0.00125388
9,18,0.00210175
9,19,0.00318052
9,20,0.00442752
9,21,0.00573706
9,22,0.00697595
9,23,0.00799546
9,24,0.00866835
9,25,0.00890248
9,26,0.00866835
9,27,0.00799546
9,28,0.00697595
9,29,0.00573706
9,30,0.00442752
9,31,0.00318052
9,32,0.00210175
9,33,0.00125388
9,34,0.000652561
9,35,0.00028371
9,36,9.93381e-05
9,37,2.73505e-05
9,38,5.83442e-06
9,39,9.53183e-07
9,40,1.17658e-07
9,41,1.0754e-08
9,42,7.04288e-10
9,43,3.12155e-11
9,44,8.38004e-13
9,45,1.02832e-14
9,46,0
9,47,0
9,48,0
9,49,0
9,50,0
9,51,0
9,52,0
9,53,0
9,54,0
9,55,0
9,56,0
9,57,0
9,58,0
9,59,0
9,60,0
9,61,0
9,62,0
9,63,0
9,64,0
9,65,0
9,66,0
9,67,0
9,68,0
9,69,0
9,70,0
9,71,0
9,72,0
9,73,0
9,74,0
9,75,0
9,76,0
9,77,0
9,78,0
9,79,0
9,80,0
9,81,0
9,82,0
9,83,0
9,84,0
9,85,0
9,86,0
9,87,0
9,88,0
9,89,0
9,90,0
9,91,0
9,92,0
9,93,0
9,94,0
9,95,0
9,96,0
9,97,0
9,98,0
9,99,0
10,0,0
10,1,0
10,2,0
10,3,0
10,4,7.83479e-15
10,5,6.70404e-13
10,6,2.62901e-11
10,7,6.26225e-10
10,8,1.01251e-08
10,9,1.17658e-07
10,10,1.01538e-06
10,11,6.63741e-06
10,12,3.32771e-05
10,13,0.000129175
10,14,0.000392576
10,15,0.000951967
10,16,0.00190405
10,17,0.00328993
10,18,0.00512668
10,19,0.00737488
10,20,0.00989881
10,21,0.0125027
10,22,0.0149254
10,23,0.0168982
10,24,0.0181895
10,25,0.018637
10,26,0.0181895
10,27,0.0168982
10,28,0.0149254
10,29,0.0125027
10,30,0.00989881
10,31,0.00737488
10,32,0.00512668
10,33,0.00328994
10,34,0.00190405
10,35,0.000951967
10,36,0.000392576
10,37,0.000129175
10,38,3.32771e-05
10,39,6.63741e-06
10,40,1.01538e-06
10,41,1.17658e-07
10,42,1.01251e-08
10,43,6.26225e-10
10,44,2.62901e-11
10,45,6.70404e-13
10,46,7.83479e-15
10,47,0
10,48,0
10,49,0
10,50,0
10,51,0
10,52,0
10,53,0
10,54,0
10,55,0
10,56,0
10,57,0
10,58,0
10,59,0
10,60,0
10,61,0
10,62,0
10,63,0
10,64,0
10,65,0
10,66,0
10,67,0
10,68,0
10,69,0
10,70,0
10,71,0
10,72,0
10,73,0
10,74,0
10,75,0
10,76,0
10,77,0
10,78,0
10,79,0
10,80,0
10,81,0
10,82,0
10,83,0
10,84,0
10,85,0
10,86,0
10,87,0
10,88,0
10,89,0
10,90,0
10,91,0
10,92,0
10,93,0
10,94,0
10,95,0
10,96,0
10,97,0
10,98,0
10,99,0
11,0,0
11,1,0
11,2,0
11,3,5.3419e-15
11,4,4.7886e-13
11,5,1.9722e-11
11,6,4.94697e-10
11,7,8.44691e-09
11,8,1.03967e-07
11,9,9.53183e-07
11,10,6.63741e-06
11,11,3.55193e-05
11,12,0.000147224
11,13,0.000476474
11,14,0.00122133
11,15,0.00255092
11,16,0.00454917
11,17,0.00729631
11,18,0.0108552
11,19,0.0151108
11,20,0.019811
11,21,0.0245867
11,22,0.0289533
11,23,0.0324763
11,24,0.0347505
11,25,0.0355438
11,26,0.0347505
11,27,0.0324763
11,28,0.0289533
11,29,0.0245867
11,30,0.019811
11,31,0.0151108
11,32,0.0108552
11,33,0.00729631
11,34,0.00454917
11,35,0.00255092
11,36,0.00122133
11,37,0.000476474
11,38,0.000147224
11,39,3.55193e-05
11,40,6.63741e-06
11,41,9.53183e-07
11,42,1.03967e-07
11,43,8.44691e-09
11,44,4.94697e-10
11,45,1.9722e-11
11,46,4.7886e-13
11,47,5.3419e-15
11,48,0
11,49,0
11,50,0
11,51,0
11,52,0
11,53,0
11,54,0
11,55,0
11,56,0
11,57,0
11,58,0
11,59,0
11,60,0
11,61,0
11,62,0
11,63,0
11,64,0
11,65,0
11,66,0
11,67,0
11,68,0
11,69,0
11,70,0
11,71,0
11,72,0
11,73,0
11,74,0
11,75,0
11,76,0
11,77,0
11,78,0
11,79,0
11,80,0
11,81,0
11,82,0
11,83,0
11,84,0
11,85,0
11,86,0
11,87,0
11,88,0
11,89,0
11,90,0
11,91,0
11,92,0
11,93,0
11,94,0
11,95,0
11,96,0
11,97,0
11,98,0
11,99,0
12,0,0
12,1,0
12,2,3.25159e-15
12,3,3.04729e-13
12,4,1.31523e-11
12,5,3.46623e-10
12,6,6.23579e-09
12,7,8.11051e-08
12,8,7.88143e-07
12,9,5.83442e-06
12,10,3.32771e-05
12,11,0.000147224
12,12,0.000508151
12,13,0.0013823
12,14,0.00303277
12,15,0.00561095
12,16,0.00928578
12,17,0.0143255
12,18,0.0207557
12,19,0.0282718
12,20,0.0364313
12,21,0.0445007
12,22,0.0517436
12,23,0.0574787
12,24,0.0611332
12,25,0.0624045
12,26,0.0611332
12,27,0.0574787
12,28,0.0517436
12,29,0.0445007
12,30,0.0364313
12,31,0.0282718
12,32,0.0207557
12,33,0.0143255
12,34,0.00928578
12,35,0.00561095
12,36,0.00303277
12,37,0.0013823
12,38,0.000508151
12,39,0.000147224
12,40,3.32771e-05
12,41,5.83442e-06
12,42,7.88143e-07
12,43,8.11051e-08
12,44,6.23579e-09
12,45,3.46623e-10
12,46,1.31523e-11
12,47,3.04729e-13
12,48,3.25159e-15
12,49,0
12,50,0
12,51,0
12,52,0
12,53,0
12,54,0
12,55,0
12,56,0
12,57,0
12,58,0
12,59,0
12,60,0
12,61,0
12,62,0
12,63,0
12,64,0
12,65,0
12,66,0
12,67,0
12,68,0
12,69,0
12,70,0
12,71,0
12,72,0
12,73,0
12,74,0
12,75,0
12,76,0
12,77,0
12,78,0
12,79,0
12,80,0
12,81,0
12,82,0
12,83,0
12,84,0
12,85,0
12,86,0
12,87,0
12,88,0
12,89,0
12,90,0
12,91,0
12,92,0
12,93,0
12,94,0
12,95,0
12,96,0
12,97,0
12,98,0
12,99,0
13,0,0
13,1,1.76128e-15
13,2,1.72238e-13
13,3,7.77522e-12
13,4,2.14866e-10
13,5,4.06444e-09
13,6,5.57505e-08
13,7,5.73158e-07
13,8,4.50356e-06
13,9,2.73505e-05
13,10,0.000129175
13,11,0.000476474
13,12,0.0013823
13,13,0.00321148
13,14,0.00621883
13,15,0.0106798
13,16,0.0171368
13,17,0.025935
13,18,0.0367554
13,19,0.0490745
13,20,0.0620064
13,21,0.0743519
13,22,0.085191
13,23,0.0935087
13,24,0.0987856
13,25,0.100556
13,26,0.0987857
13,27,0.0935087
13,28,0.085191
13,29,0.074352
13,30,0.0620064
13,31,0.0490745
13,32,0.0367554
13,33,0.025935
13,34,0.0171368
13,35,0.0106798
13,36,0.00621883
13,37,0.00321148
13,38,0.0013823
13,39,0.000476474
13,40,0.000129175
13,41,2.73505e-05
13,42,4.50356e-06
13,43,5.73158e-07
13,44,5.57505e-08
13,45,4.06444e-09
13,46,2.14866e-10
13,47,7.77522e-12
13,48,1.72238e-13
13,49,1.76128e-15
13,50,0
13,51,0
13,52,0
13,53,0
13,54,0
13,55,0
13,56,0
13,57,0
13,58,0
13,59,0
13,60,0
13,61,0
13,62,0
13,63,0
13,64,0
13,65,0
13,66,0
13,67,0
13,68,0
13,69,0
13,70,0
13,71,0
13,72,0
13,73,0
13,74,0
13,75,0
13,76,0
13,77,0
13,78,0
13,79,0
13,80,0
13,81,0
13,82,0
13,83,0
13,84,0
13,85,0
13,86,0
13,87,0
13,88,0
13,89,0
13,90,0
13,91,0
13,92,0
13,93,0
13,94,0
13,95,0
13,96,0
13,97,0
13,98,0
13,99,0
14,0,0
14,1,8.6119e-14
14,2,4.05897e-12
14,3,1.17411e-10
14,4,2.33125e-09
14,5,3.3668e-08
14,6,3.65663e-07
14,7,3.04631e-06
14,8,1.96898e-05
14,9,9.93381e-05
14,10,0.000392576
14,11,0.00122133
14,12,0.00303277
14,13,0.00621883
14,14,0.0111801
14,15,0.0187125
14,16,0.029626
14,17,0.0437534
14,18,0.0604234
14,19,0.0787736
14,20,0.0970972
14,21,0.114055
14,22,0.128371
14,23,0.139046
14,24,0.145705
14,25,0.147877
14,26,0.145705
14,27,0.139046
14,28,0.128371
14,29,0.114055
14,30,0.0970972
14,31,0.0787736
14,32,0.0604234
14,33,0.0437534
14,34,0.029626
14,35,0.0187125
14,36,0.0111801
14,37,0.00621883
14,38,0.00303277
14,39,0.00122133
14,40,0.000392576
14,41,9.93381e-05
14,42,1.96898e-05
14,43,3.04631e-06
14,44,3.65663e-07
14,45,3.3668e-08
14,46,2.33125e-09
14,47,1.17411e-10
14,48,4.05897e-12
14,49,8.6119e-14
14,50,8.45414e-16
14,51,0
14,52,0
14,53,0
14,54,0
14,55,0
14,56,0
14,57,0
14,58,0
14,59,0
14,60,0
14,61,0
14,62,0
14,63,0
14,64,0
14,65,0
14,66,0
14,67,0
14,68,0
14,69,0
14,70,0
14,71,0
14,72,0
14,73,0
14,74,0
14,75,0
14,76,0
14,77,0
14,78,0
14,79,0
14,80,0
14,81,0
14,82,0
14,83,0
14,84,0
14,85,0
14,86,0
14,87,0
14,88,0
14,89,0
14,90,0
14,91,0
14,92,0
14,93,0
14,94,0
14,95,0
14,96,0
14,97,0
14,98,0
14,99,0
15,0,0
15,1,1.86138e-12
15,2,5.6284e-11
15,3,1.17137e-09
15,4,1.7789e-08
15,5,2.03897e-07
15,6,1.79991e-06
15,7,1.23823e-05
15,8,6.681e-05
15,9,0.00028371
15,10,0.000951967
15,11,0.00255092
15,12,0.00561095
15,13,0.0106798
15,14,0.0187125
15,15,0.0309704
15,16,0.0477423
15,17,0.0682814
15,18,0.0917872
15,19,0.11631
15,20,0.139625
15,21,0.160354
15,22,0.176827
15,23,0.188851
15,24,0.195919
15,25,0.198341
15,26,0.195919
15,27,0.188851
15,28,0.176827
15,29,0.160354
15,30,0.139625
15,31,0.11631
15,32,0.0917872
15,33,0.0682814
15,34,0.0477423
15,35,0.0309704
15,36,0.0187125
15,37,0.0106798
15,38,0.00561095
15,39,0.00255092
15,40,0.000951967
15,41,0.00028371
15,42,6.681e-05
15,43,1.23823e-05
15,44,1.79991e-06
15,45,2.03897e-07
15,46,1.7789e-08
15,47,1.17137e-09
15,48,5.6284e-11
15,49,1.86174e-12
15,50,3.78924e-14
15,51,3.57675e-16
15,52,0
15,53,0
15,54,0
15,55,0
15,56,0
15,57,0
15,58,0
15,59,0
15,60,0
15,61,0
15,62,0
15,63,0
15,64,0
15,65,0
15,66,0
15,67,0
15,68,0
15,69,0
15,70,0
15,71,0
15,72,0
15,73,0
15,74,0
15,75,0
15,76,0
15,77,0
15,78,0
15,79,0
15,80,0
15,81,0
15,82,0
15,83,0
15,84,0
15,85,0
15,86,0
15,87,0
15,88,0
15,89,0
15,90,0
15,91,0
15,92,0
15,93,0
15,94,0
15,95,0
15,96,0
15,97,0
15,98,0
15,99,0
16,0,0
16,1,2.35074e-11
16,2,5.1254e-10
16,3,8.17773e-09
16,4,9.88672e-08
16,5,9.24729e-07
16,6,6.77537e-06
16,7,3.9163e-05
16,8,0.000179294
16,9,0.000652561
16,10,0.00190405
16,11,0.00454917
16,12,0.00928578
16,13,0.0171368
16,14,0.029626
16,15,0.0477423
16,16,0.0710828
16,17,0.0988096
16,18,0.129035
16,19,0.158503
16,20,0.185185
16,21,0.207061
16,22,0.223361
16,23,0.234505
16,24,0.240609
16,25,0.242759
16,26,0.240609
16,27,0.234505
16,28,0.223361
16,29,0.207061
16,30,0.185185
16,31,0.158503
16,32,0.129035
16,33,0.0988096
16,34,0.0710828
16,35,0.0477423
16,36,0.029626
16,37,0.0171368
16,38,0.00928578
16,39,0.00454917
16,40,0.00190405
16,41,0.000652561
16,42,0.000179294
16,43,3.9163e-05
16,44,6.77537e-06
16,45,9.24729e-07
16,46,9.88672e-08
16,47,8.17773e-09
16,48,5.1254e-10
16,49,2.3522e-11
16,50,7.45397e-13
16,51,1.4574e-14
16,52,1.32472e-16
16,53,0
16,54,0
16,55,0
16,56,0
16,57,0
16,58,0
16,59,0
16,60,0
16,61,0
16,62,0
16,63,0
16,64,0
16,65,0
16,66,0
16,67,0
16,68,0
16,69,0
16,70,0
16,71,0
16,72,0
16,73,0
16,74,0
16,75,0
16,76,0
16,77,0
16,78,0
16,79,0
16,80,0
16,81,0
16,82,0
16,83,0
16,84,0
16,85,0
16,86,0
16,87,0
16,88,0
16,89,0
16,90,0
16,91,0
16,92,0
16,93,0
16,94,0
16,95,0
16,96,0
16,97,0
16,98,0
16,99,0
17,0,0
17,1,1.93527e-10
17,2,3.24705e-09
17,3,4.14074e-08
17,4,4.10597e-07
17,5,3.20832e-06
17,6,1.99128e-05
17,7,9.86417e-05
17,8,0.00039155
17,9,0.00125388
17,10,0.00328994
17,11,0.00729631
17,12,0.0143255
17,13,0.025935
17,14,0.0437534
17,15,0.0682814
17,16,0.0988096
17,17,0.133478
17,18,0.168536
17,19,0.200535
17,20,0.227029
17,21,0.246248
17,22,0.259159
17,23,0.266466
17,24,0.270203
17,25,0.271199
17,26,0.270203
17,27,0.266466
17,28,0.259159
17,29,0.246248
17,30,0.227029
17,31,0.200535
17,32,0.168536
17,33,0.133478
17,34,0.0988096
17,35,0.0682814
17,36,0.0437534
17,37,0.025935
17,38,0.0143255
17,39,0.00729631
17,40,0.00328993
17,41,0.00125388
17,42,0.00039155
17,43,9.86417e-05
17,44,1.99128e-05
17,45,3.20832e-06
17,46,4.10597e-07
17,47,4.14074e-08
17,48,3.24706e-09
17,49,1.93785e-10
17,50,8.50056e-12
17,51,2.58334e-13
17,52,4.858e-15
17,53,4.25804e-17
17,54,0
17,55,0
17,56,0
17,57,0
17,58,0
17,59,0
17,60,0
17,61,0
17,62,0
17,63,0
17,64,0
17,65,0
17,66,0
17,67,0
17,68,0
17,69,0
17,70,0
17,71,0
17,72,0
17,73,0
17,74,0
17,75,0
17,76,0
17,77,0
17,78,0
17,79,0
17,80,0
17,81,0
17,82,0
17,83,0
17,84,0
17,85,0
17,86,0
17,87,0
17,88,0
17,89,0
17,90,0
17,91,0
17,92,0
17,93,0
17,94,0
17,95,0
17,96,0
17,97,0
17,98,0
17,99,0
18,0,0
18,1,1.10041e-09
18,2,1.48476e-08
18,3,1.56305e-07
18,4,1.30531e-06
18,5,8.72561e-06
18,6,4.69578e-05
18,7,0.000204335
18,8,0.000722937
18,9,0.00210175
18,10,0.00512668
18,11,0.0108552
18,12,0.0207557
18,13,0.0367554
18,14,0.0604234
18,15,0.0917872
18,16,0.129035
18,17,0.168536
18,18,0.205671
18,19,0.236495
18,20,0.258327
18,21,0.27132
18,22,0.277275
18,23,0.278682
18,24,0.27847
18,25,0.278042
18,26,0.27847
18,27,0.278682
18,28,0.277275
18,29,0.27132
18,30,0.258327
18,31,0.236494
18,32,0.205671
18,33,0.168536
18,34,0.129035
18,35,0.0917872
18,36,0.0604234
18,37,0.0367554
18,38,0.0207557
18,39,0.0108552
18,40,0.00512668
18,41,0.00210175
18,42,0.000722937
18,43,0.000204335
18,44,4.69578e-05
18,45,8.72561e-06
18,46,1.30531e-06
18,47,1.56305e-07
18,48,1.48477e-08
18,49,1.10304e-09
18,50,6.26739e-11
18,51,2.62864e-12
18,52,7.66632e-14
18,53,1.388e-15
18,54,1.17463e-17
18,55,0
18,56,0
18,57,0
18,58,0
18,59,0
18,60,0
18,61,0
18,62,0
18,63,0
18,64,0
18,65,0
18,66,0
18,67,0
18,68,0
18,69,0
18,70,0
18,71,0
18,72,0
18,73,0
18,74,0
18,75,0
18,76,0
18,77,0
18,78,0
18,79,0
18,80,0
18,81,0
18,82,0
18,83,0
18,84,0
18,85,0
18,86,0
18,87,0
18,88,0
18,89,0
18,90,0
18,91,0
18,92,0
18,93,0
18,94,0
18,95,0
18,96,0
18,97,0
18,98,0
18,99,0
19,0,0
19,1,4.48897e-09
19,2,5.04817e-08
19,3,4.5201e-07
19,4,3.26703e-06
19,5,1.91867e-05
19,6,9.19795e-05
19,7,0.000361522
19,8,0.00117284
19,9,0.00318052
19,10,0.00737488
19,11,0.0151108
19,12,0.0282718
19,13,0.0490745
19,14,0.0787736
19,15,0.11631
19,16,0.158503
19,17,0.200535
19,18,0.236494
19,19,0.261966
19,20,0.275786
19,21,0.279407
19,22,0.276337
19,23,0.270648
19,24,0.265723
19,25,0.263841
19,26,0.265723
19,27,0.270648
19,28,0.276337
19,29,0.279407
19,30,0.275786
19,31,0.261966
19,32,0.236494
19,33,0.200535
19,34,0.158503
19,35,0.11631
19,36,0.0787736
19,37,0.0490745
19,38,0.0282718
19,39,0.0151108
19,40,0.00737488
19,41,0.00318052
19,42,0.00117284
19,43,0.000361522
19,44,9.19795e-05
19,45,1.91867e-05
19,46,3.26703e-06
19,47,4.52009e-07
19,48,5.04824e-08
19,49,4.50609e-09
19,50,3.16616e-10
19,51,1.71114e-11
19,52,6.85997e-13
19,53,1.92054e-14
19,54,3.35034e-16
19,55,2.74081e-18
19,56,0
19,57,0
19,58,0
19,59,0
19,60,0
19,61,0
19,62,0
19,63,0
19,64,0
19,65,0
19,66,0
19,67,0
19,68,0
19,69,0
19,70,0
19,71,0
19,72,0
19,73,0
19,74,0
19,75,0
19,76,0
19,77,0
19,78,0
19,79,0
19,80,0
19,81,0
19,82,0
19,83,0
19,84,0
19,85,0
19,86,0
19,87,0
19,88,0
19,89,0
19,90,0
19,91,0
19,92,0
19,93,0
19,94,0
19,95,0
19,96,0
19,97,0
19,98,0
19,99,0
20,0,0
20,1,1.3569e-08
20,2,1.31584e-07
20,3,1.03355e-06
20,4,6.65808e-06
20,5,3.53394e-05
20,6,0.000155064
20,7,0.000564622
20,8,0.00171788
20,9,0.00442752
20,10,0.00989881
20,11,0.019811
20,12,0.0364313
20,13,0.0620064
20,14,0.0970972
20,15,0.139625
20,16,0.185185
20,17,0.227029
20,18,0.258327
20,19,0.275786
20,20,0.279255
20,21,0.272147
20,22,0.259758
20,23,0.24684
20,24,0.237625
20,25,0.234138
20,26,0.237625
20,27,0.24684
20,28,0.259758
20,29,0.272147
20,30,0.279256
20,31,0.275786
20,32,0.258327
20,33,0.227029
20,34,0.185185
20,35,0.139625
20,36,0.0970972
20,37,0.0620064
20,38,0.0364313
20,39,0.019811
20,40,0.00989881
20,41,0.00442752
20,42,0.00171788
20,43,0.000564622
20,44,0.000155064
20,45,3.53394e-05
20,46,6.65808e-06
20,47,1.03355e-06
20,48,1.31588e-07
20,49,1.36445e-08
20,50,1.14003e-09
20,51,7.55356e-11
20,52,3.87494e-12
20,53,1.48315e-13
20,54,3.98472e-15
20,55,6.70068e-17
20,56,5.30479e-19
20,57,0
20,58,0
20,59,0
20,60,0
20,61,0
20,62,0
20,63,0
20,64,0
20,65,0
20,66,0
20,67,0
20,68,0
20,69,0
20,70,0
20,71,0
20,72,0
20,73,0
20,74,0
20,75,0
20,76,0
20,77,0
20,78,0
20,79,0
20,80,0
20,81,0
20,82,0
20,83,0
20,84,0
20,85,0
20,86,0
20,87,0
20,88,0
20,89,0
20,90,0
20,91,0
20,92,0
20,93,0
20,94,0
20,95,0
20,96,0
20,97,0
20,98,0
20,99,0
21,0,0
21,1,3.14471e-08
21,2,2.72185e-07
21,3,1.9353e-06
21,4,1.14351e-05
21,5,5.62882e-05
21,6,0.000231264
21,7,0.000795637
21,8,0.00230899
21,9,0.00573706
21,10,0.0125027
21,11,0.0245867
21,12,0.0445007
21,13,0.0743519
21,14,0.114055
21,15,0.160354
21,16,0.207061
21,17,0.246248
21,18,0.27132
21,19,0.279407
21,20,0.272147
21,21,0.255034
21,22,0.234159
21,23,0.215315
21,24,0.202211
21,25,0.197524
21,26,0.202211
21,27,0.215315
21,28,0.234159
21,29,0.255034
21,30,0.272147
21,31,0.279407
21,32,0.27132
21,33,0.246248
21,34,0.207061
21,35,0.160354
21,36,0.114055
21,37,0.0743519
21,38,0.0445007
21,39,0.0245867
21,40,0.0125027
21,41,0.00573706
21,42,0.00230899
21,43,0.000795637
21,44,0.000231264
21,45,5.62882e-05
21,46,1.14351e-05
21,47,1.9353e-06
21,48,2.722e-07
21,49,3.16827e-08
21,50,3.03041e-09
21,51,2.35602e-10
21,52,1.46466e-11
21,53,7.10447e-13
21,54,2.58951e-14
21,55,6.66772e-16
21,56,1.08076e-17
21,57,8.28873e-20
21,58,0
21,59,0
21,60,0
21,61,0
21,62,0
21,63,0
21,64,0
21,65,0
21,66,0
21,67,0
21,68,0
21,69,0
21,70,0
21,71,0
21,72,0
21,73,0
21,74,0
21,75,0
21,76,0
21,77,0
21,78,0
21,79,0
21,80,0
21,81,0
21,82,0
21,83,0
21,84,0
21,85,0
21,86,0
21,87,0
21,88,0
21,89,0
21,90,0
21,91,0
21,92,0
21,93,0
21,94,0
21,95,0
21,96,0
21,97,0
21,98,0
21,99,0
22,0,0
22,1,5.79666e-08
22,2,4.62614e-07
22,3,3.06316e-06
22,4,1.7011e-05
22,5,7.93052e-05
22,6,0.000310716
22,7,0.00102634
22,8,0.00288056
22,9,0.00697595
22,10,0.0149254
22,11,0.0289533
22,12,0.0517436
22,13,0.085191
22,14,0.128371
22,15,0.176827
22,16,0.223361
22,17,0.259159
22,18,0.277275
22,19,0.276337
22,20,0.259758
22,21,0.234159
22,22,0.206799
22,23,0.182944
22,24,0.16646
22,25,0.160168
22,26,0.16646
22,27,0.182944
22,28,0.206799
22,29,0.234159
22,30,0.259758
22,31,0.276337
22,32,0.277275
22,33,0.259159
22,34,0.223361
22,35,0.176827
22,36,0.128371
22,37,0.085191
22,38,0.0517436
22,39,0.0289533
22,40,0.0149254
22,41,0.00697595
22,42,0.00288056
22,43,0.00102634
22,44,0.000310716
22,45,7.93052e-05
22,46,1.7011e-05
22,47,3.06316e-06
22,48,4.62652e-07
22,49,5.85061e-08
22,50,6.17156e-09
22,51,5.39499e-10
22,52,3.86737e-11
22,53,2.23699e-12
22,54,1.01885e-13
22,55,3.51825e-15
22,56,8.65549e-17
22,57,1.35094e-18
22,58,1.00469e-20
22,59,0
22,60,0
22,61,0
22,62,0
22,63,0
22,64,0
22,65,0
22,66,0
22,67,0
22,68,0
22,69,0
22,70,0
22,71,0
22,72,0
22,73,0
22,74,0
22,75,0
22,76,0
22,77,0
22,78,0
22,79,0
22,80,0
22,81,0
22,82,0
22,83,0
22,84,0
22,85,0
22,86,0
22,87,0
22,88,0
22,89,0
22,90,0
22,91,0
22,92,0
22,93,0
22,94,0
22,95,0
22,96,0
22,97,0
22,98,0
22,99,0
23,0,0
23,1,8.77995e-08
23,2,6.64037e-07
23,3,4.19189e-06
23,4,2.23268e-05
23,5,0.000100344
23,6,0.000380796
23,7,0.00122395
23,8,0.00335892
23,9,0.00799546
23,10,0.0168982
23,11,0.0324763
23,12,0.0574787
23,13,0.0935087
23,14,0.139046
23,15,0.188851
23,16,0.234505
23,17,0.266466
23,18,0.278682
23,19,0.270648
23,20,0.24684
23,21,0.215315
23,22,0.182944
23,23,0.154807
23,24,0.133883
23,25,0.124294
23,26,0.133883
23,27,0.154807
23,28,0.182944
23,29,0.215315
23,30,0.24684
23,31,0.270648
23,32,0.278682
23,33,0.266466
23,34,0.234505
23,35,0.188851
23,36,0.139046
23,37,0.0935087
23,38,0.0574787
23,39,0.0324763
23,40,0.0168982
23,41,0.00799546
23,42,0.00335892
23,43,0.00122395
23,44,0.000380796
23,45,0.000100344
23,46,2.23268e-05
23,47,4.1919e-06
23,48,6.64111e-07
23,49,8.87428e-08
23,50,9.9864e-09
23,51,9.43243e-10
23,52,7.43424e-11
23,53,4.84314e-12
23,54,2.56944e-13
23,55,1.08467e-14
23,56,3.51153e-16
23,57,8.19647e-18
23,58,1.22813e-19
23,59,8.86495e-22
23,60,0
23,61,0
23,62,0
23,63,0
23,64,0
23,65,0
23,66,0
23,67,0
23,68,0
23,69,0
23,70,0
23,71,0
23,72,0
23,73,0
23,74,0
23,75,0
23,76,0
23,77,0
23,78,0
23,79,0
23,80,0
23,81,0
23,82,0
23,83,0
23,84,0
23,85,0
23,86,0
23,87,0
23,88,0
23,89,0
23,90,0
23,91,0
23,92,0
23,93,0
23,94,0
23,95,0
23,96,0
23,97,0
23,98,0
23,99,0
24,0,0
24,1,1.11715e-07
24,2,8.1934e-07
24,3,5.03249e-06
24,4,2.61683e-05
24,5,0.000115152
24,6,0.00042899
24,7,0.00135724
24,8,0.00367721
24,9,0.00866835
24,10,0.0181895
24,11,0.0347505
24,12,0.0611332
24,13,0.0987857
24,14,0.145705
24,15,0.195919
24,16,0.240609
24,17,0.270203
24,18,0.27847
24,19,0.265723
24,20,0.237625
24,21,0.202211
24,22,0.16646
24,23,0.133883
24,24,0.105435
24,25,0.0846055
24,26,0.105435
24,27,0.133883
24,28,0.16646
24,29,0.202211
24,30,0.237625
24,31,0.265723
24,32,0.27847
24,33,0.270203
24,34,0.240609
24,35,0.195919
24,36,0.145705
24,37,0.0987857
24,38,0.0611332
24,39,0.0347505
24,40,0.0181895
24,41,0.00866835
24,42,0.00367721
24,43,0.00135724
24,44,0.00042899
24,45,0.000115152
24,46,2.61683e-05
24,47,5.0325e-06
24,48,8.19448e-07
24,49,1.13017e-07
24,50,1.31955e-08
24,51,1.30196e-09
24,52,1.08185e-10
24,53,7.5288e-12
24,54,4.35147e-13
24,55,2.06244e-14
24,56,7.8581e-16
24,57,2.32903e-17
24,58,5.06749e-19
24,59,7.2243e-21
24,60,5.06569e-23
24,61,0
24,62,0
24,63,0
24,64,0
24,65,0
24,66,0
24,67,0
24,68,0
24,69,0
24,70,0
24,71,0
24,72,0
24,73,0
24,74,0
24,75,0
24,76,0
24,77,0
24,78,0
24,79,0
24,80,0
24,81,0
24,82,0
24,83,0
24,84,0
24,85,0
24,86,0
24,87,0
24,88,0
24,89,0
24,90,0
24,91,0
24,92,0
24,93,0
24,94,0
24,95,0
24,96,0
24,97,0
24,98,0
24,99,0
25,0,0
25,1,1.2089e-07
25,2,8.7788e-07
25,3,5.34411e-06
25,4,2.75706e-05
25,5,0.000120485
25,6,0.000446169
25,7,0.0014044
25,8,0.00378898
25,9,0.00890248
25,10,0.018637
25,11,0.0355437
25,12,0.0624045
25,13,0.100556
25,14,0.147877
25,15,0.198341
25,16,0.242759
25,17,0.271199
25,18,0.278042
25,19,0.263841
25,20,0.234138
25,21,0.197524
25,22,0.160168
25,23,0.124294
25,24,0.0846055
25,25,0.018063
25,26,0.0846052
25,27,0.124294
25,28,0.160168
25,29,0.197524
25,30,0.234138
25,31,0.263841
25,32,0.278042
25,33,0.271199
25,34,0.242759
25,35,0.198341
25,36,0.147877
25,37,0.100556
25,38,0.0624045
25,39,0.0355437
25,40,0.018637
25,41,0.00890248
25,42,0.00378898
25,43,0.0014044
25,44,0.000446169
25,45,0.000120485
25,46,2.75706e-05
25,47,5.34412e-06
25,48,8.78002e-07
25,49,1.22337e-07
25,50,1.4455e-08
25,51,1.4466e-09
25,52,1.22284e-10
25,53,8.69135e-12
25,54,5.15847e-13
25,55,2.53254e-14
25,56,1.01571e-15
25,57,3.27372e-17
25,58,8.28361e-19
25,59,1.57894e-20
25,60,2.06409e-22
25,61,1.40714e-24
25,62,0
25,63,0
25,64,0
25,65,0
25,66,0
25,67,0
25,68,0
25,69,0
25,70,0
25,71,0
25,72,0
25,73,0
25,74,0
25,75,0
25,76,0
25,77,0
25,78,0
25,79,0
25,80,0
25,81,0
25,82,0
25,83,0
25,84,0
25,85,0
25,86,0
25,87,0
25,88,0
25,89,0
25,90,0
25,91,0
25,92,0
25,93,0
25,94,0
25,95,0
25,96,0
25,97,0
25,98,0
25,99,0
26,0,0
26,1,1.11715e-07
26,2,8.1934e-07
26,3,5.03249e-06
26,4,2.61683e-05
26,5,0.000115152
26,6,0.00042899
26,7,0.00135724
26,8,0.00367721
26,9,0.00866835
26,10,0.0181895
26,11,0.0347505
26,12,0.0611332
26,13,0.0987857
26,14,0.145705
26,15,0.195919
26,16,0.240609
26,17,0.270203
26,18,0.27847
26,19,0.265723
26,20,0.237625
26,21,0.202211
26,22,0.16646
26,23,0.133883
26,24,0.105435
26,25,0.0846055
26,26,0.105435
26,27,0.133883
26,28,0.16646
26,29,0.202211
26,30,0.237625
26,31,0.265723
26,32,0.27847
26,33,0.270203
26,34,0.240609
26,35,0.195919
26,36,0.145705
26,37,0.0987857
26,38,0.0611332
26,39,0.0347505
26,40,0.0181895
26,41,0.00866835
26,42,0.00367721
26,43,0.00135724
26,44,0.00042899
26,45,0.000115152
26,46,2.61683e-05
26,47,5.0325e-06
26,48,8.19448e-07
26,49,1.13017e-07
26,50,1.31955e-08
26,51,1.30196e-09
26,52,1.08185e-10
26,53,7.5288e-12
26,54,4.35147e-13
26,55,2.06244e-14
26,56,7.8581e-16
26,57,2.32903e-17
26,58,5.06749e-19
26,59,7.2243e-21
26,60,5.06569e-23
26,61,0
26,62,0
26,63,0
26,64,0
26,65,0
26,66,0
26,67,0
26,68,0
26,69,0
26,70,0
26,71,0
26,72,0
26,73,0
26,74,0
26,75,0
26,76,0
26,77,0
26,78,0
26,79,0
26,80,0
26,81,0
26,82,0
26,83,0
26,84,0
26,85,0
26,86,0
26,87,0
26,88,0
26,89,0
26,90,0
26,91,0
26,92,0
26,93,0
26,94,0
26,95,0
26,96,0
26,97,0
26,98,0
26,99,0
27,0,0
27,1,8.77995e-08
27,2,6.64037e-07
27,3,4.19189e-06
27,4,2.23268e-05
27,5,0.000100344
27,6,0.000380796
27,7,0.00122395
27,8,0.00335892
27,9,0.00799546
27,10,0.0168982
27,11,0.0324763
27,12,0.0574787
27,13,0.0935087
27,14,0.139046
27,15,0.188851
27,16,0.234505
27,17,0.266466
27,18,0.278682
27,19,0.270648
27,20,0.24684
27,21,0.215315
27,22,0.182944
27,23,0.154807
27,24,0.133883
27,25,0.124294
27,26,0.133883
27,27,0.154807
27,28,0.182944
27,29,0.215315
27,30,0.24684
27,31,0.270648
27,32,0.278682
27,33,0.266466
27,34,0.234505
27,35,0.188851
27,36,0.139046
27,37,0.0935087
27,38,0.0574787
27,39,0.0324763
27,40,0.0168982
27,41,0.00799546
27,42,0.00335892
27,43,0.00122395
27,44,0.000380796
27,45,0.000100344
27,46,2.23268e-05
27,47,4.1919e-06
27,48,6.64111e-07
27,49,8.87428e-08
27,50,9.9864e-09
27,51,9.43243e-10
27,52,7.43424e-11
27,53,4.84314e-12
27,54,2.56944e-13
27,55,1.08467e-14
27,56,3.51153e-16
27,57,8.19647e-18
27,58,1.22813e-19
27,59,8.86495e-22
27,60,0
27,61,0
27,62,0
27,63,0
27,64,0
27,65,0
27,66,0
27,67,0
27,68,0
27,69,0
27,70,0
27,71,0
27,72,0
27,73,0
27,74,0
27,75,0
27,76,0
27,77,0
27,78,0
27,79,0
27,80,0
27,81,0
27,82,0
27,83,0
27,84,0
27,85,0
27,86,0
27,87,0
27,88,0
27,89,0
27,90,0
27,91,0
27,92,0
27,93,0
27,94,0
27,95,0
27,96,0
27,97,0
27,98,0
27,99,0
28,0,0
28,1,5.79666e-08
28,2,4.62614e-07
28,3,3.06316e-06
28,4,1.7011e-05
28,5,7.93052e-05
28,6,0.000310716
28,7,0.00102634
28,8,0.00288056
28,9,0.00697595
28,10,0.0149254
28,11,0.0289533
28,12,0.0517436
28,13,0.085191
28,14,0.128371
28,15,0.176827
28,16,0.223361
28,17,0.259159
28,18,0.277275
28,19,0.276337
28,20,0.259758
28,21,0.234159
28,22,0.206799
28,23,0.182944
28,24,0.16646
28,25,0.160168
28,26,0.16646
28,27,0.182944
28,28,0.206799
28,29,0.234159
28,30,0.259758
28,31,0.276337
28,32,0.277275
28,33,0.259159
28,34,0.223361
28,35,0.176827
28,36,0.128371
28,37,0.085191
28,38,0.0517436
28,39,0.0289533
28,40,0.0149254
28,41,0.00697595
28,42,0.00288056
28,43,0.00102634
28,44,0.000310716
28,45,7.93052e-05
28,46,1.7011e-05
28,47,3.06316e-06
28,48,4.62652e-07
28,49,5.85061e-08
28,50,6.17156e-09
28,51,5.39499e-10
28,52,3.86737e-11
28,53,2.23699e-12
28,54,1.01885e-13
28,55,3.51825e-15
28,56,8.65549e-17
28,57,1.35094e-18
28,58,1.00469e-20
28,59,0
28,60,0
28,61,0
28,62,0
28,63,0
28,64,0
28,65,0
28,66,0
28,67,0
28,68,0
28,69,0
28,70,0
28,71,0
28,72,0
28,73,0
28,74,0
28,75,0
28,76,0
28,77,0
28,78,0
28,79,0
28,80,0
28,81,0
28,82,0
28,83,0
28,84,0
28,85,0
28,86,0
28,87,0
28,88,0
28,89,0
28,90,0
28,91,0
28,92,0
28,93,0
28,94,0
28,95,0
28,96,0
28,97,0
28,98,0
28,99,0
29,0,0
29,1,3.14471e-08
29,2,2.72185e-07
29,3,1.9353e-06
29,4,1.14351e-05
29,5,5.62882e-05
29,6,0.000231264
29,7,0.000795637
29,8,0.00230899
29,9,0.00573706
29,10,0.0125027
29,11,0.0245867
29,12,0.0445007
29,13,0.0743519
29,14,0.114055
29,15,0.160354
29,16,0.207061
29,17,0.246248
29,18,0.27132
29,19,0.279407
29,20,0.272147
29,21,0.255034
29,22,0.234159
29,23,0.215315
29,24,0.202211
29,25,0.197524
29,26,0.202211
29,27,0.215315
29,28,0.234159
29,29,0.255034
29,30,0.272147
29,31,0.279407
29,32,0.27132
29,33,0.246248
29,34,0.207061
29,35,0.160354
29,36,0.114055
29,37,0.0743519
29,38,0.0445007
29,39,0.0245867
29,40,0.0125027
29,41,0.00573706
29,42,0.00230899
29,43,0.000795637
29,44,0.000231264
29,45,5.62882e-05
29,46,1.14351e-05
29,47,1.9353e-06
29,48,2.722e-07
29,49,3.16827e-08
29,50,3.03041e-09
29,51,2.35602e-10
29,52,1.46466e-11
29,53,7.10447e-13
29,54,2.58951e-14
29,55,6.66772e-16
29,56,1.08076e-17
29,57,8.28873e-20
29,58,0
29,59,0
29,60,0
29,61,0
29,62,0
29,63,0
29,64,0
29,65,0
29,66,0
29,67,0
29,68,0
29,69,0
29,70,0
29,71,0
29,72,0
29,73,0
29,74,0
29,75,0
29,76,0
29,77,0
29,78,0
29,79,0
29,80,0
29,81,0
29,82,0
29,83,0
29,84,0
29,85,0
29,86,0
29,87,0
29,88,0
29,89,0
29,90,0
29,91,0
29,92,0
29,93,0
29,94,0
29,95,0
29,96,0
29,97,0
29,98,0
29,99,0
30,0,0
30,1,1.3569e-08
30,2,1.31584e-07
30,3,1.03355e-06
30,4,6.65808e-06
30,5,3.53394e-05
30,6,0.000155064
30,7,0.000564622
30,8,0.00171788
30,9,0.00442752
30,10,0.00989881
30,11,0.019811
30,12,0.0364313
30,13,0.0620064
30,14,0.0970972
30,15,0.139625
30,16,0.185185
30,17,0.227029
30,18,0.258327
30,19,0.275786
30,20,0.279255
30,21,0.272147
30,22,0.259758
30,23,0.24684
30,24,0.237625
30,25,0.234138
30,26,0.237625
30,27,0.24684
30,28,0.259758
30,29,0.272147
30,30,0.279256
30,31,0.275786
30,32,0.258327
30,33,0.227029
30,34,0.185185
30,35,0.139625
30,36,0.0970972
30,37,0.0620064
30,38,0.0364313
30,39,0.019811
30,40,0.00989881
30,41,0.00442752
30,42,0.00171788
30,43,0.000564622
30,44,0.000155064
30,45,3.53394e-05
30,46,6.65808e-06
30,47,1.03355e-06
30,48,1.31588e-07
30,49,1.36445e-08
30,50,1.14003e-09
30,51,7.55356e-11
30,52,3.87494e-12
30,53,1.48315e-13
30,54,3.98472e-15
30,55,6.70068e-17
30,56,5.30479e-19
30,57,0
30,58,0
30,59,0
30,60,0
30,61,0
30,62,0
30,63,0
30,64,0
30,65,0
30,66,0
30,67,0
30,68,0
30,69,0
30,70,0
30,71,0
30,72,0
30,73,0
30,74,0
30,75,0
30,76,0
30,77,0
30,78,0
30,79,0
30,80,0
30,81,0
30,82,0
30,83,0
30,84,0
30,85,0
30,86,0
30,87,0
30,88,0
30,89,0
30,90,0
30,91,0
30,92,0
30,93,0
30,94,0
30,95,0
30,96,0
30,97,0
30,98,0
30,99,0
31,0,0
31,1,4.48897e-09
31,2,5.04817e-08
31,3,4.5201e-07
31,4,3.26703e-06
31,5,1.91867e-05
31,6,9.19795e-05
31,7,0.000361522
31,8,0.00117284
31,9,0.00318052
31,10,0.00737488
31,11,0.0151108
31,12,0.0282718
31,13,0.0490745
31,14,0.0787736
31,15,0.11631
31,16,0.158503
31,17,0.200535
31,18,0.236494
31,19,0.261966
31,20,0.275786
31,21,0.279407
31,22,0.276337
31,23,0.270648
31,24,0.265723
31,25,0.263841
31,26,0.265723
31,27,0.270648
31,28,0.276337
31,29,0.279407
31,30,0.275786
31,31,0.261966
31,32,0.236494
31,33,0.200535
31,34,0.158503
31,35,0.11631
31,36,0.0787736
31,37,0.0490745
31,38,0.0282718
31,39,0.0151108
31,40,0.00737488
31,41,0.00318052
31,42,0.00117284
31,43,0.000361522
31,44,9.19795e-05
31,45,1.91867e-05
31,46,3.26703e-06
31,47,4.52009e-07
31,48,5.04824e-08
31,49,4.50609e-09
31,50,3.16616e-10
31,51,1.71114e-11
31,52,6.85997e-13
31,53,1.92054e-14
31,54,3.35034e-16
31,55,2.74081e-18
31,56,0
31,57,0
31,58,0
31,59,0
31,60,0
31,61,0
31,62,0
31,63,0
31,64,0
31,65,0
31,66,0
31,67,0
31,68,0
31,69,0
31,70,0
31,71,0
31,72,0
31,73,0
31,74,0
31,75,0
31,76,0
31,77,0
31,78,0
31,79,0
31,80,0
31,81,0
31,82,0
31,83,0
31,84,0
31,85,0
31,86,0
31,87,0
31,88,0
31,89,0
31,90,0
31,91,0
31,92,0
31,93,0
31,94,0
31,95,0
31,96,0
31,97,0
31,98,0
31,99,0
32,0,0
32,1,1.10041e-09
32,2,1.48476e-08
32,3,1.56305e-07
32,4,1.30531e-06
32,5,8.72561e-06
32,6,4.69578e-05
32,7,0.000204335
32,8,0.000722937
32,9,0.00210175
32,10,0.00512668
32,11,0.0108552
32,12,0.0207557
32,13,0.0367554
32,14,0.0604234
32,15,0.0917872
32,16,0.129035
32,17,0.168536
32,18,0.205671
32,19,0.236495
32,20,0.258327
32,21,0.27132
32,22,0.277275
32,23,0.278682
32,24,0.27847
32,25,0.278042
32,26,0.27847
32,27,0.278682
32,28,0.277275
32,29,0.27132
32,30,0.258327
32,31,0.236494
32,32,0.205671
32,33,0.168536
32,34,0.129035
32,35,0.0917872
32,36,0.0604234
32,37,0.0367554
32,38,0.0207557
32,39,0.0108552
32,40,0.00512668
32,41,0.00210175
32,42,0.000722937
32,43,0.000204335
32,44,4.69578e-05
32,45,8.72561e-06
32,46,1.30531e-06
32,47,1.56305e-07
32,48,1.48477e-08
32,49,1.10304e-09
32,50,6.26739e-11
32,51,2.62864e-12
32,52,7.66632e-14
32,53,1.388e-15
32,54,1.17463e-17
32,55,0
32,56,0
32,57,0
32,58,0
32,59,0
32,60,0
32,61,0
32,62,0
32,63,0
32,64,0
32,65,0
32,66,0
32,67,0
32,68,0
32,69,0
32,70,0
32,71,0
32,72,0
32,73,0
32,74,0
32,75,0
32,76,0
32,77,0
32,78,0
32,79,0
32,80,0
32,81,0
32,82,0
32,83,0
32,84,0
32,85,0
32,86,0
32,87,0
32,88,0
32,89,0
32,90,0
32,91,0
32,92,0
32,93,0
32,94,0
32,95,0
32,96,0
32,97,0
32,98,0
32,99,0
33,0,0
33,1,1.93527e-10
33,2,3.24705e-09
33,3,4.14074e-08
33,4,4.10597e-07
33,5,3.20832e-06
33,6,1.99128e-05
33,7,9.86417e-05
33,8,0.00039155
33,9,0.00125388
33,10,0.00328994
33,11,0.00729631
33,12,0.0143255
33,13,0.025935
33,14,0.0437534
33,15,0.0682814
33,16,0.0988096
33,17,0.133478
33,18,0.168536
33,19,0.200535
33,20,0.227029
33,21,0.246248
33,22,0.259159
33,23,0.266466
33,24,0.270203
33,25,0.271199
33,26,0.270203
33,27,0.266466
33,28,0.259159
33,29,0.246248
33,30,0.227029
33,31,0.200535
33,32,0.168536
33,33,0.133478
33,34,0.0988096
33,35,0.0682814
33,36,0.0437534
33,37,0.025935
33,38,0.0143255
33,39,0.00729631
33,40,0.00328993
33,41,0.00125388
33,42,0.00039155
33,43,9.86417e-05
33,44,1.99128e-05
33,45,3.20832e-06
33,46,4.10597e-07
33,47,4.14074e-08
33,48,3.24706e-09
33,49,1.93785e-10
33,50,8.50056e-12
33,51,2.58334e-13
33,52,4.858e-15
33,53,4.25804e-17
33,54,0
33,55,0
33,56,0
33,57,0
33,58,0
33,59,0
33,60,0
33,61,0
33,62,0
33,63,0
33,64,0
33,65,0
33,66,0
33,67,0
33,68,0
33,69,0
33,70,0
33,71,0
33,72,0
33,73,0
33,74,0
33,75,0
33,76,0
33,77,0
33,78,0
33,79,0
33,80,0
33,81,0
33,82,0
33,83,0
33,84,0
33,85,0
33,86,0
33,87,0
33,88,0
33,89,0
33,90,0
33,91,0
33,92,0
33,93,0
33,94,0
33,95,0
33,96,0
33,97,0
33,98,0
33,99,0
34,0,0
34,1,2.35074e-11
34,2,5.1254e-10
34,3,8.17773e-09
34,4,9.88672e-08
34,5,9.24729e-07
34,6,6.77537e-06
34,7,3.9163e-05
34,8,0.000179294
34,9,0.000652561
34,10,0.00190405
34,11,0.00454917
