0,0,0
0,1,0
0,2,0
0,3,0
0,4,0
0,5,0
0,6,0
0,7,0
0,8,0
0,9,0
0,10,0
0,11,0
0,12,0
0,13,0
0,14,0
0,15,0
0,16,0
0,17,0
0,18,0
0,19,0
0,20,0
0,21,0
0,22,0
0,23,0
0,24,0
0,25,0
0,26,0
0,27,0
0,28,0
0,29,0
0,30,0
0,31,0
0,32,0
0,33,0
0,34,0
0,35,0
0,36,0
0,37,0
0,38,0
0,39,0
0,40,0
0,41,0
0,42,0
0,43,0
0,44,0
0,45,0
0,46,0
0,47,0
0,48,0
0,49,0
0,50,0
0,51,0
0,52,0
0,53,0
0,54,0
0,55,0
0,56,0
0,57,0
0,58,0
0,59,0
0,60,0
0,61,0
0,62,0
0,63,0
0,64,0
0,65,0
0,66,0
0,67,0
0,68,0
0,69,0
0,70,0
0,71,0
0,72,0
0,73,0
0,74,0
0,75,0
0,76,0
0,77,0
0,78,0
0,79,0
0,80,0
0,81,0
0,82,0
0,83,0
0,84,0
0,85,0
0,86,0
0,87,0
0,88,0
0,89,0
0,90,0
0,91,0
0,92,0
0,93,0
0,94,0
0,95,0
0,96,0
0,97,0
0,98,0
0,99,0
1,0,0
1,1,6.18306e-12
1,2,8.61013e-11
1,3,9.46842e-10
1,4,8.37744e-09
1,5,6.03187e-08
1,6,3.563e-07
1,7,1.73722e-06
1,8,7.02863e-06
1,9,2.37345e-05
1,10,6.74226e-05
1,11,0.000163009
1,12,0.000341041
1,13,0.000630496
1,14,0.00105303
1,15,0.00161964
1,16,0.00232767
1,17,0.00315933
1,18,0.00408212
1,19,0.00505033
1,20,0.00600906
1,21,0.00689915
1,22,0.00766269
1,23,0.00824865
1,24,0.00861707
1,25,0.00874279
1,26,0.00861707
1,27,0.00824864
1,28,0.00766269
1,29,0.00689915
1,30,0.00600906
1,31,0.00505033
1,32,0.00408212
1,33,0.00315933
1,34,0.00232767
1,35,0.00161964
1,36,0.00105303
1,37,0.000630496
1,38,0.000341041
1,39,0.000163009
1,40,6.74226e-05
1,41,2.37345e-05
1,42,7.02863e-06
1,43,1.73722e-06
1,44,3.563e-07
1,45,6.03187e-08
1,46,8.37744e-09
1,47,9.46842e-10
1,48,8.61018e-11
1,49,6.19733e-12
1,50,3.44645e-13
1,51,1.427e-14
1,52,4.13862e-16
1,53,7.49763e-18
1,54,6.38257e-20
1,55,0
1,56,0
1,57,0
1,58,0
1,59,0
1,60,0
1,61,0
1,62,0
1,63,0
1,64,0
1,65,0
1,66,0
1,67,0
1,68,0
1,69,0
1,70,0
1,71,0
1,72,0
1,73,0
1,74,0
1,75,0
1,76,0
1,77,0
1,78,0
1,79,0
1,80,0
1,81,0
1,82,0
1,83,0
1,84,0
1,85,0
1,86,0
1,87,0
1,88,0
1,89,0
1,90,0
1,91,0
1,92,0
1,93,0
1,94,0
1,95,0
1,96,0
1,97,0
1,98,0
1,99,0
2,0,0
2,1,8.61013e-11
2,2,9.92975e-10
2,3,9.19757e-09
2,4,6.9459e-08
2,5,4.31092e-07
2,6,2.21164e-06
2,7,9.42338e-06
2,8,3.35079e-05
2,9,0.000100076
2,10,0.000253529
2,11,0.000552967
2,12,0.00105954
2,13,0.00182509
2,14,0.00288675
2,15,0.00426034
2,16,0.00593309
2,17,0.00786099
2,18,0.00996832
2,19,0.0121521
2,20,0.0142922
2,21,0.0162614
2,22,0.0179387
2,23,0.0192185
2,24,0.0200203
2,25,0.0202933
2,26,0.0200203
2,27,0.0192185
2,28,0.0179387
2,29,0.0162614
2,30,0.0142922
2,31,0.0121521
2,32,0.00996832
2,33,0.00786099
2,34,0.00593309
2,35,0.00426034
2,36,0.00288675
2,37,0.00182509
2,38,0.00105954
2,39,0.000552967
2,40,0.000253529
2,41,0.000100076
2,42,3.35079e-05
2,43,9.42338e-06
2,44,2.21164e-06
2,45,4.31092e-07
2,46,6.94591e-08
2,47,9.19757e-09
2,48,9.92988e-10
2,49,8.642e-11
2,50,5.96428e-12
2,51,3.18611e-13
2,52,1.26939e-14
2,53,3.54826e-16
2,54,6.20493e-18
2,55,5.10606e-20
2,56,0
2,57,0
2,58,0
2,59,0
2,60,0
2,61,0
2,62,0
2,63,0
2,64,0
2,65,0
2,66,0
2,67,0
2,68,0
2,69,0
2,70,0
2,71,0
2,72,0
2,73,0
2,74,0
2,75,0
2,76,0
2,77,0
2,78,0
2,79,0
2,80,0
2,81,0
2,82,0
2,83,0
2,84,0
2,85,0
2,86,0
2,87,0
2,88,0
2,89,0
2,90,0
2,91,0
2,92,0
2,93,0
2,94,0
2,95,0
2,96,0
2,97,0
2,98,0
2,99,0
3,0,0
3,1,9.46842e-10
3,2,9.19757e-09
3,3,7.25348e-08
3,4,4.70577e-07
3,5,2.52508e-06
3,6,1.12518e-05
3,7,4.17932e-05
3,8,0.000130033
3,9,0.000341598
3,10,0.000767703
3,11,0.00150528
3,12,0.00263937
3,13,0.00424068
3,14,0.0063599
3,15,0.00900909
3,16,0.0121505
3,17,0.0156919
3,18,0.0194866
3,19,0.0233496
3,20,0.0270744
3,21,0.0304535
3,22,0.0332979
3,23,0.0354481
3,24,0.0367869
3,25,0.037241
3,26,0.0367869
3,27,0.0354481
3,28,0.0332979
3,29,0.0304535
3,30,0.0270744
3,31,0.0233496
3,32,0.0194866
3,33,0.0156919
3,34,0.0121505
3,35,0.00900909
3,36,0.0063599
3,37,0.00424068
3,38,0.00263937
3,39,0.00150528
3,40,0.000767703
3,41,0.000341598
3,42,0.000130033
3,43,4.17932e-05
3,44,1.12518e-05
3,45,2.52508e-06
3,46,4.70577e-07
3,47,7.25348e-08
3,48,9.19784e-09
3,49,9.52121e-10
3,50,7.95587e-11
3,51,5.27915e-12
3,52,2.71521e-13
3,53,1.04296e-14
3,54,2.81437e-16
3,55,4.75712e-18
3,56,3.78837e-20
3,57,0
3,58,0
3,59,0
3,60,0
3,61,0
3,62,0
3,63,0
3,64,0
3,65,0
3,66,0
3,67,0
3,68,0
3,69,0
3,70,0
3,71,0
3,72,0
3,73,0
3,74,0
3,75,0
3,76,0
3,77,0
3,78,0
3,79,0
3,80,0
3,81,0
3,82,0
3,83,0
3,84,0
3,85,0
3,86,0
3,87,0
3,88,0
3,89,0
3,90,0
3,91,0
3,92,0
3,93,0
3,94,0
3,95,0
3,96,0
3,97,0
3,98,0
3,99,0
4,0,0
4,1,8.37744e-09
4,2,6.94591e-08
4,3,4.70577e-07
4,4,2.63879e-06
4,5,1.22906e-05
4,6,4.76809e-05
4,7,0.000154607
4,8,0.000421534
4,9,0.000977093
4,10,0.0019612
4,11,0.00349745
4,12,0.00569841
4,13,0.00867068
4,14,0.0124776
4,15,0.0171042
4,16,0.0224508
4,17,0.0283247
4,18,0.0344612
4,19,0.0405596
4,20,0.0463078
4,21,0.0514206
4,22,0.0556512
4,23,0.0588083
4,24,0.0607559
4,25,0.0614139
4,26,0.0607559
4,27,0.0588083
4,28,0.0556512
4,29,0.0514206
4,30,0.0463078
4,31,0.0405596
4,32,0.0344612
4,33,0.0283247
4,34,0.0224508
4,35,0.0171042
4,36,0.0124776
4,37,0.00867068
4,38,0.00569841
4,39,0.00349745
4,40,0.0019612
4,41,0.000977093
4,42,0.000421534
4,43,0.000154607
4,44,4.76809e-05
4,45,1.22906e-05
4,46,2.6388e-06
4,47,4.70577e-07
4,48,6.94634e-08
4,49,8.44485e-09
4,50,8.39185e-10
4,51,6.74078e-11
4,52,4.30573e-12
4,53,2.13472e-13
4,54,7.91467e-15
4,55,2.06411e-16
4,56,3.37602e-18
4,57,2.6045e-20
4,58,0
4,59,0
4,60,0
4,61,0
4,62,0
4,63,0
4,64,0
4,65,0
4,66,0
4,67,0
4,68,0
4,69,0
4,70,0
4,71,0
4,72,0
4,73,0
4,74,0
4,75,0
4,76,0
4,77,0
4,78,0
4,79,0
4,80,0
4,81,0
4,82,0
4,83,0
4,84,0
4,85,0
4,86,0
4,87,0
4,88,0
4,89,0
4,90,0
4,91,0
4,92,0
4,93,0
4,94,0
4,95,0
4,96,0
4,97,0
4,98,0
4,99,0
5,0,0
5,1,6.03187e-08
5,2,4.31092e-07
5,3,2.52508e-06
5,4,1.22906e-05
5,5,4.98193e-05
5,6,0.000168549
5,7,0.000477956
5,8,0.00114605
5,9,0.00236243
5,10,0.00429633
5,11,0.00711161
5,12,0.0109978
5,13,0.016109
5,14,0.0224717
5,15,0.0299774
5,16,0.0383777
5,17,0.0472968
5,18,0.056312
5,19,0.0649863
5,20,0.072923
5,21,0.0797996
5,22,0.0853619
5,23,0.0894435
5,24,0.0919288
5,25,0.0927655
5,26,0.0919288
5,27,0.0894435
5,28,0.0853619
5,29,0.0797996
5,30,0.072923
5,31,0.0649863
5,32,0.056312
5,33,0.0472968
5,34,0.0383777
5,35,0.0299774
5,36,0.0224717
5,37,0.016109
5,38,0.0109978
5,39,0.00711161
5,40,0.00429633
5,41,0.00236243
5,42,0.00114605
5,43,0.000477956
5,44,0.000168549
5,45,4.98193e-05
5,46,1.22906e-05
5,47,2.52508e-06
5,48,4.31145e-07
5,49,6.09983e-08
5,50,7.11661e-09
5,51,6.79605e-10
5,52,5.25338e-11
5,53,3.23379e-12
5,54,1.54715e-13
5,55,5.54266e-15
5,56,1.39847e-16
5,57,2.21551e-18
5,58,1.65741e-20
5,59,0
5,60,0
5,61,0
5,62,0
5,63,0
5,64,0
5,65,0
5,66,0
5,67,0
5,68,0
5,69,0
5,70,0
5,71,0
5,72,0
5,73,0
5,74,0
5,75,0
5,76,0
5,77,0
5,78,0
5,79,0
5,80,0
5,81,0
5,82,0
5,83,0
5,84,0
5,85,0
5,86,0
5,87,0
5,88,0
5,89,0
5,90,0
5,91,0
5,92,0
5,93,0
5,94,0
5,95,0
5,96,0
5,97,0
5,98,0
5,99,0
6,0,0
6,1,3.563e-07
6,2,2.21164e-06
6,3,1.12518e-05
6,4,4.76809e-05
6,5,0.000168549
6,6,0.000498351
6,7,0.00124072
6,8,0.00263856
6,9,0.00491495
6,10,0.00829345
6,11,0.0130711
6,12,0.0195408
6,13,0.0277947
6,14,0.037695
6,15,0.048921
6,16,0.0609485
6,17,0.0731786
6,18,0.0850322
6,19,0.0959745
6,20,0.105623
6,21,0.113696
6,22,0.120043
6,23,0.124591
6,24,0.127317
6,25,0.128227
6,26,0.127317
6,27,0.124591
6,28,0.120043
6,29,0.113696
6,30,0.105623
6,31,0.0959745
6,32,0.0850322
6,33,0.0731786
6,34,0.0609485
6,35,0.048921
6,36,0.037695
6,37,0.0277947
6,38,0.0195408
6,39,0.0130711
6,40,0.00829345
6,41,0.00491495
6,42,0.00263856
6,43,0.00124072
6,44,0.000498351
6,45,0.000168549
6,46,4.76809e-05
6,47,1.12519e-05
6,48,2.21214e-06
6,49,3.61802e-07
6,50,4.90941e-08
6,51,5.50131e-09
6,52,5.05321e-10
6,53,3.76271e-11
6,54,2.23429e-12
6,55,1.03257e-13
6,56,3.57786e-15
6,57,8.74199e-17
6,58,1.34273e-18
6,59,9.74947e-21
6,60,0
6,61,0
6,62,0
6,63,0
6,64,0
6,65,0
6,66,0
6,67,0
6,68,0
6,69,0
6,70,0
6,71,0
6,72,0
6,73,0
6,74,0
6,75,0
6,76,0
6,77,0
6,78,0
6,79,0
6,80,0
6,81,0
6,82,0
6,83,0
6,84,0
6,85,0
6,86,0
6,87,0
6,88,0
6,89,0
6,90,0
6,91,0
6,92,0
6,93,0
6,94,0
6,95,0
6,96,0
6,97,0
6,98,0
6,99,0
7,0,0
7,1,1.73722e-06
7,2,9.42338e-06
7,3,4.17932e-05
7,4,0.000154607
7,5,0.000477956
7,6,0.00124072
7,7,0.00273707
7,8,0.00525254
7,9,0.0090776
7,10,0.0146274
7,11,0.0223758
7,12,0.032517
7,13,0.0448533
7,14,0.058963
7,15,0.0741598
7,16,0.0895901
7,17,0.104499
7,18,0.118193
7,19,0.130202
7,20,0.140279
7,21,0.148314
7,22,0.154388
7,23,0.158577
7,24,0.161043
7,25,0.161842
7,26,0.161043
7,27,0.158577
7,28,0.154388
7,29,0.148314
7,30,0.140279
7,31,0.130202
7,32,0.118193
7,33,0.104499
7,34,0.0895901
7,35,0.0741598
7,36,0.058963
7,37,0.0448533
7,38,0.032517
7,39,0.0223758
7,40,0.0146274
7,41,0.00907761
7,42,0.00525254
7,43,0.00273707
7,44,0.00124072
7,45,0.000477956
7,46,0.000154607
7,47,4.17936e-05
7,48,9.42728e-06
7,49,1.77341e-06
7,50,2.77905e-07
7,51,3.61868e-08
7,52,3.89735e-09
7,53,3.44614e-10
7,54,2.47393e-11
7,55,1.41833e-12
7,56,6.33726e-14
7,57,2.12577e-15
7,58,5.03436e-17
7,59,7.50352e-19
7,60,5.29257e-21
7,61,0
7,62,0
7,63,0
7,64,0
7,65,0
7,66,0
7,67,0
7,68,0
7,69,0
7,70,0
7,71,0
7,72,0
7,73,0
7,74,0
7,75,0
7,76,0
7,77,0
7,78,0
7,79,0
7,80,0
7,81,0
7,82,0
7,83,0
7,84,0
7,85,0
7,86,0
7,87,0
7,88,0
7,89,0
7,90,0
7,91,0
7,92,0
7,93,0
7,94,0
7,95,0
7,96,0
7,97,0
7,98,0
7,99,0
8,0,0
8,1,7.02863e-06
8,2,3.35079e-05
8,3,0.000130033
8,4,0.000421534
8,5,0.00114605
8,6,0.00263856
8,7,0.00525254
8,8,0.00935207
8,9,0.0154617
8,10,0.0242513
8,11,0.0360719
8,12,0.0506634
8,13,0.0674637
8,14,0.0856512
8,15,0.10405
8,16,0.121628
8,17,0.137536
8,18,0.151126
8,19,0.162235
8,20,0.170829
8,21,0.177189
8,22,0.181628
8,23,0.184494
8,24,0.186095
8,25,0.186595
8,26,0.186095
8,27,0.184494
8,28,0.181628
8,29,0.177189
8,30,0.170829
8,31,0.162235
8,32,0.151126
8,33,0.137536
8,34,0.121628
8,35,0.10405
8,36,0.0856512
8,37,0.0674637
8,38,0.0506634
8,39,0.0360719
8,40,0.0242513
8,41,0.0154617
8,42,0.00935207
8,43,0.00525254
8,44,0.00263856
8,45,0.00114605
8,46,0.000421534
8,47,0.000130036
8,48,3.35323e-05
8,49,7.22383e-06
8,50,1.2999e-06
8,51,1.95199e-07
8,52,2.44001e-08
8,53,2.52716e-09
8,54,2.15253e-10
8,55,1.49088e-11
8,56,8.25889e-13
8,57,3.57062e-14
8,58,1.16045e-15
8,59,2.66595e-17
8,60,3.85895e-19
8,61,2.64628e-21
8,62,0
8,63,0
8,64,0
8,65,0
8,66,0
8,67,0
8,68,0
8,69,0
8,70,0
8,71,0
8,72,0
8,73,0
8,74,0
8,75,0
8,76,0
8,77,0
8,78,0
8,79,0
8,80,0
8,81,0
8,82,0
8,83,0
8,84,0
8,85,0
8,86,0
8,87,0
8,88,0
8,89,0
8,90,0
8,91,0
8,92,0
8,93,0
8,94,0
8,95,0
8,96,0
8,97,0
8,98,0
8,99,0
9,0,0
9,1,2.37345e-05
9,2,0.000100076
9,3,0.000341598
9,4,0.000977093
9,5,0.00236243
9,6,0.00491495
9,7,0.0090776
9,8,0.0154617
9,9,0.024908
9,10,0.0379857
9,11,0.0544477
9,12,0.0735678
9,13,0.0944193
9,14,0.115505
9,15,0.13532
9,16,0.152841
9,17,0.167183
9,18,0.178178
9,19,0.186028
9,20,0.191121
9,21,0.194213
9,22,0.195784
9,23,0.196545
9,24,0.19677
9,25,0.19686
9,26,0.19677
9,27,0.196545
9,28,0.195784
9,29,0.194213
9,30,0.191121
9,31,0.186028
9,32,0.178178
9,33,0.167183
9,34,0.152841
9,35,0.13532
9,36,0.115505
9,37,0.0944193
9,38,0.0735678
9,39,0.0544477
9,40,0.0379857
9,41,0.024908
9,42,0.0154617
9,43,0.00907761
9,44,0.00491495
9,45,0.00236243
9,46,0.000977094
9,47,0.000341613
9,48,0.000100201
9,49,2.46047e-05
9,50,5.05738e-06
9,51,8.70165e-07
9,52,1.25209e-07
9,53,1.50283e-08
9,54,1.49744e-09
9,55,1.22927e-10
9,56,8.21959e-12
9,57,4.40263e-13
9,58,1.84307e-14
9,59,5.8078e-16
9,60,1.29529e-17
9,61,1.82228e-19
9,62,1.21586e-21
9,63,0
9,64,0
9,65,0
9,66,0
9,67,0
9,68,0
9,69,0
9,70,0
9,71,0
9,72,0
9,73,0
9,74,0
9,75,0
9,76,0
9,77,0
9,78,0
9,79,0
9,80,0
9,81,0
9,82,0
9,83,0
9,84,0
9,85,0
9,86,0
9,87,0
9,88,0
9,89,0
9,90,0
9,91,0
9,92,0
9,93,0
9,94,0
9,95,0
9,96,0
9,97,0
9,98,0
9,99,0
10,0,0
10,1,6.74226e-05
10,2,0.000253529
10,3,0.000767703
10,4,0.0019612
10,5,0.00429633
10,6,0.00829345
10,7,0.0146274
10,8,0.0242513
10,9,0.0379857
10,10,0.0557603
10,11,0.0767372
10,12,0.0998593
10,13,0.12338
10,14,0.145143
10,15,0.163787
10,16,0.178273
10,17,0.188209
10,18,0.1942
10,19,0.196751
10,20,0.197022
10,21,0.195841
10,22,0.194064
10,23,0.192382
10,24,0.191149
10,25,0.190757
10,26,0.191149
10,27,0.192382
10,28,0.194064
10,29,0.195841
10,30,0.197022
10,31,0.196751
10,32,0.1942
10,33,0.188209
10,34,0.178273
10,35,0.163787
10,36,0.145143
10,37,0.12338
10,38,0.0998593
10,39,0.0767372
10,40,0.0557602
10,41,0.0379857
10,42,0.0242513
10,43,0.0146274
10,44,0.00829345
10,45,0.00429633
10,46,0.0019612
10,47,0.000767776
10,48,0.00025406
10,49,7.0653e-05
10,50,1.649e-05
10,51,3.23038e-06
10,52,5.31148e-07
10,53,7.32195e-08
10,54,8.4389e-09
10,55,8.09159e-10
10,56,6.40447e-11
10,57,4.13628e-12
10,58,2.1434e-13
10,59,8.69383e-15
10,60,2.65802e-16
10,61,5.75894e-18
10,62,7.88014e-20
10,63,5.11941e-22
10,64,0
10,65,0
10,66,0
10,67,0
10,68,0
10,69,0
10,70,0
10,71,0
10,72,0
10,73,0
10,74,0
10,75,0
10,76,0
10,77,0
10,78,0
10,79,0
10,80,0
10,81,0
10,82,0
10,83,0
10,84,0
10,85,0
10,86,0
10,87,0
10,88,0
10,89,0
10,90,0
10,91,0
10,92,0
10,93,0
10,94,0
10,95,0
10,96,0
10,97,0
10,98,0
10,99,0
11,0,0
11,1,0.000163009
11,2,0.000552967
11,3,0.00150528
11,4,0.00349745
11,5,0.00711161
11,6,0.0130711
11,7,0.0223758
11,8,0.0360719
11,9,0.0544477
11,10,0.0767372
11,11,0.101697
11,12,0.127387
11,13,0.151024
11,14,0.170606
11,15,0.185015
11,16,0.193545
11,17,0.197046
11,18,0.196482
11,19,0.193083
11,20,0.188389
11,21,0.183122
11,22,0.17849
11,23,0.174678
11,24,0.172398
11,25,0.171514
11,26,0.172398
11,27,0.174678
11,28,0.17849
11,29,0.183122
11,30,0.188389
11,31,0.193083
11,32,0.196482
11,33,0.197046
11,34,0.193545
11,35,0.185015
11,36,0.170606
11,37,0.151024
11,38,0.127387
11,39,0.101697
11,40,0.0767372
11,41,0.0544477
11,42,0.0360719
11,43,0.0223758
11,44,0.0130711
11,45,0.00711161
11,46,0.00349749
11,47,0.00150558
11,48,0.000554846
11,49,0.000173086
11,50,4.5511e-05
11,51,1.00772e-05
11,52,1.87919e-06
11,53,2.95051e-07
11,54,3.89511e-08
11,55,4.31035e-09
11,56,3.97747e-10
11,57,3.03608e-11
11,58,1.89461e-12
11,59,9.50251e-14
11,60,3.73641e-15
11,61,1.109e-16
11,62,2.33572e-18
11,63,3.11058e-20
11,64,1.969e-22
11,65,0
11,66,0
11,67,0
11,68,0
11,69,0
11,70,0
11,71,0
11,72,0
11,73,0
11,74,0
11,75,0
11,76,0
11,77,0
11,78,0
11,79,0
11,80,0
11,81,0
11,82,0
11,83,0
11,84,0
11,85,0
11,86,0
11,87,0
11,88,0
11,89,0
11,90,0
11,91,0
11,92,0
11,93,0
11,94,0
11,95,0
11,96,0
11,97,0
11,98,0
11,99,0
12,0,0
12,1,0.000341041
12,2,0.00105954
12,3,0.00263937
12,4,0.00569841
12,5,0.0109978
12,6,0.0195408
12,7,0.032517
12,8,0.0506634
12,9,0.0735678
12,10,0.0998593
12,11,0.127387
12,12,0.152981
12,13,0.173802
12,14,0.188404
12,15,0.195902
12,16,0.196988
12,17,0.193349
12,18,0.186273
12,19,0.177869
12,20,0.169133
12,21,0.161192
12,22,0.154657
12,23,0.149739
12,24,0.146851
12,25,0.145774
12,26,0.146851
12,27,0.149739
12,28,0.154657
12,29,0.161192
12,30,0.169133
12,31,0.177869
12,32,0.186273
12,33,0.193349
12,34,0.196988
12,35,0.195902
12,36,0.188404
12,37,0.173802
12,38,0.152981
12,39,0.127387
12,40,0.0998593
12,41,0.0735678
12,42,0.0506634
12,43,0.032517
12,44,0.0195408
12,45,0.0109978
12,46,0.00569856
12,47,0.00264037
12,48,0.00106514
12,49,0.000367765
12,50,0.000107775
12,51,2.67244e-05
12,52,5.60337e-06
12,53,9.93337e-07
12,54,1.48796e-07
12,55,1.88007e-08
12,56,1.99694e-09
12,57,1.77322e-10
12,58,1.30543e-11
12,59,7.87288e-13
12,60,3.82315e-14
12,61,1.4579e-15
12,62,4.20293e-17
12,63,8.60966e-19
12,64,1.11662e-20
12,65,6.89152e-23
12,66,0
12,67,0
12,68,0
12,69,0
12,70,0
12,71,0
12,72,0
12,73,0
12,74,0
12,75,0
12,76,0
12,77,0
12,78,0
12,79,0
12,80,0
12,81,0
12,82,0
12,83,0
12,84,0
12,85,0
12,86,0
12,87,0
12,88,0
12,89,0
12,90,0
12,91,0
12,92,0
12,93,0
12,94,0
12,95,0
12,96,0
12,97,0
12,98,0
12,99,0
13,0,0
13,1,0.000630496
13,2,0.00182509
13,3,0.00424068
13,4,0.00867068
13,5,0.016109
13,6,0.0277947
13,7,0.0448533
13,8,0.0674637
13,9,0.0944193
13,10,0.12338
13,11,0.151024
13,12,0.173802
13,13,0.189399
13,14,0.196723
13,15,0.196173
13,16,0.189858
13,17,0.179635
13,18,0.167732
13,19,0.155945
13,20,0.14503
13,21,0.136075
13,22,0.128861
13,23,0.123939
13,24,0.120848
13,25,0.11995
13,26,0.120848
13,27,0.123939
13,28,0.128861
13,29,0.136075
13,30,0.14503
13,31,0.155945
13,32,0.167732
13,33,0.179635
13,34,0.189858
13,35,0.196173
13,36,0.196723
13,37,0.189399
13,38,0.173802
13,39,0.151024
13,40,0.12338
13,41,0.0944193
13,42,0.0674638
13,43,0.0448533
13,44,0.0277947
13,45,0.016109
13,46,0.00867116
13,47,0.00424351
13,48,0.00183936
13,49,0.000691659
13,50,0.000222852
13,51,6.1163e-05
13,52,1.42682e-05
13,53,2.82753e-06
13,54,4.75812e-07
13,55,6.79234e-08
13,56,8.20756e-09
13,57,8.36316e-10
13,58,7.14384e-11
13,59,5.07178e-12
13,60,2.95616e-13
13,61,1.39015e-14
13,62,5.14268e-16
13,63,1.44057e-17
13,64,2.87163e-19
13,65,3.62901e-21
13,66,2.18512e-23
13,67,0
13,68,0
13,69,0
13,70,0
13,71,0
13,72,0
13,73,0
13,74,0
13,75,0
13,76,0
13,77,0
13,78,0
13,79,0
13,80,0
13,81,0
13,82,0
13,83,0
13,84,0
13,85,0
13,86,0
13,87,0
13,88,0
13,89,0
13,90,0
13,91,0
13,92,0
13,93,0
13,94,0
13,95,0
13,96,0
13,97,0
13,98,0
13,99,0
14,0,0
14,1,0.00105303
14,2,0.00288675
14,3,0.0063599
14,4,0.0124776
14,5,0.0224717
14,6,0.037695
14,7,0.058963
14,8,0.0856512
14,9,0.115505
14,10,0.145143
14,11,0.170606
14,12,0.188404
14,13,0.196723
14,14,0.195794
14,15,0.187663
14,16,0.174937
14,17,0.160161
14,18,0.145661
14,19,0.132464
14,20,0.121447
14,21,0.112687
14,22,0.106112
14,23,0.10166
14,24,0.0989836
14,25,0.0981855
14,26,0.0989836
14,27,0.10166
14,28,0.106112
14,29,0.112687
14,30,0.121447
14,31,0.132464
14,32,0.145661
14,33,0.160161
14,34,0.174937
14,35,0.187663
14,36,0.195794
14,37,0.196723
14,38,0.188404
14,39,0.170606
14,40,0.145143
14,41,0.115505
14,42,0.0856512
14,43,0.058963
14,44,0.037695
14,45,0.0224719
14,46,0.0124789
14,47,0.0063668
14,48,0.00291828
14,49,0.00117602
14,50,0.000410413
14,51,0.000122994
14,52,3.15302e-05
14,53,6.90437e-06
14,54,1.2907e-06
14,55,2.05843e-07
14,56,2.79661e-08
14,57,3.22837e-09
14,58,3.15325e-10
14,59,2.58965e-11
14,60,1.77236e-12
14,61,9.98252e-14
14,62,4.54596e-15
14,63,1.63171e-16
14,64,4.44258e-18
14,65,8.62111e-20
14,66,1.06215e-21
14,67,6.24319e-24
14,68,0
14,69,0
14,70,0
14,71,0
14,72,0
14,73,0
14,74,0
14,75,0
14,76,0
14,77,0
14,78,0
14,79,0
14,80,0
14,81,0
14,82,0
14,83,0
14,84,0
14,85,0
14,86,0
14,87,0
14,88,0
14,89,0
14,90,0
14,91,0
14,92,0
14,93,0
14,94,0
14,95,0
14,96,0
14,97,0
14,98,0
14,99,0
15,0,0
15,1,0.00161964
15,2,0.00426034
15,3,0.00900909
15,4,0.0171042
15,5,0.0299774
15,6,0.048921
15,7,0.0741598
15,8,0.10405
15,9,0.13532
15,10,0.163787
15,11,0.185015
15,12,0.195902
15,13,0.196173
15,14,0.187663
15,15,0.17323
15,16,0.156244
15,17,0.139381
15,18,0.124208
15,19,0.111552
15,20,0.10152
15,21,0.0939062
15,22,0.0884288
15,23,0.0847312
15,24,0.0826311
15,25,0.081929
15,26,0.0826312
15,27,0.0847313
15,28,0.0884289
15,29,0.0939062
15,30,0.10152
15,31,0.111552
15,32,0.124208
15,33,0.139381
15,34,0.156244
15,35,0.17323
15,36,0.187663
15,37,0.196173
15,38,0.195902
15,39,0.185015
15,40,0.163787
15,41,0.13532
15,42,0.10405
15,43,0.0741599
15,44,0.0489211
15,45,0.0299779
15,46,0.0171072
15,47,0.0090238
15,48,0.00432191
15,49,0.0018411
15,50,0.000686184
15,51,0.00022146
15,52,6.1564e-05
15,53,1.47073e-05
15,54,3.01663e-06
15,55,5.30927e-07
15,56,8.01029e-08
15,57,1.03413e-08
15,58,1.13893e-09
15,59,1.06515e-10
15,60,8.40315e-12
15,61,5.54067e-13
15,62,3.01435e-14
15,63,1.32906e-15
15,64,4.62854e-17
15,65,1.22505e-18
15,66,2.315e-20
15,67,2.78182e-22
15,68,1.59709e-24
15,69,0
15,70,0
15,71,0
15,72,0
15,73,0
15,74,0
15,75,0
15,76,0
15,77,0
15,78,0
15,79,0
15,80,0
15,81,0
15,82,0
15,83,0
15,84,0
15,85,0
15,86,0
15,87,0
15,88,0
15,89,0
15,90,0
15,91,0
15,92,0
15,93,0
15,94,0
15,95,0
15,96,0
15,97,0
15,98,0
15,99,0
16,0,0
16,1,0.00232767
16,2,0.00593309
16,3,0.0121505
16,4,0.0224508
16,5,0.0383777
16,6,0.0609485
16,7,0.0895901
16,8,0.121628
16,9,0.152841
16,10,0.178273
16,11,0.193545
16,12,0.196988
16,13,0.189858
16,14,0.174937
16,15,0.156244
16,16,0.137326
16,17,0.120117
16,18,0.105905
16,19,0.0946505
16,20,0.0861556
16,21,0.0799585
16,22,0.075529
16,23,0.0726713
16,24,0.070961
16,25,0.0704786
16,26,0.070961
16,27,0.0726713
16,28,0.075529
16,29,0.0799585
16,30,0.0861556
16,31,0.0946506
16,32,0.105905
16,33,0.120117
16,34,0.137326
16,35,0.156244
16,36,0.174937
16,37,0.189858
16,38,0.196988
16,39,0.193545
16,40,0.178273
16,41,0.152841
16,42,0.121628
16,43,0.0895901
16,44,0.0609487
16,45,0.0383789
16,46,0.022457
16,47,0.0121783
16,48,0.00604119
16,49,0.00269091
16,50,0.00105827
16,51,0.000363232
16,52,0.000108105
16,53,2.78141e-05
16,54,6.17912e-06
16,55,1.18469e-06
16,56,1.95897e-07
16,57,2.79046e-08
16,58,3.41677e-09
16,59,3.58404e-10
16,60,3.2047e-11
16,61,2.42566e-12
16,62,1.53935e-13
16,63,8.0835e-15
16,64,3.44912e-16
16,65,1.16518e-17
16,66,2.99786e-19
16,67,5.51777e-21
16,68,6.46935e-23
16,69,3.62976e-25
16,70,0
16,71,0
16,72,0
16,73,0
16,74,0
16,75,0
16,76,0
16,77,0
16,78,0
16,79,0
16,80,0
16,81,0
16,82,0
16,83,0
16,84,0
16,85,0
16,86,0
16,87,0
16,88,0
16,89,0
16,90,0
16,91,0
16,92,0
16,93,0
16,94,0
16,95,0
16,96,0
16,97,0
16,98,0
16,99,0
17,0,0
17,1,0.00315933
17,2,0.00786099
17,3,0.0156919
17,4,0.0283247
17,5,0.0472968
17,6,0.0731786
17,7,0.104499
17,8,0.137536
17,9,0.167183
17,10,0.188209
17,11,0.197046
17,12,0.193349
17,13,0.179635
17,14,0.160161
17,15,0.139381
17,16,0.120117
17,17,0.104032
17,18,0.0914662
17,19,0.081927
17,20,0.0750745
17,21,0.0699964
17,22,0.0665674
17,23,0.0641747
17,24,0.0628975
17,25,0.0624097
17,26,0.0628975
17,27,0.0641748
17,28,0.0665674
17,29,0.0699965
17,30,0.0750745
17,31,0.081927
17,32,0.0914662
17,33,0.104032
17,34,0.120117
17,35,0.139381
17,36,0.160161
17,37,0.179635
17,38,0.193349
17,39,0.197046
17,40,0.188209
17,41,0.167183
17,42,0.137536
17,43,0.104499
17,44,0.073179
17,45,0.0472992
17,46,0.028336
17,47,0.0157394
17,48,0.00803436
17,49,0.00370969
17,50,0.00152415
17,51,0.000550362
17,52,0.00017337
17,53,4.74693e-05
17,54,1.12809e-05
17,55,2.32589e-06
17,56,4.15943e-07
17,57,6.44763e-08
17,58,8.65153e-09
17,59,1.00247e-09
17,60,9.99404e-11
17,61,8.52733e-12
17,62,6.18203e-13
17,63,3.77055e-14
17,64,1.90902e-15
17,65,7.87628e-17
17,66,2.57964e-18
17,67,6.45042e-20
17,68,1.1564e-21
17,69,1.32328e-23
17,70,7.25952e-26
17,71,0
17,72,0
17,73,0
17,74,0
17,75,0
17,76,0
17,77,0
17,78,0
17,79,0
17,80,0
17,81,0
17,82,0
17,83,0
17,84,0
17,85,0
17,86,0
17,87,0
17,88,0
17,89,0
17,90,0
17,91,0
17,92,0
17,93,0
17,94,0
17,95,0
17,96,0
17,97,0
17,98,0
17,99,0
18,0,0
18,1,0.00408212
18,2,0.00996832
18,3,0.0194866
18,4,0.0344612
18,5,0.056312
18,6,0.0850322
18,7,0.118193
18,8,0.151126
18,9,0.178178
18,10,0.1942
18,11,0.196482
18,12,0.186273
18,13,0.167732
18,14,0.145661
18,15,0.124208
18,16,0.105905
18,17,0.0914662
18,18,0.0806421
18,19,0.072795
18,20,0.0670667
18,21,0.0629442
18,22,0.0600046
18,23,0.0579916
18,24,0.0568402
18,25,0.0564325
18,26,0.0568402
18,27,0.0579916
18,28,0.0600046
18,29,0.0629442
18,30,0.0670667
18,31,0.0727949
18,32,0.0806422
18,33,0.0914662
18,34,0.105905
18,35,0.124208
18,36,0.145661
18,37,0.167732
18,38,0.186273
18,39,0.196482
18,40,0.1942
18,41,0.178178
18,42,0.151126
18,43,0.118193
18,44,0.085033
18,45,0.0563161
18,46,0.0344798
18,47,0.0195607
18,48,0.0102254
18,49,0.00486098
18,50,0.00206925
18,51,0.000778856
18,52,0.00025711
18,53,7.41253e-05
18,54,1.86325e-05
18,55,4.08202e-06
18,56,7.79488e-07
18,57,1.29727e-07
18,58,1.88044e-08
18,59,2.37054e-09
18,60,2.59234e-10
18,61,2.44973e-11
18,62,1.98953e-12
18,63,1.3783e-13
18,64,8.06323e-15
18,65,3.9294e-16
18,66,1.56556e-17
18,67,4.96658e-19
18,68,1.2063e-20
18,69,2.10605e-22
18,70,2.35249e-24
18,71,1.26253e-26
18,72,0
18,73,0
18,74,0
18,75,0
18,76,0
18,77,0
18,78,0
18,79,0
18,80,0
18,81,0
18,82,0
18,83,0
18,84,0
18,85,0
18,86,0
18,87,0
18,88,0
18,89,0
18,90,0
18,91,0
18,92,0
18,93,0
18,94,0
18,95,0
18,96,0
18,97,0
18,98,0
18,99,0
19,0,0
19,1,0.00505033
19,2,0.0121521
19,3,0.0233496
19,4,0.0405596
19,5,0.0649863
19,6,0.0959745
19,7,0.130202
19,8,0.162235
19,9,0.186028
19,10,0.196751
19,11,0.193083
19,12,0.177869
19,13,0.155945
19,14,0.132464
19,15,0.111552
19,16,0.0946505
19,17,0.081927
19,18,0.072795
19,19,0.066089
19,20,0.0612834
19,21,0.0576377
19,22,0.0550113
19,23,0.0530995
19,24,0.0519838
19,25,0.051576
19,26,0.0519838
19,27,0.0530994
19,28,0.0550113
19,29,0.0576377
19,30,0.0612835
19,31,0.066089
19,32,0.0727949
19,33,0.0819271
19,34,0.0946505
19,35,0.111552
19,36,0.132464
19,37,0.155945
19,38,0.177869
19,39,0.193083
19,40,0.196751
19,41,0.186028
19,42,0.162235
19,43,0.130202
19,44,0.0959758
19,45,0.0649928
19,46,0.0405878
19,47,0.0234567
19,48,0.0125082
19,49,0.00608858
19,50,0.00266714
19,51,0.00103825
19,52,0.000356078
19,53,0.000107089
19,54,2.81879e-05
19,55,6.49159e-06
19,56,1.3084e-06
19,57,2.30876e-07
19,58,3.56666e-08
19,59,4.82059e-09
19,60,5.6915e-10
19,61,5.85471e-11
19,62,5.22674e-12
19,63,4.02712e-13
19,64,2.65771e-14
19,65,1.48709e-15
19,66,6.95821e-17
19,67,2.67175e-18
19,68,8.19735e-20
19,69,1.93197e-21
19,70,3.28314e-23
19,71,3.57988e-25
19,72,1.88036e-27
19,73,0
19,74,0
19,75,0
19,76,0
19,77,0
19,78,0
19,79,0
19,80,0
19,81,0
19,82,0
19,83,0
19,84,0
19,85,0
19,86,0
19,87,0
19,88,0
19,89,0
19,90,0
19,91,0
19,92,0
19,93,0
19,94,0
19,95,0
19,96,0
19,97,0
19,98,0
19,99,0
20,0,0
20,1,0.00600906
20,2,0.0142922
20,3,0.0270744
20,4,0.0463078
20,5,0.072923
20,6,0.105623
20,7,0.140279
20,8,0.170829
20,9,0.191121
20,10,0.197022
20,11,0.188389
20,12,0.169133
20,13,0.14503
20,14,0.121447
20,15,0.10152
20,16,0.0861557
20,17,0.0750746
20,18,0.0670667
20,19,0.0612835
20,20,0.0569252
20,21,0.053536
20,22,0.050928
20,23,0.0489091
20,24,0.0476994
20,25,0.0472022
20,26,0.0476994
20,27,0.0489092
20,28,0.050928
20,29,0.0535359
20,30,0.0569252
20,31,0.0612835
20,32,0.0670667
20,33,0.0750745
20,34,0.0861556
20,35,0.10152
20,36,0.121447
20,37,0.14503
20,38,0.169133
20,39,0.188389
20,40,0.197022
20,41,0.191121
20,42,0.170829
20,43,0.14028
20,44,0.105625
20,45,0.0729325
20,46,0.0463473
20,47,0.0272188
20,48,0.0147562
20,49,0.00732124
20,50,0.00328133
20,51,0.00131218
20,52,0.000464035
20,53,0.000144387
20,54,3.94457e-05
20,55,9.45793e-06
20,56,1.99124e-06
20,57,3.68364e-07
20,58,5.99053e-08
20,59,8.56421e-09
20,60,1.07558e-09
20,61,1.18484e-10
20,62,1.14184e-11
20,63,9.58908e-13
20,64,6.97902e-14
20,65,4.36907e-15
20,66,2.32887e-16
20,67,1.04252e-17
20,68,3.84596e-19
20,69,1.13843e-20
20,70,2.59901e-22
20,71,4.29473e-24
20,72,4.57006e-26
20,73,2.35045e-28
20,74,0
20,75,0
20,76,0
20,77,0
20,78,0
20,79,0
20,80,0
20,81,0
20,82,0
20,83,0
20,84,0
20,85,0
20,86,0
20,87,0
20,88,0
20,89,0
20,90,0
20,91,0
20,92,0
20,93,0
20,94,0
20,95,0
20,96,0
20,97,0
20,98,0
20,99,0
21,0,0
21,1,0.00689915
21,2,0.0162614
21,3,0.0304535
21,4,0.0514206
21,5,0.0797996
21,6,0.113696
21,7,0.148314
21,8,0.177189
21,9,0.194213
21,10,0.195841
21,11,0.183122
21,12,0.161192
21,13,0.136075
21,14,0.112687
21,15,0.0939062
21,16,0.0799585
21,17,0.0699964
21,18,0.0629443
21,19,0.0576377
21,20,0.0535359
21,21,0.0501413
21,22,0.0473
21,23,0.0450279
21,24,0.0434491
21,25,0.0428594
21,26,0.0434492
21,27,0.0450278
21,28,0.0473001
21,29,0.0501412
21,30,0.0535359
21,31,0.0576377
21,32,0.0629442
21,33,0.0699965
21,34,0.0799584
21,35,0.0939061
21,36,0.112687
21,37,0.136075
21,38,0.161192
21,39,0.183122
21,40,0.195841
21,41,0.194213
21,42,0.177189
21,43,0.148314
21,44,0.113699
21,45,0.0798123
21,46,0.051472
21,47,0.0306364
21,48,0.0168337
21,49,0.00847918
21,50,0.00386895
21,51,0.00158004
21,52,0.000572335
21,53,0.000182908
21,54,5.14517e-05
21,55,1.2734e-05
21,56,2.77445e-06
21,57,5.32647e-07
21,58,9.01818e-08
21,59,1.3472e-08
21,60,1.77568e-09
21,61,2.06348e-10
21,62,2.11086e-11
21,63,1.89594e-12
21,64,1.48954e-13
21,65,1.01818e-14
21,66,6.01124e-16
21,67,3.03506e-17
21,68,1.29289e-18
21,69,4.56065e-20
21,70,1.29728e-21
21,71,2.86032e-23
21,72,4.58742e-25
21,73,4.76048e-27
21,74,2.39841e-29
21,75,0
21,76,0
21,77,0
21,78,0
21,79,0
21,80,0
21,81,0
21,82,0
21,83,0
21,84,0
21,85,0
21,86,0
21,87,0
21,88,0
21,89,0
21,90,0
21,91,0
21,92,0
21,93,0
21,94,0
21,95,0
21,96,0
21,97,0
21,98,0
21,99,0
22,0,0
22,1,0.00766269
22,2,0.0179387
22,3,0.0332979
22,4,0.0556512
22,5,0.0853619
22,6,0.120043
22,7,0.154388
22,8,0.181628
22,9,0.195784
22,10,0.194064
22,11,0.17849
22,12,0.154657
22,13,0.128861
22,14,0.106112
22,15,0.0884288
22,16,0.0755291
22,17,0.0665674
22,18,0.0600046
22,19,0.0550113
22,20,0.050928
22,21,0.0473002
22,22,0.0441102
22,23,0.0412073
22,24,0.0390254
22,25,0.0379975
22,26,0.0390254
22,27,0.0412073
22,28,0.0441101
22,29,0.0473002
22,30,0.050928
22,31,0.0550113
22,32,0.0600045
22,33,0.0665674
22,34,0.0755291
22,35,0.0884289
22,36,0.106112
22,37,0.128861
22,38,0.154657
22,39,0.17849
22,40,0.194064
22,41,0.195784
22,42,0.181628
22,43,0.154388
22,44,0.120047
22,45,0.0853778
22,46,0.0557141
22,47,0.0335167
22,48,0.0186097
22,49,0.00948204
22,50,0.0043852
22,51,0.00181935
22,52,0.000671016
22,53,0.000218799
22,54,6.2918e-05
22,55,1.59482e-05
22,56,3.56561e-06
22,57,7.03898e-07
22,58,1.22836e-07
22,59,1.89649e-08
22,60,2.59166e-09
22,61,3.13437e-10
22,62,3.35213e-11
22,63,3.16518e-12
22,64,2.63202e-13
22,65,1.92044e-14
22,66,1.22327e-15
22,67,6.7552e-17
22,68,3.20367e-18
22,69,1.28802e-19
22,70,4.31127e-21
22,71,1.17062e-22
22,72,2.47961e-24
22,73,3.84615e-26
22,74,3.8861e-28
22,75,1.91881e-30
22,76,0
22,77,0
22,78,0
22,79,0
22,80,0
22,81,0
22,82,0
22,83,0
22,84,0
22,85,0
22,86,0
22,87,0
22,88,0
22,89,0
22,90,0
22,91,0
22,92,0
22,93,0
22,94,0
22,95,0
22,96,0
22,97,0
22,98,0
22,99,0
23,0,0
23,1,0.00824865
23,2,0.0192185
23,3,0.0354481
23,4,0.0588083
23,5,0.0894435
23,6,0.124591
23,7,0.158577
23,8,0.184494
23,9,0.196545
23,10,0.192382
23,11,0.174678
23,12,0.149739
23,13,0.123939
23,14,0.10166
23,15,0.0847312
23,16,0.0726713
23,17,0.0641748
23,18,0.0579916
23,19,0.0530994
23,20,0.0489092
23,21,0.045028
23,22,0.0412073
23,23,0.0374007
23,24,0.0338198
23,25,0.0317378
23,26,0.0338198
23,27,0.0374008
23,28,0.0412072
23,29,0.0450278
23,30,0.0489093
23,31,0.0530995
23,32,0.0579916
23,33,0.0641748
23,34,0.0726713
23,35,0.0847312
23,36,0.10166
23,37,0.123939
23,38,0.149739
23,39,0.174678
23,40,0.192382
23,41,0.196545
23,42,0.184494
23,43,0.158578
23,44,0.124595
23,45,0.0894622
23,46,0.0588808
23,47,0.0356961
23,48,0.0199687
23,49,0.0102572
23,50,0.00478848
23,51,0.00200859
23,52,0.000750174
23,53,0.000248062
23,54,7.24363e-05
23,55,1.86692e-05
23,56,4.24971e-06
23,57,8.55407e-07
23,58,1.52448e-07
23,59,2.40818e-08
23,60,3.37438e-09
23,61,4.19526e-10
23,62,4.62657e-11
23,63,4.52158e-12
23,64,3.90952e-13
23,65,2.98301e-14
23,66,2.00138e-15
23,67,1.17498e-16
23,68,5.99683e-18
23,69,2.63744e-19
23,70,9.87625e-21
23,71,3.09611e-22
23,72,7.92832e-24
23,73,1.59712e-25
23,74,2.37866e-27
23,75,2.33342e-29
23,76,1.17208e-31
23,77,0
23,78,0
23,79,0
23,80,0
23,81,0
23,82,0
23,83,0
23,84,0
23,85,0
23,86,0
23,87,0
23,88,0
23,89,0
23,90,0
23,91,0
23,92,0
23,93,0
23,94,0
23,95,0
23,96,0
23,97,0
23,98,0
23,99,0
24,0,0
24,1,0.00861707
24,2,0.0200203
24,3,0.0367869
24,4,0.0607559
24,5,0.0919288
24,6,0.127317
24,7,0.161043
24,8,0.186095
24,9,0.19677
24,10,0.191149
24,11,0.172398
24,12,0.146851
24,13,0.120848
24,14,0.0989836
24,15,0.0826311
24,16,0.070961
24,17,0.0628975
24,18,0.0568402
24,19,0.0519838
24,20,0.0476994
24,21,0.0434492
24,22,0.0390253
24,23,0.03382
24,24,0.0276995
24,25,0.0217001
24,26,0.0276994
24,27,0.0338199
24,28,0.0390253
24,29,0.0434492
24,30,0.0476993
24,31,0.0519838
24,32,0.0568401
24,33,0.0628975
24,34,0.070961
24,35,0.0826311
24,36,0.0989835
24,37,0.120848
24,38,0.146851
24,39,0.172398
24,40,0.191149
24,41,0.19677
24,42,0.186095
24,43,0.161044
24,44,0.127322
24,45,0.0919493
24,46,0.0608347
24,47,0.0370541
24,48,0.0208217
24,49,0.0107471
24,50,0.00504509
24,51,0.00212999
24,52,0.000801426
24,53,0.000267209
24,54,7.87381e-05
24,55,2.0494e-05
24,56,4.71489e-06
24,57,9.59977e-07
24,58,1.73219e-07
24,59,2.7734e-08
24,60,3.94379e-09
24,61,4.98332e-10
24,62,5.5954e-11
24,63,5.57965e-12
24,64,4.93548e-13
24,65,3.86519e-14
24,66,2.67267e-15
24,67,1.6257e-16
24,68,8.65643e-18
24,69,4.00936e-19
24,70,1.60195e-20
24,71,5.46119e-22
24,72,1.56478e-23
24,73,3.68709e-25
24,74,6.90742e-27
24,75,9.90764e-29
24,76,1.82875e-30
24,77,1.17208e-31
24,78,0
24,79,0
24,80,0
24,81,0
24,82,0
24,83,0
24,84,0
24,85,0
24,86,0
24,87,0
24,88,0
24,89,0
24,90,0
24,91,0
24,92,0
24,93,0
24,94,0
24,95,0
24,96,0
24,97,0
24,98,0
24,99,0
25,0,0
25,1,0.00874279
25,2,0.0202933
25,3,0.037241
25,4,0.0614139
25,5,0.0927654
25,6,0.128227
25,7,0.161842
25,8,0.186595
25,9,0.19686
25,10,0.190757
25,11,0.171514
25,12,0.145774
25,13,0.11995
25,14,0.0981854
25,15,0.081929
25,16,0.0704787
25,17,0.0624096
25,18,0.0564325
25,19,0.0515759
25,20,0.0472023
25,21,0.0428594
25,22,0.0379974
25,23,0.0317377
25,24,0.0217001
25,25,1.06454e-07
25,26,0.0217001
25,27,0.0317379
25,28,0.0379974
25,29,0.0428594
25,30,0.0472023
25,31,0.051576
25,32,0.0564324
25,33,0.0624097
25,34,0.0704787
25,35,0.0819288
25,36,0.0981855
25,37,0.11995
25,38,0.145774
25,39,0.171514
25,40,0.190757
25,41,0.19686
25,42,0.186596
25,43,0.161843
25,44,0.128232
25,45,0.0927866
25,46,0.0614948
25,47,0.0375149
25,48,0.0211125
25,49,0.0109146
25,50,0.00513316
25,51,0.00217181
25,52,0.000819166
25,53,0.000273872
25,54,8.09437e-05
25,55,2.11367e-05
25,56,4.87984e-06
25,57,9.97334e-07
25,58,1.80698e-07
25,59,2.90605e-08
25,60,4.15254e-09
25,61,5.27522e-10
25,62,5.95834e-11
25,63,5.98107e-12
25,64,5.33029e-13
25,65,4.2102e-14
25,66,2.94014e-15
25,67,1.80927e-16
25,68,9.76821e-18
25,69,4.60117e-19
25,70,1.87738e-20
25,71,6.57521e-22
25,72,1.954e-23
25,73,4.85586e-25
25,74,9.99841e-27
25,75,3.22857e-28
25,76,9.90763e-29
25,77,2.33342e-29
25,78,1.91881e-30
25,79,0
25,80,0
25,81,0
25,82,0
25,83,0
25,84,0
25,85,0
25,86,0
25,87,0
25,88,0
25,89,0
25,90,0
25,91,0
25,92,0
25,93,0
25,94,0
25,95,0
25,96,0
25,97,0
25,98,0
25,99,0
26,0,0
26,1,0.00861707
26,2,0.0200203
26,3,0.0367869
26,4,0.0607559
26,5,0.0919288
26,6,0.127317
26,7,0.161043
26,8,0.186095
26,9,0.19677
26,10,0.191149
26,11,0.172398
26,12,0.146851
26,13,0.120848
26,14,0.0989836
26,15,0.0826311
26,16,0.070961
26,17,0.0628975
26,18,0.0568402
26,19,0.0519838
26,20,0.0476994
26,21,0.0434492
26,22,0.0390253
26,23,0.03382
26,24,0.0276995
26,25,0.0217001
26,26,0.0276994
26,27,0.0338199
26,28,0.0390253
26,29,0.0434492
26,30,0.0476993
26,31,0.0519838
26,32,0.0568401
26,33,0.0628975
26,34,0.070961
26,35,0.0826311
26,36,0.0989835
26,37,0.120848
26,38,0.146851
26,39,0.172398
26,40,0.191149
26,41,0.19677
26,42,0.186095
26,43,0.161044
26,44,0.127322
26,45,0.0919493
26,46,0.0608347
26,47,0.0370541
26,48,0.0208217
26,49,0.0107471
26,50,0.00504509
26,51,0.00212999
26,52,0.000801426
26,53,0.000267209
26,54,7.87381e-05
26,55,2.0494e-05
26,56,4.71489e-06
26,57,9.59977e-07
26,58,1.73219e-07
26,59,2.7734e-08
26,60,3.94379e-09
26,61,4.98332e-10
26,62,5.5954e-11
26,63,5.57965e-12
26,64,4.93548e-13
26,65,3.86519e-14
26,66,2.67267e-15
26,67,1.6257e-16
26,68,8.65643e-18
26,69,4.00936e-19
26,70,1.60195e-20
26,71,5.46119e-22
26,72,1.56482e-23
26,73,3.71088e-25
26,74,1.3813e-26
26,75,9.99841e-27
26,76,6.90742e-27
26,77,2.37866e-27
26,78,3.8861e-28
26,79,2.39841e-29
26,80,0
26,81,0
26,82,0
26,83,0
26,84,0
26,85,0
26,86,0
26,87,0
26,88,0
26,89,0
26,90,0
26,91,0
26,92,0
26,93,0
26,94,0
26,95,0
26,96,0
26,97,0
26,98,0
26,99,0
27,0,0
27,1,0.00824865
27,2,0.0192185
27,3,0.0354481
27,4,0.0588083
27,5,0.0894435
27,6,0.124591
27,7,0.158577
27,8,0.184494
27,9,0.196545
27,10,0.192382
27,11,0.174678
27,12,0.149739
27,13,0.123939
27,14,0.10166
27,15,0.0847312
27,16,0.0726713
27,17,0.0641748
27,18,0.0579916
27,19,0.0530994
27,20,0.0489092
27,21,0.045028
27,22,0.0412073
27,23,0.0374007
27,24,0.0338198
27,25,0.0317378
27,26,0.0338198
27,27,0.0374008
27,28,0.0412072
27,29,0.0450278
27,30,0.0489093
27,31,0.0530995
27,32,0.0579916
27,33,0.0641748
27,34,0.0726713
27,35,0.0847312
27,36,0.10166
27,37,0.123939
27,38,0.149739
27,39,0.174678
27,40,0.192382
27,41,0.196545
27,42,0.184494
27,43,0.158578
27,44,0.124595
27,45,0.0894622
27,46,0.0588808
27,47,0.0356961
27,48,0.0199687
27,49,0.0102572
27,50,0.00478848
27,51,0.00200859
27,52,0.000750174
27,53,0.000248062
27,54,7.24363e-05
27,55,1.86692e-05
27,56,4.24971e-06
27,57,8.55407e-07
27,58,1.52448e-07
27,59,2.40818e-08
27,60,3.37438e-09
27,61,4.19526e-10
27,62,4.62657e-11
27,63,4.52158e-12
27,64,3.90952e-13
27,65,2.98301e-14
27,66,2.00138e-15
27,67,1.17498e-16
27,68,5.99683e-18
27,69,2.63744e-19
27,70,9.87625e-21
27,71,3.09616e-22
27,72,7.96678e-24
27,73,3.19423e-25
27,74,3.71087e-25
27,75,4.85586e-25
27,76,3.68709e-25
27,77,1.59712e-25
27,78,3.84615e-26
27,79,4.76048e-27
27,80,2.35045e-28
27,81,0
27,82,0
27,83,0
27,84,0
27,85,0
27,86,0
27,87,0
27,88,0
27,89,0
27,90,0
27,91,0
27,92,0
27,93,0
27,94,0
27,95,0
27,96,0
27,97,0
27,98,0
27,99,0
28,0,0
28,1,0.00766269
28,2,0.0179387
28,3,0.0332979
28,4,0.0556512
28,5,0.0853619
28,6,0.120043
28,7,0.154388
28,8,0.181628
28,9,0.195784
28,10,0.194064
28,11,0.17849
28,12,0.154657
28,13,0.128861
28,14,0.106112
28,15,0.0884288
28,16,0.0755291
28,17,0.0665674
28,18,0.0600046
28,19,0.0550113
28,20,0.050928
28,21,0.0473002
28,22,0.0441102
28,23,0.0412073
28,24,0.0390254
28,25,0.0379975
28,26,0.0390254
28,27,0.0412073
28,28,0.0441101
28,29,0.0473002
28,30,0.050928
28,31,0.0550113
28,32,0.0600045
28,33,0.0665674
28,34,0.0755291
28,35,0.0884289
28,36,0.106112
28,37,0.128861
28,38,0.154657
28,39,0.17849
28,40,0.194064
28,41,0.195784
28,42,0.181628
28,43,0.154388
28,44,0.120047
28,45,0.0853778
28,46,0.0557141
28,47,0.0335167
28,48,0.0186097
28,49,0.00948204
28,50,0.0043852
28,51,0.00181935
28,52,0.000671016
28,53,0.000218799
28,54,6.2918e-05
28,55,1.59482e-05
28,56,3.56561e-06
28,57,7.03898e-07
28,58,1.22836e-07
28,59,1.89649e-08
28,60,2.59166e-09
28,61,3.13437e-10
28,62,3.35213e-11
28,63,3.16518e-12
28,64,2.63202e-13
28,65,1.92044e-14
28,66,1.22327e-15
28,67,6.7552e-17
28,68,3.20367e-18
28,69,1.28802e-19
28,70,4.31132e-21
28,71,1.17521e-22
28,72,4.95922e-24
28,73,7.96678e-24
28,74,1.56482e-23
28,75,1.954e-23
28,76,1.56478e-23
28,77,7.92832e-24
28,78,2.47961e-24
28,79,4.58742e-25
28,80,4.57006e-26
28,81,1.88036e-27
28,82,0
28,83,0
28,84,0
28,85,0
28,86,0
28,87,0
28,88,0
28,89,0
28,90,0
28,91,0
28,92,0
28,93,0
28,94,0
28,95,0
28,96,0
28,97,0
28,98,0
28,99,0
29,0,0
29,1,0.00689915
29,2,0.0162614
29,3,0.0304535
29,4,0.0514206
29,5,0.0797996
29,6,0.113696
29,7,0.148314
29,8,0.177189
29,9,0.194213
29,10,0.195841
29,11,0.183122
29,12,0.161192
29,13,0.136075
29,14,0.112687
29,15,0.0939062
29,16,0.0799585
29,17,0.0699964
29,18,0.0629443
29,19,0.0576377
29,20,0.0535359
29,21,0.0501413
29,22,0.0473
29,23,0.0450279
29,24,0.0434491
29,25,0.0428594
29,26,0.0434492
29,27,0.0450278
29,28,0.0473001
29,29,0.0501412
29,30,0.0535359
29,31,0.0576377
29,32,0.0629442
29,33,0.0699965
29,34,0.0799584
29,35,0.0939061
29,36,0.112687
29,37,0.136075
29,38,0.161192
29,39,0.183122
29,40,0.195841
29,41,0.194213
29,42,0.177189
29,43,0.148314
29,44,0.113699
29,45,0.0798123
29,46,0.051472
29,47,0.0306364
29,48,0.0168337
29,49,0.00847918
29,50,0.00386895
29,51,0.00158004
29,52,0.000572335
29,53,0.000182908
29,54,5.14517e-05
29,55,1.2734e-05
29,56,2.77445e-06
29,57,5.32647e-07
29,58,9.01818e-08
29,59,1.3472e-08
29,60,1.77568e-09
29,61,2.06348e-10
29,62,2.11086e-11
29,63,1.89594e-12
29,64,1.48954e-13
29,65,1.01818e-14
29,66,6.01124e-16
29,67,3.03506e-17
29,68,1.29289e-18
29,69,4.56069e-20
29,70,1.30157e-21
29,71,5.72064e-23
29,72,1.17521e-22
29,73,3.09616e-22
29,74,5.46119e-22
29,75,6.57521e-22
29,76,5.46119e-22
29,77,3.09612e-22
29,78,1.17062e-22
29,79,2.86032e-23
29,80,4.29473e-24
29,81,3.57988e-25
29,82,1.26253e-26
29,83,0
29,84,0
29,85,0
29,86,0
29,87,0
29,88,0
29,89,0
29,90,0
29,91,0
29,92,0
29,93,0
29,94,0
29,95,0
29,96,0
29,97,0
29,98,0
29,99,0
30,0,0
30,1,0.00600906
30,2,0.0142922
30,3,0.0270744
30,4,0.0463078
30,5,0.072923
30,6,0.105623
30,7,0.140279
30,8,0.170829
30,9,0.191121
30,10,0.197022
30,11,0.188389
30,12,0.169133
30,13,0.14503
30,14,0.121447
30,15,0.10152
30,16,0.0861557
30,17,0.0750746
30,18,0.0670667
30,19,0.0612835
30,20,0.0569252
30,21,0.053536
30,22,0.050928
30,23,0.0489091
30,24,0.0476994
30,25,0.0472022
30,26,0.0476994
30,27,0.0489092
30,28,0.050928
30,29,0.0535359
30,30,0.0569252
30,31,0.0612835
30,32,0.0670667
30,33,0.0750745
30,34,0.0861556
30,35,0.10152
30,36,0.121447
30,37,0.14503
30,38,0.169133
30,39,0.188389
30,40,0.197022
30,41,0.191121
30,42,0.170829
30,43,0.14028
30,44,0.105625
30,45,0.0729325
