0,0,0
0,1,0
0,2,0
0,3,0
0,4,0
0,5,0
0,6,0
0,7,0
0,8,0
0,9,0
0,10,0
0,11,0
0,12,0
0,13,0
0,14,0
0,15,0
0,16,0
0,17,0
0,18,0
0,19,0
0,20,0
0,21,0
0,22,0
0,23,0
0,24,0
0,25,0
0,26,0
0,27,0
0,28,0
0,29,0
0,30,0
0,31,0
0,32,0
0,33,0
0,34,0
0,35,0
0,36,0
0,37,0
0,38,0
0,39,0
0,40,0
0,41,0
0,42,0
0,43,0
0,44,0
0,45,0
0,46,0
0,47,0
0,48,0
0,49,0
0,50,0
0,51,0
0,52,0
0,53,0
0,54,0
0,55,0
0,56,0
0,57,0
0,58,0
0,59,0
0,60,0
0,61,0
0,62,0
0,63,0
0,64,0
0,65,0
0,66,0
0,67,0
0,68,0
0,69,0
0,70,0
0,71,0
0,72,0
0,73,0
0,74,0
0,75,0
0,76,0
0,77,0
0,78,0
0,79,0
0,80,0
0,81,0
0,82,0
0,83,0
0,84,0
0,85,0
0,86,0
0,87,0
0,88,0
0,89,0
0,90,0
0,91,0
0,92,0
0,93,0
0,94,0
0,95,0
0,96,0
0,97,0
0,98,0
0,99,0
1,0,0
1,1,1.34346e-16
1,2,6.34958e-15
1,3,1.85882e-13
1,4,3.77703e-12
1,5,5.65847e-11
1,6,6.48171e-10
1,7,5.81263e-09
1,8,4.14695e-08
1,9,2.38107e-07
1,10,1.11035e-06
1,11,4.24113e-06
1,12,1.33988e-05
1,13,3.54646e-05
1,14,8.00124e-05
1,15,0.000157174
1,16,0.000274922
1,17,0.000436794
1,18,0.000640206
1,19,0.000875867
1,20,0.00112841
1,21,0.00137795
1,22,0.00160254
1,23,0.00178104
1,24,0.00189589
1,25,0.00193552
1,26,0.00189589
1,27,0.00178104
1,28,0.00160254
1,29,0.00137795
1,30,0.00112841
1,31,0.000875866
1,32,0.000640206
1,33,0.000436794
1,34,0.000274922
1,35,0.000157174
1,36,8.00124e-05
1,37,3.54646e-05
1,38,1.33988e-05
1,39,4.24113e-06
1,40,1.11035e-06
1,41,2.38107e-07
1,42,4.14695e-08
1,43,5.81263e-09
1,44,6.48171e-10
1,45,5.65847e-11
1,46,3.77703e-12
1,47,1.85882e-13
1,48,6.34958e-15
1,49,1.34346e-16
1,50,1.32529e-18
1,51,0
1,52,0
1,53,0
1,54,0
1,55,0
1,56,0
1,57,0
1,58,0
1,59,0
1,60,0
1,61,0
1,62,0
1,63,0
1,64,0
1,65,0
1,66,0
1,67,0
1,68,0
1,69,0
1,70,0
1,71,0
1,72,0
1,73,0
1,74,0
1,75,0
1,76,0
1,77,0
1,78,0
1,79,0
1,80,0
1,81,0
1,82,0
1,83,0
1,84,0
1,85,0
1,86,0
1,87,0
1,88,0
1,89,0
1,90,0
1,91,0
1,92,0
1,93,0
1,94,0
1,95,0
1,96,0
1,97,0
1,98,0
1,99,0
2,0,0
2,1,6.34958e-15
2,2,1.94071e-13
2,3,4.12471e-12
2,4,6.47704e-11
2,5,7.79378e-10
2,6,7.35797e-09
2,7,5.53785e-08
2,8,3.36038e-07
2,9,1.65808e-06
2,10,6.70282e-06
2,11,2.23829e-05
2,12,6.24176e-05
2,13,0.00014759
2,14,0.000301939
2,15,0.000546914
2,16,0.000896486
2,17,0.00135315
2,18,0.00190509
2,19,0.00252598
2,20,0.00317655
2,21,0.0038085
2,22,0.00437016
2,23,0.0048125
2,24,0.0050955
2,25,0.00519286
2,26,0.0050955
2,27,0.0048125
2,28,0.00437016
2,29,0.0038085
2,30,0.00317655
2,31,0.00252598
2,32,0.00190509
2,33,0.00135315
2,34,0.000896487
2,35,0.000546914
2,36,0.000301939
2,37,0.00014759
2,38,6.24176e-05
2,39,2.23829e-05
2,40,6.70282e-06
2,41,1.65808e-06
2,42,3.36038e-07
2,43,5.53785e-08
2,44,7.35797e-09
2,45,7.79378e-10
2,46,6.47704e-11
2,47,4.12471e-12
2,48,1.94071e-13
2,49,6.35081e-15
2,50,1.28972e-16
2,51,1.22334e-18
2,52,0
2,53,0
2,54,0
2,55,0
2,56,0
2,57,0
2,58,0
2,59,0
2,60,0
2,61,0
2,62,0
2,63,0
2,64,0
2,65,0
2,66,0
2,67,0
2,68,0
2,69,0
2,70,0
2,71,0
2,72,0
2,73,0
2,74,0
2,75,0
2,76,0
2,77,0
2,78,0
2,79,0
2,80,0
2,81,0
2,82,0
2,83,0
2,84,0
2,85,0
2,86,0
2,87,0
2,88,0
2,89,0
2,90,0
2,91,0
2,92,0
2,93,0
2,94,0
2,95,0
2,96,0
2,97,0
2,98,0
2,99,0
3,0,0
3,1,1.85882e-13
3,2,4.12471e-12
3,3,6.76977e-11
3,4,8.52873e-10
3,5,8.44401e-09
3,6,6.67464e-08
3,7,4.25854e-07
3,8,2.21047e-06
3,9,9.39549e-06
3,10,3.29213e-05
3,11,9.59416e-05
3,12,0.000235625
3,13,0.000496973
3,14,0.0009219
3,15,0.00154143
3,16,0.00237044
3,17,0.0034013
3,18,0.00460102
3,19,0.00591176
3,20,0.00725386
3,21,0.00853449
3,22,0.00965698
3,23,0.0105322
3,24,0.0110884
3,25,0.0112791
3,26,0.0110884
3,27,0.0105322
3,28,0.00965698
3,29,0.00853449
3,30,0.00725386
3,31,0.00591176
3,32,0.00460102
3,33,0.0034013
3,34,0.00237044
3,35,0.00154143
3,36,0.0009219
3,37,0.000496973
3,38,0.000235625
3,39,9.59416e-05
3,40,3.29213e-05
3,41,9.39549e-06
3,42,2.21047e-06
3,43,4.25854e-07
3,44,6.67464e-08
3,45,8.44401e-09
3,46,8.52873e-10
3,47,6.76977e-11
3,48,4.12471e-12
3,49,1.85996e-13
3,50,5.84294e-15
3,51,1.1409e-16
3,52,1.0421e-18
3,53,0
3,54,0
3,55,0
3,56,0
3,57,0
3,58,0
3,59,0
3,60,0
3,61,0
3,62,0
3,63,0
3,64,0
3,65,0
3,66,0
3,67,0
3,68,0
3,69,0
3,70,0
3,71,0
3,72,0
3,73,0
3,74,0
3,75,0
3,76,0
3,77,0
3,78,0
3,79,0
3,80,0
3,81,0
3,82,0
3,83,0
3,84,0
3,85,0
3,86,0
3,87,0
3,88,0
3,89,0
3,90,0
3,91,0
3,92,0
3,93,0
3,94,0
3,95,0
3,96,0
3,97,0
3,98,0
3,99,0
4,0,0
4,1,3.77703e-12
4,2,6.47704e-11
4,3,8.52873e-10
4,4,8.83995e-09
4,5,7.32622e-08
4,6,4.90675e-07
4,7,2.67549e-06
4,8,1.19438e-05
4,9,4.38858e-05
4,10,0.00013364
4,11,0.000340935
4,12,0.000741173
4,13,0.0014061
4,14,0.00239197
4,15,0.00373671
4,16,0.00544977
4,17,0.00750119
4,18,0.00981982
4,19,0.0122926
4,20,0.0147742
4,21,0.0171032
4,22,0.019117
4,23,0.0206715
4,24,0.0216522
4,25,0.0219876
4,26,0.0216522
4,27,0.0206715
4,28,0.019117
4,29,0.0171032
4,30,0.0147742
4,31,0.0122926
4,32,0.00981982
4,33,0.00750119
4,34,0.00544977
4,35,0.00373671
4,36,0.00239197
4,37,0.0014061
4,38,0.000741173
4,39,0.000340935
4,40,0.00013364
4,41,4.38858e-05
4,42,1.19438e-05
4,43,2.67549e-06
4,44,4.90675e-07
4,45,7.32623e-08
4,46,8.83995e-09
4,47,8.52873e-10
4,48,6.47705e-11
4,49,3.78198e-12
4,50,1.63705e-13
4,51,4.94437e-15
4,52,9.29625e-17
4,53,8.18797e-19
4,54,0
4,55,0
4,56,0
4,57,0
4,58,0
4,59,0
4,60,0
4,61,0
4,62,0
4,63,0
4,64,0
4,65,0
4,66,0
4,67,0
4,68,0
4,69,0
4,70,0
4,71,0
4,72,0
4,73,0
4,74,0
4,75,0
4,76,0
4,77,0
4,78,0
4,79,0
4,80,0
4,81,0
4,82,0
4,83,0
4,84,0
4,85,0
4,86,0
4,87,0
4,88,0
4,89,0
4,90,0
4,91,0
4,92,0
4,93,0
4,94,0
4,95,0
4,96,0
4,97,0
4,98,0
4,99,0
5,0,0
5,1,5.65847e-11
5,2,7.79378e-10
5,3,8.44401e-09
5,4,7.32623e-08
5,5,5.14371e-07
5,6,2.94289e-06
5,7,1.37879e-05
5,8,5.31174e-05
5,9,0.000169122
5,10,0.00044879
5,11,0.00100724
5,12,0.00195629
5,13,0.00338591
5,14,0.00537138
5,15,0.00796328
5,16,0.0111554
5,17,0.0148752
5,18,0.0189801
5,19,0.0232604
5,20,0.0274714
5,21,0.0313522
5,22,0.0346577
5,23,0.0371788
5,24,0.0387565
5,25,0.0392938
5,26,0.0387565
5,27,0.0371788
5,28,0.0346577
5,29,0.0313522
5,30,0.0274714
5,31,0.0232604
5,32,0.0189801
5,33,0.0148752
5,34,0.0111554
5,35,0.00796328
5,36,0.00537138
5,37,0.00338591
5,38,0.00195629
5,39,0.00100724
5,40,0.00044879
5,41,0.000169122
5,42,5.31174e-05
5,43,1.37879e-05
5,44,2.94289e-06
5,45,5.14371e-07
5,46,7.32623e-08
5,47,8.44401e-09
5,48,7.79382e-10
5,49,5.67169e-11
5,50,3.17855e-12
5,51,1.32262e-13
5,52,3.84603e-15
5,53,6.97219e-17
5,54,5.92922e-19
5,55,0
5,56,0
5,57,0
5,58,0
5,59,0
5,60,0
5,61,0
5,62,0
5,63,0
5,64,0
5,65,0
5,66,0
5,67,0
5,68,0
5,69,0
5,70,0
5,71,0
5,72,0
5,73,0
5,74,0
5,75,0
5,76,0
5,77,0
5,78,0
5,79,0
5,80,0
5,81,0
5,82,0
5,83,0
5,84,0
5,85,0
5,86,0
5,87,0
5,88,0
5,89,0
5,90,0
5,91,0
5,92,0
5,93,0
5,94,0
5,95,0
5,96,0
5,97,0
5,98,0
5,99,0
6,0,0
6,1,6.48171e-10
6,2,7.35797e-09
6,3,6.67464e-08
6,4,4.90675e-07
6,5,2.94289e-06
6,6,1.44628e-05
6,7,5.84249e-05
6,8,0.00019469
6,9,0.000538477
6,10,0.00125113
6,11,0.00249451
6,12,0.00440066
6,13,0.00709793
6,14,0.0107145
6,15,0.0153048
6,16,0.0208098
6,17,0.0270633
6,18,0.0337784
6,19,0.0405987
6,20,0.0471436
6,21,0.0530382
6,22,0.0579661
6,23,0.0616653
6,24,0.0639587
6,25,0.0647335
6,26,0.0639587
6,27,0.0616653
6,28,0.0579661
6,29,0.0530382
6,30,0.0471436
6,31,0.0405987
6,32,0.0337784
6,33,0.0270633
6,34,0.0208098
6,35,0.0153048
6,36,0.0107145
6,37,0.00709793
6,38,0.00440066
6,39,0.00249451
6,40,0.00125113
6,41,0.000538477
6,42,0.00019469
6,43,5.84249e-05
6,44,1.44628e-05
6,45,2.94289e-06
6,46,4.90675e-07
6,47,6.67464e-08
6,48,7.35807e-09
6,49,6.50618e-10
6,50,4.54314e-11
6,51,2.44702e-12
6,52,9.80133e-14
6,53,2.74756e-15
6,54,4.80841e-17
6,55,3.95281e-19
6,56,0
6,57,0
6,58,0
6,59,0
6,60,0
6,61,0
6,62,0
6,63,0
6,64,0
6,65,0
6,66,0
6,67,0
6,68,0
6,69,0
6,70,0
6,71,0
6,72,0
6,73,0
6,74,0
6,75,0
6,76,0
6,77,0
6,78,0
6,79,0
6,80,0
6,81,0
6,82,0
6,83,0
6,84,0
6,85,0
6,86,0
6,87,0
6,88,0
6,89,0
6,90,0
6,91,0
6,92,0
6,93,0
6,94,0
6,95,0
6,96,0
6,97,0
6,98,0
6,99,0
7,0,0
7,1,5.81263e-09
7,2,5.53785e-08
7,3,4.25854e-07
7,4,2.67549e-06
7,5,1.37879e-05
7,6,5.84249e-05
7,7,0.000204027
7,8,0.000589646
7,9,0.00142365
7,10,0.00292643
7,11,0.0052816
7,12,0.00868437
7,13,0.0133828
7,14,0.0195469
7,15,0.0271445
7,16,0.0359788
7,17,0.0456756
7,18,0.0557192
7,19,0.065584
7,20,0.074742
7,21,0.0827594
7,22,0.0892967
7,23,0.0941096
7,24,0.097055
7,25,0.0980416
7,26,0.097055
7,27,0.0941095
7,28,0.0892967
7,29,0.0827594
7,30,0.074742
7,31,0.065584
7,32,0.0557192
7,33,0.0456756
7,34,0.0359788
7,35,0.0271445
7,36,0.0195469
7,37,0.0133828
7,38,0.00868437
7,39,0.0052816
7,40,0.00292643
7,41,0.00142365
7,42,0.000589646
7,43,0.000204027
7,44,5.84249e-05
7,45,1.37879e-05
7,46,2.67549e-06
7,47,4.25854e-07
7,48,5.53802e-08
7,49,5.84589e-09
7,50,4.95788e-10
7,51,3.32605e-11
7,52,1.72389e-12
7,53,6.65461e-14
7,54,1.80046e-15
7,55,3.04532e-17
7,56,2.42269e-19
7,57,0
7,58,0
7,59,0
7,60,0
7,61,0
7,62,0
7,63,0
7,64,0
7,65,0
7,66,0
7,67,0
7,68,0
7,69,0
7,70,0
7,71,0
7,72,0
7,73,0
7,74,0
7,75,0
7,76,0
7,77,0
7,78,0
7,79,0
7,80,0
7,81,0
7,82,0
7,83,0
7,84,0
7,85,0
7,86,0
7,87,0
7,88,0
7,89,0
7,90,0
7,91,0
7,92,0
7,93,0
7,94,0
7,95,0
7,96,0
7,97,0
7,98,0
7,99,0
8,0,0
8,1,4.14695e-08
8,2,3.36038e-07
8,3,2.21047e-06
8,4,1.19438e-05
8,5,5.31174e-05
8,6,0.00019469
8,7,0.000589646
8,8,0.00148605
8,9,0.00316735
8,10,0.00588067
8,11,0.00989757
8,12,0.0156177
8,13,0.0233917
8,14,0.0332336
8,15,0.0448823
8,16,0.0578721
8,17,0.071479
8,18,0.0849713
8,19,0.0976673
8,20,0.108975
8,21,0.118534
8,22,0.126067
8,23,0.13149
8,24,0.134736
8,25,0.135825
8,26,0.134736
8,27,0.13149
8,28,0.126067
8,29,0.118534
8,30,0.108975
8,31,0.0976673
8,32,0.0849713
8,33,0.071479
8,34,0.0578721
8,35,0.0448823
8,36,0.0332336
8,37,0.0233917
8,38,0.0156177
8,39,0.00989757
8,40,0.00588067
8,41,0.00316735
8,42,0.00148605
8,43,0.000589646
8,44,0.00019469
8,45,5.31174e-05
8,46,1.19438e-05
8,47,2.21047e-06
8,48,3.3606e-07
8,49,4.1814e-08
8,50,4.23052e-09
8,51,3.44492e-10
8,52,2.22273e-11
8,53,1.10981e-12
8,54,4.13337e-14
8,55,1.08052e-15
8,56,1.76825e-17
8,57,1.36276e-19
8,58,0
8,59,0
8,60,0
8,61,0
8,62,0
8,63,0
8,64,0
8,65,0
8,66,0
8,67,0
8,68,0
8,69,0
8,70,0
8,71,0
8,72,0
8,73,0
8,74,0
8,75,0
8,76,0
8,77,0
8,78,0
8,79,0
8,80,0
8,81,0
8,82,0
8,83,0
8,84,0
8,85,0
8,86,0
8,87,0
8,88,0
8,89,0
8,90,0
8,91,0
8,92,0
8,93,0
8,94,0
8,95,0
8,96,0
8,97,0
8,98,0
8,99,0
9,0,0
9,1,2.38107e-07
9,2,1.65808e-06
9,3,9.39549e-06
9,4,4.38858e-05
9,5,0.000169122
9,6,0.000538477
9,7,0.00142365
9,8,0.00316735
9,9,0.00609293
9,10,0.010554
9,11,0.0171051
9,12,0.0263305
9,13,0.0383387
9,14,0.0527597
9,15,0.06903
9,16,0.0862169
9,17,0.103261
9,18,0.119319
9,19,0.133595
9,20,0.14569
9,21,0.1554
9,22,0.162714
9,23,0.167795
9,24,0.17074
9,25,0.171728
9,26,0.17074
9,27,0.167795
9,28,0.162714
9,29,0.1554
9,30,0.14569
9,31,0.133595
9,32,0.119319
9,33,0.103261
9,34,0.0862169
9,35,0.06903
9,36,0.0527597
9,37,0.0383387
9,38,0.0263305
9,39,0.0171051
9,40,0.010554
9,41,0.00609293
9,42,0.00316735
9,43,0.00142365
9,44,0.000538477
9,45,0.000169122
9,46,4.38858e-05
9,47,9.3955e-06
9,48,1.6583e-06
9,49,2.40892e-07
9,50,2.8695e-08
9,51,2.78484e-09
9,52,2.17927e-10
9,53,1.35366e-11
9,54,6.51744e-13
9,55,2.34428e-14
9,56,5.92713e-16
9,57,9.39384e-18
9,58,7.0203e-20
9,59,0
9,60,0
9,61,0
9,62,0
9,63,0
9,64,0
9,65,0
9,66,0
9,67,0
9,68,0
9,69,0
9,70,0
9,71,0
9,72,0
9,73,0
9,74,0
9,75,0
9,76,0
9,77,0
9,78,0
9,79,0
9,80,0
9,81,0
9,82,0
9,83,0
9,84,0
9,85,0
9,86,0
9,87,0
9,88,0
9,89,0
9,90,0
9,91,0
9,92,0
9,93,0
9,94,0
9,95,0
9,96,0
9,97,0
9,98,0
9,99,0
10,0,0
10,1,1.11035e-06
10,2,6.70282e-06
10,3,3.29213e-05
10,4,0.00013364
10,5,0.00044879
10,6,0.00125113
10,7,0.00292643
10,8,0.00588067
10,9,0.010554
10,10,0.017627
10,11,0.0279279
10,12,0.0417513
10,13,0.0586306
10,14,0.0778755
10,15,0.0984139
10,16,0.118728
10,17,0.137684
10,18,0.154306
10,19,0.167988
10,20,0.178749
10,21,0.186634
10,22,0.192177
10,23,0.195691
10,24,0.197663
10,25,0.198266
10,26,0.197663
10,27,0.195691
10,28,0.192177
10,29,0.186634
10,30,0.178749
10,31,0.167988
10,32,0.154306
10,33,0.137684
10,34,0.118728
10,35,0.0984139
10,36,0.0778755
10,37,0.0586306
10,38,0.0417513
10,39,0.0279279
10,40,0.017627
10,41,0.010554
10,42,0.00588067
10,43,0.00292643
10,44,0.00125113
10,45,0.00044879
10,46,0.00013364
10,47,3.29214e-05
10,48,6.70449e-06
10,49,1.12822e-06
10,50,1.56619e-07
10,51,1.78689e-08
10,52,1.66448e-09
10,53,1.25267e-10
10,54,7.49688e-12
10,55,3.48361e-13
10,56,1.21124e-14
10,57,2.96458e-16
10,58,4.55459e-18
10,59,3.30367e-20
10,60,0
10,61,0
10,62,0
10,63,0
10,64,0
10,65,0
10,66,0
10,67,0
10,68,0
10,69,0
10,70,0
10,71,0
10,72,0
10,73,0
10,74,0
10,75,0
10,76,0
10,77,0
10,78,0
10,79,0
10,80,0
10,81,0
10,82,0
10,83,0
10,84,0
10,85,0
10,86,0
10,87,0
10,88,0
10,89,0
10,90,0
10,91,0
10,92,0
10,93,0
10,94,0
10,95,0
10,96,0
10,97,0
10,98,0
10,99,0
11,0,0
11,1,4.24113e-06
11,2,2.23829e-05
11,3,9.59416e-05
11,4,0.000340935
11,5,0.00100724
11,6,0.00249451
11,7,0.0052816
11,8,0.00989757
11,9,0.0171051
11,10,0.0279279
11,11,0.0429525
11,12,0.0617567
11,13,0.0834939
11,14,0.10701
11,15,0.130308
11,16,0.151667
11,17,0.169971
11,18,0.184256
11,19,0.194702
11,20,0.201627
11,21,0.205757
11,22,0.208004
11,23,0.208938
11,24,0.209351
11,25,0.209365
11,26,0.20935
11,27,0.208938
11,28,0.208004
11,29,0.205757
11,30,0.201627
11,31,0.194702
11,32,0.184256
11,33,0.169971
11,34,0.151667
11,35,0.130308
11,36,0.10701
11,37,0.083494
11,38,0.0617567
11,39,0.0429525
11,40,0.0279279
11,41,0.0171051
11,42,0.00989757
11,43,0.0052816
11,44,0.00249451
11,45,0.00100724
11,46,0.000340935
11,47,9.59425e-05
11,48,2.2393e-05
11,49,4.33331e-06
11,50,6.94905e-07
11,51,9.21817e-08
11,52,1.00755e-08
11,53,9.01206e-10
11,54,6.5265e-11
11,55,3.76583e-12
11,56,1.69011e-13
11,57,5.68493e-15
11,58,1.34809e-16
11,59,2.00938e-18
11,60,1.41586e-20
11,61,0
11,62,0
11,63,0
11,64,0
11,65,0
11,66,0
11,67,0
11,68,0
11,69,0
11,70,0
11,71,0
11,72,0
11,73,0
11,74,0
11,75,0
11,76,0
11,77,0
11,78,0
11,79,0
11,80,0
11,81,0
11,82,0
11,83,0
11,84,0
11,85,0
11,86,0
11,87,0
11,88,0
11,89,0
11,90,0
11,91,0
11,92,0
11,93,0
11,94,0
11,95,0
11,96,0
11,97,0
11,98,0
11,99,0
12,0,0
12,1,1.33988e-05
12,2,6.24176e-05
12,3,0.000235625
12,4,0.000741173
12,5,0.00195629
12,6,0.00440066
12,7,0.00868437
12,8,0.0156177
12,9,0.0263305
12,10,0.0417513
12,11,0.0617567
12,12,0.0854112
12,13,0.111426
12,14,0.137458
12,15,0.160934
12,16,0.180425
12,17,0.194715
12,18,0.203769
12,19,0.20852
12,20,0.209702
12,21,0.208951
12,22,0.207022
12,23,0.205119
12,24,0.203652
12,25,0.203171
12,26,0.203652
12,27,0.205119
12,28,0.207022
12,29,0.208951
12,30,0.209702
12,31,0.20852
12,32,0.203769
12,33,0.194715
12,34,0.180425
12,35,0.160934
12,36,0.137458
12,37,0.111426
12,38,0.0854113
12,39,0.0617567
12,40,0.0417513
12,41,0.0263305
12,42,0.0156177
12,43,0.00868437
12,44,0.00440066
12,45,0.00195629
12,46,0.000741173
12,47,0.00023563
12,48,6.24666e-05
12,49,1.37854e-05
12,50,2.53165e-06
12,51,3.86623e-07
12,52,4.89951e-08
12,53,5.13037e-09
12,54,4.40744e-10
12,55,3.07265e-11
12,56,1.71024e-12
12,57,7.41798e-14
12,58,2.41549e-15
12,59,5.55367e-17
12,60,8.03751e-19
12,61,5.50612e-21
12,62,0
12,63,0
12,64,0
12,65,0
12,66,0
12,67,0
12,68,0
12,69,0
12,70,0
12,71,0
12,72,0
12,73,0
12,74,0
12,75,0
12,76,0
12,77,0
12,78,0
12,79,0
12,80,0
12,81,0
12,82,0
12,83,0
12,84,0
12,85,0
12,86,0
12,87,0
12,88,0
12,89,0
12,90,0
12,91,0
12,92,0
12,93,0
12,94,0
12,95,0
12,96,0
12,97,0
12,98,0
12,99,0
13,0,0
13,1,3.54646e-05
13,2,0.00014759
13,3,0.000496973
13,4,0.0014061
13,5,0.00338591
13,6,0.00709793
13,7,0.0133828
13,8,0.0233917
13,9,0.0383387
13,10,0.0586306
13,11,0.0834939
13,12,0.111426
13,13,0.139878
13,14,0.16552
13,15,0.186166
13,16,0.200462
13,17,0.207905
13,18,0.209894
13,19,0.207558
13,20,0.202749
13,21,0.197046
13,22,0.191398
13,23,0.18703
13,24,0.184024
13,25,0.18316
13,26,0.184024
13,27,0.18703
13,28,0.191398
13,29,0.197046
13,30,0.202749
13,31,0.207558
13,32,0.209894
13,33,0.207905
13,34,0.200462
13,35,0.186166
13,36,0.16552
13,37,0.139878
13,38,0.111426
13,39,0.0834939
13,40,0.0586306
13,41,0.0383387
13,42,0.0233917
13,43,0.0133828
13,44,0.00709793
13,45,0.00338591
13,46,0.00140611
13,47,0.000496996
13,48,0.000147783
13,49,3.67981e-05
13,50,7.66229e-06
13,51,1.33351e-06
13,52,1.93757e-07
13,53,2.34443e-08
13,54,2.35131e-09
13,55,1.94014e-10
13,56,1.30232e-11
13,57,6.99489e-13
13,58,2.93353e-14
13,59,9.25272e-16
13,60,2.064e-17
13,61,2.90243e-19
13,62,1.93458e-21
13,63,0
13,64,0
13,65,0
13,66,0
13,67,0
13,68,0
13,69,0
13,70,0
13,71,0
13,72,0
13,73,0
13,74,0
13,75,0
13,76,0
13,77,0
13,78,0
13,79,0
13,80,0
13,81,0
13,82,0
13,83,0
13,84,0
13,85,0
13,86,0
13,87,0
13,88,0
13,89,0
13,90,0
13,91,0
13,92,0
13,93,0
13,94,0
13,95,0
13,96,0
13,97,0
13,98,0
13,99,0
14,0,0
14,1,8.00124e-05
14,2,0.000301939
14,3,0.0009219
14,4,0.00239197
14,5,0.00537138
14,6,0.0107145
14,7,0.0195469
14,8,0.0332336
14,9,0.0527597
14,10,0.0778755
14,11,0.10701
14,12,0.137458
14,13,0.16552
14,14,0.187954
14,15,0.202864
14,16,0.20941
14,17,0.208864
14,18,0.203175
14,19,0.19423
14,20,0.184474
14,21,0.174899
14,22,0.166955
14,23,0.160874
14,24,0.15722
14,25,0.15594
14,26,0.15722
14,27,0.160874
14,28,0.166955
14,29,0.174899
14,30,0.184474
14,31,0.19423
14,32,0.203175
14,33,0.208864
14,34,0.20941
14,35,0.202864
14,36,0.187954
14,37,0.16552
14,38,0.137458
14,39,0.10701
14,40,0.0778755
14,41,0.0527597
14,42,0.0332336
14,43,0.0195469
14,44,0.0107145
14,45,0.00537138
14,46,0.00239198
14,47,0.000921988
14,48,0.00030257
14,49,8.3846e-05
14,50,1.95546e-05
14,51,3.83364e-06
14,52,6.31246e-07
14,53,8.71615e-08
14,54,1.00615e-08
14,55,9.66043e-10
14,56,7.65416e-11
14,57,4.94688e-12
14,58,2.56439e-13
14,59,1.04019e-14
14,60,3.1794e-16
14,61,6.88487e-18
14,62,9.4133e-20
14,63,6.1092e-22
14,64,0
14,65,0
14,66,0
14,67,0
14,68,0
14,69,0
14,70,0
14,71,0
14,72,0
14,73,0
14,74,0
14,75,0
14,76,0
14,77,0
14,78,0
14,79,0
14,80,0
14,81,0
14,82,0
14,83,0
14,84,0
14,85,0
14,86,0
14,87,0
14,88,0
14,89,0
14,90,0
14,91,0
14,92,0
14,93,0
14,94,0
14,95,0
14,96,0
14,97,0
14,98,0
14,99,0
15,0,0
15,1,0.000157174
15,2,0.000546914
15,3,0.00154143
15,4,0.00373671
15,5,0.00796328
15,6,0.0153048
15,7,0.0271445
15,8,0.0448823
15,9,0.06903
15,10,0.0984139
15,11,0.130308
15,12,0.160934
15,13,0.186166
15,14,0.202864
15,15,0.209768
15,16,0.207794
15,17,0.199331
15,18,0.186898
15,19,0.173274
15,20,0.160221
15,21,0.14887
15,22,0.139973
15,23,0.133487
15,24,0.129752
15,25,0.128396
15,26,0.129752
15,27,0.133487
15,28,0.139973
15,29,0.14887
15,30,0.160221
15,31,0.173274
15,32,0.186898
15,33,0.199331
15,34,0.207794
15,35,0.209768
15,36,0.202864
15,37,0.186166
15,38,0.160934
15,39,0.130309
15,40,0.0984139
15,41,0.06903
15,42,0.0448823
15,43,0.0271445
15,44,0.0153048
15,45,0.00796328
15,46,0.00373674
15,47,0.0015417
15,48,0.000548634
15,49,0.000166513
15,50,4.28677e-05
15,51,9.33956e-06
15,52,1.7201e-06
15,53,2.67481e-07
15,54,3.50461e-08
15,55,3.85518e-09
15,56,3.54057e-10
15,57,2.69225e-11
15,58,1.67483e-12
15,59,8.37878e-14
15,60,3.28764e-15
15,61,9.741e-17
15,62,2.04861e-18
15,63,2.7249e-20
15,64,1.72311e-22
15,65,0
15,66,0
15,67,0
15,68,0
15,69,0
15,70,0
15,71,0
15,72,0
15,73,0
15,74,0
15,75,0
15,76,0
15,77,0
15,78,0
15,79,0
15,80,0
15,81,0
15,82,0
15,83,0
15,84,0
15,85,0
15,86,0
15,87,0
15,88,0
15,89,0
15,90,0
15,91,0
15,92,0
15,93,0
15,94,0
15,95,0
15,96,0
15,97,0
15,98,0
15,99,0
16,0,0
16,1,0.000274922
16,2,0.000896487
16,3,0.00237044
16,4,0.00544977
16,5,0.0111554
16,6,0.0208098
16,7,0.0359788
16,8,0.0578721
16,9,0.0862169
16,10,0.118728
16,11,0.151667
16,12,0.180425
16,13,0.200462
16,14,0.20941
16,15,0.207794
16,16,0.197814
16,17,0.182743
16,18,0.16595
16,19,0.149768
16,20,0.135667
16,21,0.12428
16,22,0.115679
16,23,0.10977
16,24,0.106308
16,25,0.105185
16,26,0.106308
16,27,0.109769
16,28,0.115679
16,29,0.12428
16,30,0.135667
16,31,0.149768
16,32,0.16595
16,33,0.182743
16,34,0.197814
16,35,0.207794
16,36,0.20941
16,37,0.200462
16,38,0.180425
16,39,0.151667
16,40,0.118728
16,41,0.0862169
16,42,0.0578721
16,43,0.0359788
16,44,0.0208098
16,45,0.0111554
16,46,0.00544987
16,47,0.00237113
16,48,0.000900478
16,49,0.000294582
16,50,8.24242e-05
16,51,1.96596e-05
16,52,3.99128e-06
16,53,6.88966e-07
16,54,1.00967e-07
16,55,1.25301e-08
16,56,1.31146e-09
16,57,1.15066e-10
16,58,8.38938e-12
16,59,5.02031e-13
16,60,2.42295e-14
16,61,9.19549e-16
16,62,2.64138e-17
16,63,5.39672e-19
16,64,6.98693e-21
16,65,4.30777e-23
16,66,0
16,67,0
16,68,0
16,69,0
16,70,0
16,71,0
16,72,0
16,73,0
16,74,0
16,75,0
16,76,0
16,77,0
16,78,0
16,79,0
16,80,0
16,81,0
16,82,0
16,83,0
16,84,0
16,85,0
16,86,0
16,87,0
16,88,0
16,89,0
16,90,0
16,91,0
16,92,0
16,93,0
16,94,0
16,95,0
16,96,0
16,97,0
16,98,0
16,99,0
17,0,0
17,1,0.000436794
17,2,0.00135315
17,3,0.0034013
17,4,0.00750119
17,5,0.0148752
17,6,0.0270633
17,7,0.0456756
17,8,0.071479
17,9,0.103261
17,10,0.137684
17,11,0.169971
17,12,0.194715
17,13,0.207905
17,14,0.208864
17,15,0.199331
17,16,0.182743
17,17,0.163484
17,18,0.144501
17,19,0.127849
17,20,0.114342
17,21,0.103898
17,22,0.0964423
17,23,0.0913167
17,24,0.0884955
17,25,0.087476
17,26,0.0884955
17,27,0.0913167
17,28,0.0964424
17,29,0.103898
17,30,0.114342
17,31,0.127849
17,32,0.144501
17,33,0.163484
17,34,0.182743
17,35,0.199331
17,36,0.208864
17,37,0.207905
17,38,0.194715
17,39,0.169971
17,40,0.137684
17,41,0.103261
17,42,0.071479
17,43,0.0456756
17,44,0.0270633
17,45,0.0148753
17,46,0.00750143
17,47,0.00340282
17,48,0.00136119
17,49,0.000473284
17,50,0.00014184
17,51,3.64894e-05
17,52,8.04366e-06
17,53,1.51794e-06
17,54,2.44975e-07
17,55,3.37519e-08
17,56,3.95841e-09
17,57,3.93412e-10
17,58,3.29196e-11
17,59,2.29809e-12
17,60,1.32145e-13
17,61,6.14818e-15
17,62,2.25591e-16
17,63,6.28149e-18
17,64,1.24702e-19
17,65,1.57206e-21
17,66,9.45609e-24
17,67,0
17,68,0
17,69,0
17,70,0
17,71,0
17,72,0
17,73,0
17,74,0
17,75,0
17,76,0
17,77,0
17,78,0
17,79,0
17,80,0
17,81,0
17,82,0
17,83,0
17,84,0
17,85,0
17,86,0
17,87,0
17,88,0
17,89,0
17,90,0
17,91,0
17,92,0
17,93,0
17,94,0
17,95,0
17,96,0
17,97,0
17,98,0
17,99,0
18,0,0
18,1,0.000640206
18,2,0.00190509
18,3,0.00460102
18,4,0.00981982
18,5,0.0189801
18,6,0.0337784
18,7,0.0557192
18,8,0.0849713
18,9,0.119319
18,10,0.154306
18,11,0.184256
18,12,0.203769
18,13,0.209894
18,14,0.203175
18,15,0.186898
18,16,0.16595
18,17,0.144501
18,18,0.125224
18,19,0.109555
18,20,0.0973458
18,21,0.0884815
18,22,0.0821284
18,23,0.077982
18,24,0.0755824
18,25,0.0748156
18,26,0.0755824
18,27,0.077982
18,28,0.0821285
18,29,0.0884814
18,30,0.0973459
18,31,0.109555
18,32,0.125224
18,33,0.144501
18,34,0.16595
18,35,0.186897
18,36,0.203175
18,37,0.209894
18,38,0.203769
18,39,0.184256
18,40,0.154306
18,41,0.119319
18,42,0.0849713
18,43,0.0557192
18,44,0.0337784
18,45,0.0189801
18,46,0.00982033
18,47,0.00460394
18,48,0.00191945
18,49,0.000701034
18,50,0.000222198
18,51,6.08277e-05
18,52,1.43532e-05
18,53,2.91716e-06
18,54,5.10398e-07
18,55,7.6801e-08
18,56,9.92009e-09
18,57,1.09644e-09
18,58,1.03205e-10
18,59,8.21674e-12
18,60,5.48103e-13
18,61,3.0235e-14
18,62,1.35439e-15
18,63,4.80063e-17
18,64,1.29518e-18
18,65,2.49816e-20
18,66,3.06743e-22
18,67,1.80116e-24
18,68,0
18,69,0
18,70,0
18,71,0
18,72,0
18,73,0
18,74,0
18,75,0
18,76,0
18,77,0
18,78,0
18,79,0
18,80,0
18,81,0
18,82,0
18,83,0
18,84,0
18,85,0
18,86,0
18,87,0
18,88,0
18,89,0
18,90,0
18,91,0
18,92,0
18,93,0
18,94,0
18,95,0
18,96,0
18,97,0
18,98,0
18,99,0
19,0,0
19,1,0.000875867
19,2,0.00252598
19,3,0.00591176
19,4,0.0122926
19,5,0.0232604
19,6,0.0405987
19,7,0.0655839
19,8,0.0976673
19,9,0.133595
19,10,0.167988
19,11,0.194702
19,12,0.20852
19,13,0.207558
19,14,0.19423
19,15,0.173274
19,16,0.149768
19,17,0.127849
19,18,0.109555
19,19,0.0953245
19,20,0.0848384
19,21,0.0772679
19,22,0.0719436
19,23,0.0684057
19,24,0.0663307
19,25,0.0656694
19,26,0.0663307
19,27,0.0684056
19,28,0.0719437
19,29,0.0772679
19,30,0.0848384
19,31,0.0953246
19,32,0.109555
19,33,0.127849
19,34,0.149768
19,35,0.173274
19,36,0.19423
19,37,0.207558
19,38,0.20852
19,39,0.194702
19,40,0.167988
19,41,0.133595
19,42,0.0976673
19,43,0.0655839
19,44,0.0405987
19,45,0.0232606
19,46,0.0122935
19,47,0.00591674
19,48,0.00254904
19,49,0.000968314
19,50,0.000321097
19,51,9.24477e-05
19,52,2.30575e-05
19,53,4.97864e-06
19,54,9.30579e-07
19,55,1.5053e-07
19,56,2.1053e-08
19,57,2.54086e-09
19,58,2.63755e-10
19,59,2.34333e-11
19,60,1.76945e-12
19,61,1.1246e-13
19,62,5.93664e-15
19,63,2.55536e-16
19,64,8.73674e-18
19,65,2.28174e-19
19,66,4.2743e-21
19,67,5.11239e-23
19,68,2.93212e-25
19,69,0
19,70,0
19,71,0
19,72,0
19,73,0
19,74,0
19,75,0
19,76,0
19,77,0
19,78,0
19,79,0
19,80,0
19,81,0
19,82,0
19,83,0
19,84,0
19,85,0
19,86,0
19,87,0
19,88,0
19,89,0
19,90,0
19,91,0
19,92,0
19,93,0
19,94,0
19,95,0
19,96,0
19,97,0
19,98,0
19,99,0
20,0,0
20,1,0.00112841
20,2,0.00317655
20,3,0.00725386
20,4,0.0147742
20,5,0.0274714
20,6,0.0471436
20,7,0.074742
20,8,0.108975
20,9,0.14569
20,10,0.178749
20,11,0.201627
20,12,0.209702
20,13,0.202749
20,14,0.184474
20,15,0.160221
20,16,0.135667
20,17,0.114341
20,18,0.0973458
20,19,0.0848383
20,20,0.0756779
20,21,0.0691393
20,22,0.064404
20,23,0.0611432
20,24,0.0591647
20,25,0.0584865
20,26,0.0591647
20,27,0.0611432
20,28,0.064404
20,29,0.0691394
20,30,0.0756778
20,31,0.0848384
20,32,0.0973459
20,33,0.114341
20,34,0.135667
20,35,0.160221
20,36,0.184474
20,37,0.202749
20,38,0.209702
20,39,0.201627
20,40,0.178749
20,41,0.14569
20,42,0.108975
20,43,0.074742
20,44,0.0471437
20,45,0.0274717
20,46,0.0147757
20,47,0.00726152
20,48,0.00321034
20,49,0.00125802
20,50,0.000432406
20,51,0.000129606
20,52,3.37908e-05
20,53,7.65864e-06
20,54,1.50932e-06
20,55,2.58706e-07
20,56,3.85631e-08
20,57,4.99442e-09
20,58,5.60918e-10
20,59,5.44494e-11
20,60,4.54597e-12
20,61,3.24153e-13
20,62,1.95498e-14
20,63,9.8399e-16
20,64,4.05733e-17
20,65,1.33485e-18
20,66,3.36906e-20
20,67,6.12374e-22
20,68,7.13356e-24
20,69,3.99834e-26
20,70,0
20,71,0
20,72,0
20,73,0
20,74,0
20,75,0
20,76,0
20,77,0
20,78,0
20,79,0
20,80,0
20,81,0
20,82,0
20,83,0
20,84,0
20,85,0
20,86,0
20,87,0
20,88,0
20,89,0
20,90,0
20,91,0
20,92,0
20,93,0
20,94,0
20,95,0
20,96,0
20,97,0
20,98,0
20,99,0
21,0,0
21,1,0.00137795
21,2,0.00380851
21,3,0.00853449
21,4,0.0171032
21,5,0.0313522
21,6,0.0530382
21,7,0.0827594
21,8,0.118534
21,9,0.1554
21,10,0.186634
21,11,0.205757
21,12,0.208951
21,13,0.197046
21,14,0.174899
21,15,0.14887
21,16,0.12428
21,17,0.103898
21,18,0.0884815
21,19,0.0772679
21,20,0.0691394
21,21,0.0631755
21,22,0.0586167
21,23,0.0553074
21,24,0.0530473
21,25,0.0522952
21,26,0.0530474
21,27,0.0553074
21,28,0.0586167
21,29,0.0631755
21,30,0.0691393
21,31,0.0772679
21,32,0.0884814
21,33,0.103898
21,34,0.12428
21,35,0.14887
21,36,0.174899
21,37,0.197046
21,38,0.208952
21,39,0.205757
21,40,0.186634
21,41,0.1554
21,42,0.118534
21,43,0.0827594
21,44,0.0530383
21,45,0.0313526
21,46,0.0171054
21,47,0.00854523
21,48,0.00385415
21,49,0.00154705
21,50,0.00054678
21,51,0.000169105
21,52,4.56404e-05
21,53,1.07432e-05
21,54,2.20643e-06
21,55,3.95655e-07
21,56,6.19743e-08
21,57,8.4787e-09
21,58,1.01224e-09
21,59,1.05253e-10
21,60,9.50163e-12
21,61,7.41129e-13
21,62,4.96081e-14
21,63,2.82254e-15
21,64,1.34718e-16
21,65,5.29563e-18
21,66,1.66986e-19
21,67,4.06106e-21
21,68,7.14948e-23
21,69,8.10632e-25
21,70,4.44261e-27
21,71,0
21,72,0
21,73,0
21,74,0
21,75,0
21,76,0
21,77,0
21,78,0
21,79,0
21,80,0
21,81,0
21,82,0
21,83,0
21,84,0
21,85,0
21,86,0
21,87,0
21,88,0
21,89,0
21,90,0
21,91,0
21,92,0
21,93,0
21,94,0
21,95,0
21,96,0
21,97,0
21,98,0
21,99,0
22,0,0
22,1,0.00160254
22,2,0.00437016
22,3,0.00965698
22,4,0.019117
22,5,0.0346577
22,6,0.0579661
22,7,0.0892967
22,8,0.126067
22,9,0.162714
22,10,0.192177
22,11,0.208004
22,12,0.207022
22,13,0.191398
22,14,0.166955
22,15,0.139973
22,16,0.115679
22,17,0.0964424
22,18,0.0821285
22,19,0.0719437
22,20,0.064404
22,21,0.0586166
22,22,0.0539131
22,23,0.0500044
22,24,0.0471158
22,25,0.0458678
22,26,0.0471156
22,27,0.0500045
22,28,0.0539131
22,29,0.0586167
22,30,0.064404
22,31,0.0719437
22,32,0.0821285
22,33,0.0964423
22,34,0.115679
22,35,0.139973
22,36,0.166955
22,37,0.191398
22,38,0.207022
22,39,0.208004
22,40,0.192177
22,41,0.162714
22,42,0.126067
22,43,0.0892967
22,44,0.0579662
22,45,0.0346583
22,46,0.01912
22,47,0.00967085
22,48,0.00442741
22,49,0.00180925
22,50,0.000652878
22,51,0.000206704
22,52,5.72517e-05
22,53,1.38635e-05
22,54,2.93656e-06
22,55,5.44634e-07
22,56,8.85214e-08
22,57,1.26147e-08
22,58,1.57588e-09
22,59,1.72418e-10
22,60,1.64902e-11
22,61,1.37438e-12
22,62,9.93667e-14
22,63,6.19172e-15
22,64,3.29521e-16
22,65,1.479e-17
22,66,5.49941e-19
22,67,1.6509e-20
22,68,3.84831e-22
22,69,6.53911e-24
22,70,7.20562e-26
22,71,3.86314e-28
22,72,0
22,73,0
22,74,0
22,75,0
22,76,0
22,77,0
22,78,0
22,79,0
22,80,0
22,81,0
22,82,0
22,83,0
22,84,0
22,85,0
22,86,0
22,87,0
22,88,0
22,89,0
22,90,0
22,91,0
22,92,0
22,93,0
22,94,0
22,95,0
22,96,0
22,97,0
22,98,0
22,99,0
23,0,0
23,1,0.00178104
23,2,0.0048125
23,3,0.0105322
23,4,0.0206715
23,5,0.0371788
23,6,0.0616653
23,7,0.0941095
23,8,0.13149
23,9,0.167795
23,10,0.195691
23,11,0.208938
23,12,0.205119
23,13,0.18703
23,14,0.160874
23,15,0.133487
23,16,0.109769
23,17,0.0913167
23,18,0.077982
23,19,0.0684057
23,20,0.0611432
23,21,0.0553073
23,22,0.0500045
23,23,0.0451114
23,24,0.0406373
23,25,0.038135
23,26,0.0406373
23,27,0.0451114
23,28,0.0500045
23,29,0.0553073
23,30,0.0611431
23,31,0.0684056
23,32,0.0779821
23,33,0.0913167
23,34,0.109769
23,35,0.133487
23,36,0.160874
23,37,0.18703
23,38,0.205119
23,39,0.208938
23,40,0.195691
23,41,0.167795
23,42,0.13149
23,43,0.0941096
23,44,0.0616654
23,45,0.0371795
23,46,0.0206751
23,47,0.0105488
23,48,0.00487957
23,49,0.00201887
23,50,0.000739085
23,51,0.000237831
23,52,6.70671e-05
23,53,1.65627e-05
23,54,3.58424e-06
23,55,6.80459e-07
23,56,1.1346e-07
23,57,1.66298e-08
23,58,2.14335e-09
23,59,2.42846e-10
23,60,2.41625e-11
23,61,2.10703e-12
23,62,1.60542e-13
23,63,1.06413e-14
23,64,6.09867e-16
23,65,2.99685e-17
23,66,1.24797e-18
23,67,4.33151e-20
23,68,1.22283e-21
23,69,2.70442e-23
23,70,4.40358e-25
23,71,4.69932e-27
23,72,2.46583e-29
23,73,0
23,74,0
23,75,0
23,76,0
23,77,0
23,78,0
23,79,0
23,80,0
23,81,0
23,82,0
23,83,0
23,84,0
23,85,0
23,86,0
23,87,0
23,88,0
23,89,0
23,90,0
23,91,0
23,92,0
23,93,0
23,94,0
23,95,0
23,96,0
23,97,0
23,98,0
23,99,0
24,0,0
24,1,0.00189589
24,2,0.0050955
24,3,0.0110884
24,4,0.0216522
24,5,0.0387565
24,6,0.0639587
24,7,0.097055
24,8,0.134736
24,9,0.17074
24,10,0.197663
24,11,0.209351
24,12,0.203652
24,13,0.184024
24,14,0.15722
24,15,0.129752
24,16,0.106308
24,17,0.0884955
24,18,0.0755825
24,19,0.0663307
24,20,0.0591647
24,21,0.0530473
24,22,0.0471158
24,23,0.0406374
24,24,0.0331628
24,25,0.0259764
24,26,0.0331629
24,27,0.0406372
24,28,0.0471158
24,29,0.0530474
24,30,0.0591647
24,31,0.0663307
24,32,0.0755825
24,33,0.0884954
24,34,0.106308
24,35,0.129752
24,36,0.15722
24,37,0.184024
24,38,0.203652
24,39,0.209351
24,40,0.197663
24,41,0.17074
24,42,0.134736
24,43,0.097055
24,44,0.0639588
24,45,0.0387573
24,46,0.0216562
24,47,0.0111068
24,48,0.00516914
24,49,0.00215429
24,50,0.000795361
24,51,0.000258398
24,52,7.36419e-05
24,53,1.8398e-05
24,54,4.03189e-06
24,55,7.76019e-07
24,56,1.31349e-07
24,57,1.9572e-08
24,58,2.56903e-09
24,59,2.97076e-10
24,60,3.02467e-11
24,61,2.70782e-12
24,62,2.12685e-13
24,63,1.46092e-14
24,64,8.7369e-16
24,65,4.52209e-17
24,66,2.0097e-18
24,67,7.5878e-20
24,68,2.39823e-21
24,69,6.21023e-23
24,70,1.27381e-24
24,71,1.95312e-26
24,72,1.99971e-28
24,73,1.02743e-30
24,74,0
24,75,0
24,76,0
24,77,0
24,78,0
24,79,0
24,80,0
24,81,0
24,82,0
24,83,0
24,84,0
24,85,0
24,86,0
24,87,0
24,88,0
24,89,0
24,90,0
24,91,0
24,92,0
24,93,0
24,94,0
24,95,0
24,96,0
24,97,0
24,98,0
24,99,0
25,0,0
25,1,0.00193552
25,2,0.00519286
25,3,0.0112791
25,4,0.0219876
25,5,0.0392938
25,6,0.0647335
25,7,0.0980416
25,8,0.135825
25,9,0.171728
25,10,0.198265
25,11,0.209366
25,12,0.203171
25,13,0.18316
25,14,0.15594
25,15,0.128396
25,16,0.105185
25,17,0.087476
25,18,0.0748156
25,19,0.0656694
25,20,0.0584865
25,21,0.052295
25,22,0.0458679
25,23,0.038135
25,24,0.0259763
25,25,3.72665e-06
25,26,0.0259763
25,27,0.0381349
25,28,0.0458678
25,29,0.052295
25,30,0.0584865
25,31,0.0656694
25,32,0.0748156
25,33,0.0874759
25,34,0.105185
25,35,0.128396
25,36,0.15594
25,37,0.18316
25,38,0.203171
25,39,0.209366
25,40,0.198266
25,41,0.171728
25,42,0.135825
25,43,0.0980416
25,44,0.0647337
25,45,0.0392946
25,46,0.0219918
25,47,0.0112982
25,48,0.00526881
25,49,0.00220111
25,50,0.00081492
25,51,0.000265589
25,52,7.5956e-05
25,53,1.90487e-05
25,54,4.1919e-06
25,55,8.10477e-07
25,56,1.37861e-07
25,57,2.06542e-08
25,58,2.72744e-09
25,59,3.17516e-10
25,60,3.2573e-11
25,61,2.94131e-12
25,62,2.33332e-13
25,63,1.62152e-14
25,64,9.83302e-16
25,65,5.17605e-17
25,66,2.34907e-18
25,67,9.11081e-20
25,68,2.98599e-21
25,69,8.15204e-23
25,70,1.81998e-24
25,71,3.23865e-26
25,72,4.40194e-28
25,73,4.16606e-30
25,74,2.09679e-32
25,75,0
25,76,0
25,77,0
25,78,0
25,79,0
25,80,0
25,81,0
25,82,0
25,83,0
25,84,0
25,85,0
25,86,0
25,87,0
25,88,0
25,89,0
25,90,0
25,91,0
25,92,0
25,93,0
25,94,0
25,95,0
25,96,0
25,97,0
25,98,0
25,99,0
26,0,0
26,1,0.00189589
26,2,0.0050955
26,3,0.0110884
26,4,0.0216522
26,5,0.0387565
26,6,0.0639587
26,7,0.097055
26,8,0.134736
26,9,0.17074
26,10,0.197663
26,11,0.209351
26,12,0.203652
26,13,0.184024
26,14,0.15722
26,15,0.129752
26,16,0.106308
26,17,0.0884955
26,18,0.0755825
26,19,0.0663307
26,20,0.0591647
26,21,0.0530473
26,22,0.0471158
26,23,0.0406374
26,24,0.0331628
26,25,0.0259764
26,26,0.0331629
26,27,0.0406372
26,28,0.0471158
26,29,0.0530474
26,30,0.0591647
26,31,0.0663307
26,32,0.0755825
26,33,0.0884954
26,34,0.106308
26,35,0.129752
26,36,0.15722
26,37,0.184024
26,38,0.203652
26,39,0.209351
26,40,0.197663
26,41,0.17074
26,42,0.134736
26,43,0.097055
26,44,0.0639588
26,45,0.0387573
26,46,0.0216562
26,47,0.0111068
26,48,0.00516914
26,49,0.00215429
26,50,0.000795361
26,51,0.000258398
26,52,7.36419e-05
26,53,1.8398e-05
26,54,4.03189e-06
26,55,7.76019e-07
26,56,1.31349e-07
26,57,1.9572e-08
26,58,2.56903e-09
26,59,2.97076e-10
26,60,3.02467e-11
26,61,2.70782e-12
26,62,2.12685e-13
26,63,1.46092e-14
26,64,8.7369e-16
26,65,4.52209e-17
26,66,2.0097e-18
26,67,7.5878e-20
26,68,2.39823e-21
26,69,6.21023e-23
26,70,1.27381e-24
26,71,1.95312e-26
26,72,1.99971e-28
26,73,1.02743e-30
26,74,0
26,75,2.09679e-32
26,76,0
26,77,0
26,78,0
26,79,0
26,80,0
26,81,0
26,82,0
26,83,0
26,84,0
26,85,0
26,86,0
26,87,0
26,88,0
26,89,0
26,90,0
26,91,0
26,92,0
26,93,0
26,94,0
26,95,0
26,96,0
26,97,0
26,98,0
26,99,0
27,0,0
27,1,0.00178104
27,2,0.0048125
27,3,0.0105322
27,4,0.0206715
27,5,0.0371788
27,6,0.0616653
27,7,0.0941095
27,8,0.13149
27,9,0.167795
27,10,0.195691
27,11,0.208938
27,12,0.205119
27,13,0.18703
27,14,0.160874
27,15,0.133487
27,16,0.109769
27,17,0.0913167
27,18,0.077982
27,19,0.0684057
27,20,0.0611432
27,21,0.0553073
27,22,0.0500045
27,23,0.0451114
27,24,0.0406373
27,25,0.038135
27,26,0.0406373
27,27,0.0451114
27,28,0.0500045
27,29,0.0553073
27,30,0.0611431
27,31,0.0684056
27,32,0.0779821
27,33,0.0913167
27,34,0.109769
27,35,0.133487
27,36,0.160874
27,37,0.18703
27,38,0.205119
27,39,0.208938
27,40,0.195691
27,41,0.167795
27,42,0.13149
27,43,0.0941096
27,44,0.0616654
27,45,0.0371795
27,46,0.0206751
27,47,0.0105488
27,48,0.00487957
27,49,0.00201887
27,50,0.000739085
27,51,0.000237831
27,52,6.70671e-05
27,53,1.65627e-05
27,54,3.58424e-06
27,55,6.80459e-07
27,56,1.1346e-07
27,57,1.66298e-08
27,58,2.14335e-09
27,59,2.42846e-10
27,60,2.41625e-11
27,61,2.10703e-12
27,62,1.60542e-13
27,63,1.06413e-14
27,64,6.09867e-16
27,65,2.99685e-17
27,66,1.24797e-18
27,67,4.33151e-20
27,68,1.22283e-21
27,69,2.70442e-23
27,70,4.40358e-25
27,71,4.69932e-27
27,72,2.46583e-29
27,73,0
27,74,1.02743e-30
27,75,4.16606e-30
27,76,1.02743e-30
27,77,0
27,78,0
27,79,0
27,80,0
27,81,0
27,82,0
27,83,0
27,84,0
27,85,0
27,86,0
27,87,0
27,88,0
27,89,0
27,90,0
27,91,0
27,92,0
27,93,0
27,94,0
27,95,0
27,96,0
27,97,0
27,98,0
27,99,0
28,0,0
28,1,0.00160254
28,2,0.00437016
28,3,0.00965698
28,4,0.019117
28,5,0.0346577
28,6,0.0579661
28,7,0.0892967
28,8,0.126067
28,9,0.162714
28,10,0.192177
28,11,0.208004
28,12,0.207022
28,13,0.191398
28,14,0.166955
28,15,0.139973
28,16,0.115679
28,17,0.0964424
28,18,0.0821285
28,19,0.0719437
28,20,0.064404
28,21,0.0586166
28,22,0.0539131
28,23,0.0500044
28,24,0.0471158
28,25,0.0458678
28,26,0.0471156
28,27,0.0500045
28,28,0.0539131
28,29,0.0586167
28,30,0.064404
28,31,0.0719437
28,32,0.0821285
28,33,0.0964423
28,34,0.115679
28,35,0.139973
28,36,0.166955
28,37,0.191398
28,38,0.207022
28,39,0.208004
28,40,0.192177
28,41,0.162714
28,42,0.126067
28,43,0.0892967
28,44,0.0579662
28,45,0.0346583
28,46,0.01912
28,47,0.00967085
28,48,0.00442741
28,49,0.00180925
28,50,0.000652878
28,51,0.000206704
28,52,5.72517e-05
28,53,1.38635e-05
28,54,2.93656e-06
28,55,5.44634e-07
28,56,8.85214e-08
28,57,1.26147e-08
28,58,1.57588e-09
28,59,1.72418e-10
28,60,1.64902e-11
28,61,1.37438e-12
28,62,9.93667e-14
28,63,6.19172e-15
28,64,3.29521e-16
28,65,1.479e-17
28,66,5.49941e-19
28,67,1.6509e-20
28,68,3.84831e-22
28,69,6.53911e-24
28,70,7.20562e-26
28,71,3.86314e-28
28,72,0
28,73,2.46583e-29
28,74,1.99971e-28
28,75,4.40194e-28
28,76,1.99971e-28
28,77,2.46583e-29
28,78,0
28,79,0
28,80,0
28,81,0
28,82,0
28,83,0
28,84,0
28,85,0
28,86,0
28,87,0
28,88,0
28,89,0
28,90,0
28,91,0
28,92,0
28,93,0
28,94,0
28,95,0
28,96,0
28,97,0
28,98,0
28,99,0
29,0,0
29,1,0.00137795
29,2,0.00380851
29,3,0.00853449
29,4,0.0171032
29,5,0.0313522
29,6,0.0530382
29,7,0.0827594
29,8,0.118534
29,9,0.1554
29,10,0.186634
29,11,0.205757
29,12,0.208951
29,13,0.197046
29,14,0.174899
29,15,0.14887
29,16,0.12428
29,17,0.103898
29,18,0.0884815
29,19,0.0772679
29,20,0.0691394
29,21,0.0631755
29,22,0.0586167
29,23,0.0553074
29,24,0.0530473
29,25,0.0522952
29,26,0.0530474
29,27,0.0553074
29,28,0.0586167
29,29,0.0631755
29,30,0.0691393
29,31,0.0772679
29,32,0.0884814
29,33,0.103898
29,34,0.12428
29,35,0.14887
29,36,0.174899
29,37,0.197046
29,38,0.208952
29,39,0.205757
29,40,0.186634
29,41,0.1554
29,42,0.118534
29,43,0.0827594
29,44,0.0530383
29,45,0.0313526
29,46,0.0171054
29,47,0.00854523
29,48,0.00385415
29,49,0.00154705
29,50,0.00054678
29,51,0.000169105
29,52,4.56404e-05
29,53,1.07432e-05
29,54,2.20643e-06
29,55,3.95655e-07
29,56,6.19743e-08
29,57,8.4787e-09
29,58,1.01224e-09
29,59,1.05253e-10
29,60,9.50163e-12
29,61,7.41129e-13
29,62,4.96081e-14
29,63,2.82254e-15
29,64,1.34718e-16
29,65,5.29563e-18
29,66,1.66986e-19
29,67,4.06106e-21
29,68,7.14948e-23
29,69,8.10632e-25
29,70,4.44261e-27
29,71,0
29,72,3.86314e-28
29,73,4.69932e-27
29,74,1.95312e-26
29,75,3.23865e-26
29,76,1.95312e-26
29,77,4.69932e-27
29,78,3.86314e-28
29,79,0
29,80,0
29,81,0
29,82,0
29,83,0
29,84,0
29,85,0
29,86,0
29,87,0
29,88,0
29,89,0
29,90,0
29,91,0
29,92,0
29,93,0
29,94,0
29,95,0
29,96,0
29,97,0
29,98,0
29,99,0
30,0,0
30,1,0.00112841
30,2,0.00317655
30,3,0.00725386
30,4,0.0147742
30,5,0.0274714
30,6,0.0471436
30,7,0.074742
30,8,0.108975
30,9,0.14569
30,10,0.178749
30,11,0.201627
30,12,0.209702
30,13,0.202749
30,14,0.184474
30,15,0.160221
30,16,0.135667
30,17,0.114341
30,18,0.0973458
30,19,0.0848383
30,20,0.0756779
30,21,0.0691393
30,22,0.064404
30,23,0.0611432
30,24,0.0591647
30,25,0.0584865
30,26,0.0591647
30,27,0.0611432
30,28,0.064404
30,29,0.0691394
30,30,0.0756778
30,31,0.0848384
30,32,0.0973459
30,33,0.114341
30,34,0.135667
30,35,0.160221
30,36,0.184474
30,37,0.202749
30,38,0.209702
30,39,0.201627
30,40,0.178749
30,41,0.14569
30,42,0.108975
30,43,0.074742
30,44,0.0471437
30,45,0.0274717
30,46,0.0147757
30,47,0.00726152
30,48,0.00321034
30,49,0.00125802
30,50,0.000432406
30,51,0.000129606
30,52,3.37908e-05
30,53,7.65864e-06
30,54,1.50932e-06
30,55,2.58706e-07
30,56,3.85631e-08
30,57,4.99442e-09
30,58,5.60918e-10
30,59,5.44494e-11
30,60,4.54597e-12
30,61,3.24153e-13
30,62,1.95498e-14
30,63,9.8399e-16
30,64,4.05733e-17
30,65,1.33485e-18
30,66,3.36906e-20
30,67,6.12374e-22
30,68,7.13356e-24
30,69,3.99834e-26
30,70,0
30,71,4.44261e-27
30,72,7.20562e-26
30,73,4.40358e-25
30,74,1.27381e-24
30,75,1.81998e-24
30,76,1.27381e-24
30,77,4.40358e-25
30,78,7.20562e-26
30,79,4.44261e-27
30,80,0
30,81,0
30,82,0
30,83,0
30,84,0
30,85,0
30,86,0
30,87,0
30,88,0
30,89,0
30,90,0
30,91,0
30,92,0
30,93,0
30,94,0
30,95,0
30,96,0
30,97,0
30,98,0
30,99,0
31,0,0
31,1,0.000875867
31,2,0.00252598
31,3,0.00591176
31,4,0.0122926
31,5,0.0232604
31,6,0.0405987
31,7,0.0655839
31,8,0.0976673
31,9,0.133595
31,10,0.167988
