0,0,0
0,1,0
0,2,0
0,3,0
0,4,0
0,5,0
0,6,0
0,7,0
0,8,0
0,9,0
0,10,0
0,11,0
0,12,0
0,13,0
0,14,0
0,15,0
0,16,0
0,17,0
0,18,0
0,19,0
0,20,0
0,21,0
0,22,0
0,23,0
0,24,0
0,25,0
0,26,0
0,27,0
0,28,0
0,29,0
0,30,0
0,31,0
0,32,0
0,33,0
0,34,0
0,35,0
0,36,0
0,37,0
0,38,0
0,39,0
0,40,0
0,41,0
0,42,0
0,43,0
0,44,0
0,45,0
0,46,0
0,47,0
0,48,0
0,49,0
0,50,0
0,51,0
0,52,0
0,53,0
0,54,0
0,55,0
0,56,0
0,57,0
0,58,0
0,59,0
0,60,0
0,61,0
0,62,0
0,63,0
0,64,0
0,65,0
0,66,0
0,67,0
0,68,0
0,69,0
0,70,0
0,71,0
0,72,0
0,73,0
0,74,0
0,75,0
0,76,0
0,77,0
0,78,0
0,79,0
0,80,0
0,81,0
0,82,0
0,83,0
0,84,0
0,85,0
0,86,0
0,87,0
0,88,0
0,89,0
0,90,0
0,91,0
0,92,0
0,93,0
0,94,0
0,95,0
0,96,0
0,97,0
0,98,0
0,99,0
1,0,0
1,1,0
1,2,0
1,3,0
1,4,0
1,5,0
1,6,0
1,7,0
1,8,0
1,9,0
1,10,0
1,11,0
1,12,0
1,13,0
1,14,0
1,15,0
1,16,3.47322e-15
1,17,1.27581e-13
1,18,2.00847e-12
1,19,1.78411e-11
1,20,9.94922e-11
1,21,3.69295e-10
1,22,9.54459e-10
1,23,1.79846e-09
1,24,2.58246e-09
1,25,2.90577e-09
1,26,2.58246e-09
1,27,1.79846e-09
1,28,9.54459e-10
1,29,3.69295e-10
1,30,9.94922e-11
1,31,1.78411e-11
1,32,2.00847e-12
1,33,1.27581e-13
1,34,3.47322e-15
1,35,0
1,36,0
1,37,0
1,38,0
1,39,0
1,40,0
1,41,0
1,42,0
1,43,0
1,44,0
1,45,0
1,46,0
1,47,0
1,48,0
1,49,0
1,50,0
1,51,0
1,52,0
1,53,0
1,54,0
1,55,0
1,56,0
1,57,0
1,58,0
1,59,0
1,60,0
1,61,0
1,62,0
1,63,0
1,64,0
1,65,0
1,66,0
1,67,0
1,68,0
1,69,0
1,70,0
1,71,0
1,72,0
1,73,0
1,74,0
1,75,0
1,76,0
1,77,0
1,78,0
1,79,0
1,80,0
1,81,0
1,82,0
1,83,0
1,84,0
1,85,0
1,86,0
1,87,0
1,88,0
1,89,0
1,90,0
1,91,0
1,92,0
1,93,0
1,94,0
1,95,0
1,96,0
1,97,0
1,98,0
1,99,0
2,0,0
2,1,0
2,2,0
2,3,0
2,4,0
2,5,0
2,6,0
2,7,0
2,8,0
2,9,0
2,10,0
2,11,0
2,12,0
2,13,0
2,14,0
2,15,8.33574e-15
2,16,3.40217e-13
2,17,6.01738e-12
2,18,6.08105e-11
2,19,3.91019e-10
2,20,1.69529e-09
2,21,5.1691e-09
2,22,1.1555e-08
2,23,1.97949e-08
2,24,2.69727e-08
2,25,2.9836e-08
2,26,2.69727e-08
2,27,1.97949e-08
2,28,1.1555e-08
2,29,5.1691e-09
2,30,1.69529e-09
2,31,3.91019e-10
2,32,6.08105e-11
2,33,6.01738e-12
2,34,3.40217e-13
2,35,8.33574e-15
2,36,0
2,37,0
2,38,0
2,39,0
2,40,0
2,41,0
2,42,0
2,43,0
2,44,0
2,45,0
2,46,0
2,47,0
2,48,0
2,49,0
2,50,0
2,51,0
2,52,0
2,53,0
2,54,0
2,55,0
2,56,0
2,57,0
2,58,0
2,59,0
2,60,0
2,61,0
2,62,0
2,63,0
2,64,0
2,65,0
2,66,0
2,67,0
2,68,0
2,69,0
2,70,0
2,71,0
2,72,0
2,73,0
2,74,0
2,75,0
2,76,0
2,77,0
2,78,0
2,79,0
2,80,0
2,81,0
2,82,0
2,83,0
2,84,0
2,85,0
2,86,0
2,87,0
2,88,0
2,89,0
2,90,0
2,91,0
2,92,0
2,93,0
2,94,0
2,95,0
2,96,0
2,97,0
2,98,0
2,99,0
3,0,0
3,1,0
3,2,0
3,3,0
3,4,0
3,5,0
3,6,0
3,7,0
3,8,0
3,9,0
3,10,0
3,11,0
3,12,0
3,13,0
3,14,1.74293e-14
3,15,7.82499e-13
3,16,1.53599e-11
3,17,1.7398e-10
3,18,1.26701e-09
3,19,6.28336e-09
3,20,2.20789e-08
3,21,5.70641e-08
3,22,1.13092e-07
3,23,1.79117e-07
3,24,2.33554e-07
3,25,2.54685e-07
3,26,2.33554e-07
3,27,1.79117e-07
3,28,1.13092e-07
3,29,5.70641e-08
3,30,2.20789e-08
3,31,6.28336e-09
3,32,1.26701e-09
3,33,1.7398e-10
3,34,1.53599e-11
3,35,7.825e-13
3,36,1.74293e-14
3,37,0
3,38,0
3,39,0
3,40,0
3,41,0
3,42,0
3,43,0
3,44,0
3,45,0
3,46,0
3,47,0
3,48,0
3,49,0
3,50,0
3,51,0
3,52,0
3,53,0
3,54,0
3,55,0
3,56,0
3,57,0
3,58,0
3,59,0
3,60,0
3,61,0
3,62,0
3,63,0
3,64,0
3,65,0
3,66,0
3,67,0
3,68,0
3,69,0
3,70,0
3,71,0
3,72,0
3,73,0
3,74,0
3,75,0
3,76,0
3,77,0
3,78,0
3,79,0
3,80,0
3,81,0
3,82,0
3,83,0
3,84,0
3,85,0
3,86,0
3,87,0
3,88,0
3,89,0
3,90,0
3,91,0
3,92,0
3,93,0
3,94,0
3,95,0
3,96,0
3,97,0
3,98,0
3,99,0
4,0,0
4,1,0
4,2,0
4,3,0
4,4,0
4,5,0
4,6,0
4,7,0
4,8,0
4,9,0
4,10,0
4,11,0
4,12,0
4,13,3.19537e-14
4,14,1.565e-12
4,15,3.37618e-11
4,16,4.23711e-10
4,17,3.44807e-09
4,18,1.92617e-08
4,19,7.67013e-08
4,20,2.25131e-07
4,21,5.0574e-07
4,22,9.0661e-07
4,23,1.34488e-06
4,24,1.68947e-06
4,25,1.82042e-06
4,26,1.68947e-06
4,27,1.34488e-06
4,28,9.0661e-07
4,29,5.0574e-07
4,30,2.25131e-07
4,31,7.67013e-08
4,32,1.92617e-08
4,33,3.44807e-09
4,34,4.23711e-10
4,35,3.37618e-11
4,36,1.565e-12
4,37,3.19537e-14
4,38,0
4,39,0
4,40,0
4,41,0
4,42,0
4,43,0
4,44,0
4,45,0
4,46,0
4,47,0
4,48,0
4,49,0
4,50,0
4,51,0
4,52,0
4,53,0
4,54,0
4,55,0
4,56,0
4,57,0
4,58,0
4,59,0
4,60,0
4,61,0
4,62,0
4,63,0
4,64,0
4,65,0
4,66,0
4,67,0
4,68,0
4,69,0
4,70,0
4,71,0
4,72,0
4,73,0
4,74,0
4,75,0
4,76,0
4,77,0
4,78,0
4,79,0
4,80,0
4,81,0
4,82,0
4,83,0
4,84,0
4,85,0
4,86,0
4,87,0
4,88,0
4,89,0
4,90,0
4,91,0
4,92,0
4,93,0
4,94,0
4,95,0
4,96,0
4,97,0
4,98,0
4,99,0
5,0,0
5,1,0
5,2,0
5,3,0
5,4,0
5,5,0
5,6,0
5,7,0
5,8,0
5,9,0
5,10,0
5,11,0
5,12,5.16174e-14
5,13,2.73875e-12
5,14,6.44108e-11
5,15,8.87289e-10
5,16,7.98207e-09
5,17,4.96238e-08
5,18,2.21027e-07
5,19,7.26824e-07
5,20,1.82404e-06
5,21,3.63483e-06
5,22,5.98705e-06
5,23,8.39912e-06
5,24,1.022e-05
5,25,1.08998e-05
5,26,1.022e-05
5,27,8.39912e-06
5,28,5.98705e-06
5,29,3.63483e-06
5,30,1.82404e-06
5,31,7.26824e-07
5,32,2.21027e-07
5,33,4.96238e-08
5,34,7.98207e-09
5,35,8.87288e-10
5,36,6.44108e-11
5,37,2.73875e-12
5,38,5.16174e-14
5,39,0
5,40,0
5,41,0
5,42,0
5,43,0
5,44,0
5,45,0
5,46,0
5,47,0
5,48,0
5,49,0
5,50,0
5,51,0
5,52,0
5,53,0
5,54,0
5,55,0
5,56,0
5,57,0
5,58,0
5,59,0
5,60,0
5,61,0
5,62,0
5,63,0
5,64,0
5,65,0
5,66,0
5,67,0
5,68,0
5,69,0
5,70,0
5,71,0
5,72,0
5,73,0
5,74,0
5,75,0
5,76,0
5,77,0
5,78,0
5,79,0
5,80,0
5,81,0
5,82,0
5,83,0
5,84,0
5,85,0
5,86,0
5,87,0
5,88,0
5,89,0
5,90,0
5,91,0
5,92,0
5,93,0
5,94,0
5,95,0
5,96,0
5,97,0
5,98,0
5,99,0
6,0,0
6,1,0
6,2,0
6,3,0
6,4,0
6,5,0
6,6,0
6,7,0
6,8,0
6,9,0
6,10,0
6,11,7.37392e-14
6,12,4.21346e-12
6,13,1.07297e-10
6,14,1.60984e-09
6,15,1.58691e-08
6,16,1.08727e-07
6,17,5.3606e-07
6,18,1.95412e-06
6,19,5.42008e-06
6,20,1.18572e-05
6,21,2.13208e-05
6,22,3.26685e-05
6,23,4.36741e-05
6,24,5.17029e-05
6,25,5.46505e-05
6,26,5.17029e-05
6,27,4.36741e-05
6,28,3.26685e-05
6,29,2.13208e-05
6,30,1.18572e-05
6,31,5.42008e-06
6,32,1.95412e-06
6,33,5.3606e-07
6,34,1.08727e-07
6,35,1.58691e-08
6,36,1.60984e-09
6,37,1.07297e-10
6,38,4.21346e-12
6,39,7.37392e-14
6,40,0
6,41,0
6,42,0
6,43,0
6,44,0
6,45,0
6,46,0
6,47,0
6,48,0
6,49,0
6,50,0
6,51,0
6,52,0
6,53,0
6,54,0
6,55,0
6,56,0
6,57,0
6,58,0
6,59,0
6,60,0
6,61,0
6,62,0
6,63,0
6,64,0
6,65,0
6,66,0
6,67,0
6,68,0
6,69,0
6,70,0
6,71,0
6,72,0
6,73,0
6,74,0
6,75,0
6,76,0
6,77,0
6,78,0
6,79,0
6,80,0
6,81,0
6,82,0
6,83,0
6,84,0
6,85,0
6,86,0
6,87,0
6,88,0
6,89,0
6,90,0
6,91,0
6,92,0
6,93,0
6,94,0
6,95,0
6,96,0
6,97,0
6,98,0
6,99,0
7,0,0
7,1,0
7,2,0
7,3,0
7,4,0
7,5,0
7,6,0
7,7,0
7,8,0
7,9,0
7,10,9.3403e-14
7,11,5.71827e-12
7,12,1.56763e-10
7,13,2.54498e-09
7,14,2.72893e-08
7,15,2.0441e-07
7,16,1.10616e-06
7,17,4.43243e-06
7,18,1.34776e-05
7,19,3.20865e-05
7,20,6.22467e-05
7,21,0.000102489
7,22,0.000147558
7,23,0.000189225
7,24,0.000218771
7,25,0.000229443
7,26,0.000218771
7,27,0.000189225
7,28,0.000147558
7,29,0.000102489
7,30,6.22467e-05
7,31,3.20865e-05
7,32,1.34776e-05
7,33,4.43243e-06
7,34,1.10616e-06
7,35,2.0441e-07
7,36,2.72893e-08
7,37,2.54498e-09
7,38,1.56763e-10
7,39,5.71827e-12
7,40,9.3403e-14
7,41,0
7,42,0
7,43,0
7,44,0
7,45,0
7,46,0
7,47,0
7,48,0
7,49,0
7,50,0
7,51,0
7,52,0
7,53,0
7,54,0
7,55,0
7,56,0
7,57,0
7,58,0
7,59,0
7,60,0
7,61,0
7,62,0
7,63,0
7,64,0
7,65,0
7,66,0
7,67,0
7,68,0
7,69,0
7,70,0
7,71,0
7,72,0
7,73,0
7,74,0
7,75,0
7,76,0
7,77,0
7,78,0
7,79,0
7,80,0
7,81,0
7,82,0
7,83,0
7,84,0
7,85,0
7,86,0
7,87,0
7,88,0
7,89,0
7,90,0
7,91,0
7,92,0
7,93,0
7,94,0
7,95,0
7,96,0
7,97,0
7,98,0
7,99,0
8,0,0
8,1,0
8,2,0
8,3,0
8,4,0
8,5,0
8,6,0
8,7,0
8,8,0
8,9,1.05078e-13
8,10,6.86192e-12
8,11,2.01506e-10
8,12,3.52011e-09
8,13,4.08061e-08
8,14,3.31934e-07
8,15,1.95784e-06
8,16,8.56477e-06
8,17,2.83719e-05
8,18,7.30645e-05
8,19,0.000151727
8,20,0.000265306
8,21,0.000405221
8,22,0.000553088
8,23,0.000684593
8,24,0.00077562
8,25,0.000808088
8,26,0.00077562
8,27,0.000684593
8,28,0.000553088
8,29,0.000405221
8,30,0.000265306
8,31,0.000151727
8,32,7.30645e-05
8,33,2.83719e-05
8,34,8.56477e-06
8,35,1.95784e-06
8,36,3.31934e-07
8,37,4.08061e-08
8,38,3.52011e-09
8,39,2.01506e-10
8,40,6.86192e-12
8,41,1.05078e-13
8,42,0
8,43,0
8,44,0
8,45,0
8,46,0
8,47,0
8,48,0
8,49,0
8,50,0
8,51,0
8,52,0
8,53,0
8,54,0
8,55,0
8,56,0
8,57,0
8,58,0
8,59,0
8,60,0
8,61,0
8,62,0
8,63,0
8,64,0
8,65,0
8,66,0
8,67,0
8,68,0
8,69,0
8,70,0
8,71,0
8,72,0
8,73,0
8,74,0
8,75,0
8,76,0
8,77,0
8,78,0
8,79,0
8,80,0
8,81,0
8,82,0
8,83,0
8,84,0
8,85,0
8,86,0
8,87,0
8,88,0
8,89,0
8,90,0
8,91,0
8,92,0
8,93,0
8,94,0
8,95,0
8,96,0
8,97,0
8,98,0
8,99,0
9,0,0
9,1,0
9,2,0
9,3,0
9,4,0
9,5,0
9,6,0
9,7,0
9,8,1.05078e-13
9,9,7.29079e-12
9,10,2.28348e-10
9,11,4.2718e-09
9,12,5.32551e-08
9,13,4.67798e-07
9,14,2.98998e-06
9,15,1.42002e-05
9,16,5.09994e-05
9,17,0.000141494
9,18,0.000313055
9,19,0.000576771
9,20,0.000924127
9,21,0.00132556
9,22,0.00173066
9,23,0.00208075
9,24,0.00231819
9,25,0.00240243
9,26,0.00231819
9,27,0.00208075
9,28,0.00173066
9,29,0.00132556
9,30,0.000924127
9,31,0.000576771
9,32,0.000313055
9,33,0.000141494
9,34,5.09994e-05
9,35,1.42002e-05
9,36,2.98998e-06
9,37,4.67798e-07
9,38,5.32551e-08
9,39,4.2718e-09
9,40,2.28348e-10
9,41,7.29079e-12
9,42,1.05078e-13
9,43,0
9,44,0
9,45,0
9,46,0
9,47,0
9,48,0
9,49,0
9,50,0
9,51,0
9,52,0
9,53,0
9,54,0
9,55,0
9,56,0
9,57,0
9,58,0
9,59,0
9,60,0
9,61,0
9,62,0
9,63,0
9,64,0
9,65,0
9,66,0
9,67,0
9,68,0
9,69,0
9,70,0
9,71,0
9,72,0
9,73,0
9,74,0
9,75,0
9,76,0
9,77,0
9,78,0
9,79,0
9,80,0
9,81,0
9,82,0
9,83,0
9,84,0
9,85,0
9,86,0
9,87,0
9,88,0
9,89,0
9,90,0
9,91,0
9,92,0
9,93,0
9,94,0
9,95,0
9,96,0
9,97,0
9,98,0
9,99,0
10,0,0
10,1,0
10,2,0
10,3,0
10,4,0
10,5,0
10,6,0
10,7,9.3403e-14
10,8,6.86192e-12
10,9,2.28348e-10
10,10,4.55568e-09
10,11,6.08035e-08
10,12,5.74014e-07
10,13,3.95644e-06
10,14,2.03064e-05
10,15,7.87729e-05
10,16,0.000234865
10,17,0.000552483
10,18,0.00106798
10,19,0.00178125
10,20,0.00266143
10,21,0.00363137
10,22,0.00458077
10,23,0.00538482
10,24,0.00592256
10,25,0.00611294
10,26,0.00592256
10,27,0.00538482
10,28,0.00458077
10,29,0.00363137
10,30,0.00266143
10,31,0.00178125
10,32,0.00106798
10,33,0.000552483
10,34,0.000234865
10,35,7.87729e-05
10,36,2.03064e-05
10,37,3.95644e-06
10,38,5.74014e-07
10,39,6.08035e-08
10,40,4.55568e-09
10,41,2.28348e-10
10,42,6.86192e-12
10,43,9.3403e-14
10,44,0
10,45,0
10,46,0
10,47,0
10,48,0
10,49,0
10,50,0
10,51,0
10,52,0
10,53,0
10,54,0
10,55,0
10,56,0
10,57,0
10,58,0
10,59,0
10,60,0
10,61,0
10,62,0
10,63,0
10,64,0
10,65,0
10,66,0
10,67,0
10,68,0
10,69,0
10,70,0
10,71,0
10,72,0
10,73,0
10,74,0
10,75,0
10,76,0
10,77,0
10,78,0
10,79,0
10,80,0
10,81,0
10,82,0
10,83,0
10,84,0
10,85,0
10,86,0
10,87,0
10,88,0
10,89,0
10,90,0
10,91,0
10,92,0
10,93,0
10,94,0
10,95,0
10,96,0
10,97,0
10,98,0
10,99,0
11,0,0
11,1,0
11,2,0
11,3,0
11,4,0
11,5,0
11,6,7.37392e-14
11,7,5.71827e-12
11,8,2.01506e-10
11,9,4.2718e-09
11,10,6.08035e-08
11,11,6.14406e-07
11,12,4.54822e-06
11,13,2.51333e-05
11,14,0.000105012
11,15,0.000336039
11,16,0.000840517
11,17,0.00170359
11,18,0.00294613
11,19,0.0045604
11,20,0.00647448
11,21,0.00852306
11,22,0.0104979
11,23,0.0121442
11,24,0.0132399
11,25,0.0136236
11,26,0.0132399
11,27,0.0121442
11,28,0.0104979
11,29,0.00852306
11,30,0.00647448
11,31,0.0045604
11,32,0.00294613
11,33,0.00170359
11,34,0.000840517
11,35,0.000336039
11,36,0.000105012
11,37,2.51333e-05
11,38,4.54822e-06
11,39,6.14406e-07
11,40,6.08035e-08
11,41,4.2718e-09
11,42,2.01506e-10
11,43,5.71827e-12
11,44,7.37392e-14
11,45,0
11,46,0
11,47,0
11,48,0
11,49,0
11,50,0
11,51,0
11,52,0
11,53,0
11,54,0
11,55,0
11,56,0
11,57,0
11,58,0
11,59,0
11,60,0
11,61,0
11,62,0
11,63,0
11,64,0
11,65,0
11,66,0
11,67,0
11,68,0
11,69,0
11,70,0
11,71,0
11,72,0
11,73,0
11,74,0
11,75,0
11,76,0
11,77,0
11,78,0
11,79,0
11,80,0
11,81,0
11,82,0
11,83,0
11,84,0
11,85,0
11,86,0
11,87,0
11,88,0
11,89,0
11,90,0
11,91,0
11,92,0
11,93,0
11,94,0
11,95,0
11,96,0
11,97,0
11,98,0
11,99,0
12,0,0
12,1,0
12,2,0
12,3,0
12,4,0
12,5,5.16174e-14
12,6,4.21346e-12
12,7,1.56763e-10
12,8,3.52011e-09
12,9,5.32551e-08
12,10,5.74014e-07
12,11,4.54822e-06
12,12,2.69789e-05
12,13,0.000121165
12,14,0.000416004
12,15,0.00110848
12,16,0.00236217
12,17,0.00423731
12,18,0.00678159
12,19,0.0100141
12,20,0.0137569
12,21,0.0177135
12,22,0.0214795
12,23,0.0245786
12,24,0.0266342
12,25,0.0273425
12,26,0.0266342
12,27,0.0245786
12,28,0.0214795
12,29,0.0177135
12,30,0.0137569
12,31,0.0100141
12,32,0.00678159
12,33,0.00423731
12,34,0.00236217
12,35,0.00110848
12,36,0.000416004
12,37,0.000121165
12,38,2.69789e-05
12,39,4.54822e-06
12,40,5.74014e-07
12,41,5.32551e-08
12,42,3.52011e-09
12,43,1.56763e-10
12,44,4.21346e-12
12,45,5.16174e-14
12,46,0
12,47,0
12,48,0
12,49,0
12,50,0
12,51,0
12,52,0
12,53,0
12,54,0
12,55,0
12,56,0
12,57,0
12,58,0
12,59,0
12,60,0
12,61,0
12,62,0
12,63,0
12,64,0
12,65,0
12,66,0
12,67,0
12,68,0
12,69,0
12,70,0
12,71,0
12,72,0
12,73,0
12,74,0
12,75,0
12,76,0
12,77,0
12,78,0
12,79,0
12,80,0
12,81,0
12,82,0
12,83,0
12,84,0
12,85,0
12,86,0
12,87,0
12,88,0
12,89,0
12,90,0
12,91,0
12,92,0
12,93,0
12,94,0
12,95,0
12,96,0
12,97,0
12,98,0
12,99,0
13,0,0
13,1,0
13,2,0
13,3,0
13,4,3.19537e-14
13,5,2.73875e-12
13,6,1.07297e-10
13,7,2.54498e-09
13,8,4.08061e-08
13,9,4.67798e-07
13,10,3.95644e-06
13,11,2.51333e-05
13,12,0.000121165
13,13,0.000446577
13,14,0.00127184
13,15,0.00286605
13,16,0.00535993
13,17,0.00888516
13,18,0.0136744
13,19,0.0196736
13,20,0.026493
13,21,0.0336215
13,22,0.0402466
13,23,0.0456498
13,24,0.0491707
13,25,0.0503916
13,26,0.0491707
13,27,0.0456498
13,28,0.0402466
13,29,0.0336215
13,30,0.026493
13,31,0.0196736
13,32,0.0136744
13,33,0.00888516
13,34,0.00535993
13,35,0.00286605
13,36,0.00127184
13,37,0.000446577
13,38,0.000121165
13,39,2.51333e-05
13,40,3.95644e-06
13,41,4.67798e-07
13,42,4.08061e-08
13,43,2.54498e-09
13,44,1.07297e-10
13,45,2.73875e-12
13,46,3.19537e-14
13,47,0
13,48,0
13,49,0
13,50,0
13,51,0
13,52,0
13,53,0
13,54,0
13,55,0
13,56,0
13,57,0
13,58,0
13,59,0
13,60,0
13,61,0
13,62,0
13,63,0
13,64,0
13,65,0
13,66,0
13,67,0
13,68,0
13,69,0
13,70,0
13,71,0
13,72,0
13,73,0
13,74,0
13,75,0
13,76,0
13,77,0
13,78,0
13,79,0
13,80,0
13,81,0
13,82,0
13,83,0
13,84,0
13,85,0
13,86,0
13,87,0
13,88,0
13,89,0
13,90,0
13,91,0
13,92,0
13,93,0
13,94,0
13,95,0
13,96,0
13,97,0
13,98,0
13,99,0
14,0,0
14,1,0
14,2,0
14,3,1.74293e-14
14,4,1.565e-12
14,5,6.44108e-11
14,6,1.60984e-09
14,7,2.72893e-08
14,8,3.31934e-07
14,9,2.98998e-06
14,10,2.03064e-05
14,11,0.000105012
14,12,0.000416004
14,13,0.00127184
14,14,0.00305543
14,15,0.00601419
14,16,0.0103876
14,17,0.016709
14,18,0.025276
14,19,0.0356513
14,20,0.047232
14,21,0.0589742
14,22,0.0695926
14,23,0.0781234
14,24,0.0835351
14,25,0.0854539
14,26,0.0835351
14,27,0.0781234
14,28,0.0695926
14,29,0.0589742
14,30,0.047232
14,31,0.0356513
14,32,0.025276
14,33,0.016709
14,34,0.0103876
14,35,0.00601419
14,36,0.00305543
14,37,0.00127184
14,38,0.000416004
14,39,0.000105012
14,40,2.03064e-05
14,41,2.98998e-06
14,42,3.31934e-07
14,43,2.72893e-08
14,44,1.60984e-09
14,45,6.44108e-11
14,46,1.565e-12
14,47,1.74293e-14
14,48,0
14,49,0
14,50,0
14,51,0
14,52,0
14,53,0
14,54,0
14,55,0
14,56,0
14,57,0
14,58,0
14,59,0
14,60,0
14,61,0
14,62,0
14,63,0
14,64,0
14,65,0
14,66,0
14,67,0
14,68,0
14,69,0
14,70,0
14,71,0
14,72,0
14,73,0
14,74,0
14,75,0
14,76,0
14,77,0
14,78,0
14,79,0
14,80,0
14,81,0
14,82,0
14,83,0
14,84,0
14,85,0
14,86,0
14,87,0
14,88,0
14,89,0
14,90,0
14,91,0
14,92,0
14,93,0
14,94,0
14,95,0
14,96,0
14,97,0
14,98,0
14,99,0
15,0,0
15,1,0
15,2,8.33574e-15
15,3,7.82499e-13
15,4,3.37618e-11
15,5,8.87289e-10
15,6,1.58691e-08
15,7,2.0441e-07
15,8,1.95784e-06
15,9,1.42002e-05
15,10,7.87729e-05
15,11,0.000336039
15,12,0.00110848
15,13,0.00286605
15,14,0.00601419
15,15,0.0109315
15,16,0.0184314
15,17,0.0293566
15,18,0.0434408
15,19,0.0599262
15,20,0.0778034
15,21,0.0951133
15,22,0.11046
15,23,0.122333
15,24,0.129806
15,25,0.132378
15,26,0.129806
15,27,0.122333
15,28,0.11046
15,29,0.0951133
15,30,0.0778034
15,31,0.0599262
15,32,0.0434408
15,33,0.0293566
15,34,0.0184314
15,35,0.0109315
15,36,0.00601419
15,37,0.00286605
15,38,0.00110848
15,39,0.000336039
15,40,7.87729e-05
15,41,1.42002e-05
15,42,1.95784e-06
15,43,2.0441e-07
15,44,1.58691e-08
15,45,8.87288e-10
15,46,3.37618e-11
15,47,7.82499e-13
15,48,8.33574e-15
15,49,0
15,50,0
15,51,0
15,52,0
15,53,0
15,54,0
15,55,0
15,56,0
15,57,0
15,58,0
15,59,0
15,60,0
15,61,0
15,62,0
15,63,0
15,64,0
15,65,0
15,66,0
15,67,0
15,68,0
15,69,0
15,70,0
15,71,0
15,72,0
15,73,0
15,74,0
15,75,0
15,76,0
15,77,0
15,78,0
15,79,0
15,80,0
15,81,0
15,82,0
15,83,0
15,84,0
15,85,0
15,86,0
15,87,0
15,88,0
15,89,0
15,90,0
15,91,0
15,92,0
15,93,0
15,94,0
15,95,0
15,96,0
15,97,0
15,98,0
15,99,0
16,0,0
16,1,3.47322e-15
16,2,3.40217e-13
16,3,1.53599e-11
16,4,4.23711e-10
16,5,7.98207e-09
16,6,1.08727e-07
16,7,1.10616e-06
16,8,8.56477e-06
16,9,5.09994e-05
16,10,0.000234865
16,11,0.000840517
16,12,0.00236217
16,13,0.00535993
16,14,0.0103876
16,15,0.0184314
16,16,0.03086
16,17,0.0479709
16,18,0.0689469
16,19,0.0929221
16,20,0.117606
16,21,0.140617
16,22,0.160326
16,23,0.174853
16,24,0.18398
16,25,0.186874
16,26,0.18398
16,27,0.174853
16,28,0.160326
16,29,0.140617
16,30,0.117606
16,31,0.0929221
16,32,0.0689469
16,33,0.0479709
16,34,0.03086
16,35,0.0184314
16,36,0.0103876
16,37,0.00535993
16,38,0.00236217
16,39,0.000840517
16,40,0.000234865
16,41,5.09994e-05
16,42,8.56477e-06
16,43,1.10616e-06
16,44,1.08727e-07
16,45,7.98207e-09
16,46,4.23711e-10
16,47,1.53599e-11
16,48,3.40217e-13
16,49,3.47322e-15
16,50,0
16,51,0
16,52,0
16,53,0
16,54,0
16,55,0
16,56,0
16,57,0
16,58,0
16,59,0
16,60,0
16,61,0
16,62,0
16,63,0
16,64,0
16,65,0
16,66,0
16,67,0
16,68,0
16,69,0
16,70,0
16,71,0
16,72,0
16,73,0
16,74,0
16,75,0
16,76,0
16,77,0
16,78,0
16,79,0
16,80,0
16,81,0
16,82,0
16,83,0
16,84,0
16,85,0
16,86,0
16,87,0
16,88,0
16,89,0
16,90,0
16,91,0
16,92,0
16,93,0
16,94,0
16,95,0
16,96,0
16,97,0
16,98,0
16,99,0
17,0,0
17,1,1.27581e-13
17,2,6.01738e-12
17,3,1.7398e-10
17,4,3.44807e-09
17,5,4.96238e-08
17,6,5.3606e-07
17,7,4.43243e-06
17,8,2.83719e-05
17,9,0.000141494
17,10,0.000552483
17,11,0.00170359
17,12,0.00423731
17,13,0.00888516
17,14,0.016709
17,15,0.0293566
17,16,0.0479709
17,17,0.0722043
17,18,0.101235
17,19,0.132915
17,20,0.163654
17,21,0.191234
17,22,0.213167
17,23,0.228776
17,24,0.237996
17,25,0.240942
17,26,0.237996
17,27,0.228776
17,28,0.213167
17,29,0.191234
17,30,0.163654
17,31,0.132915
17,32,0.101235
17,33,0.0722043
17,34,0.0479709
17,35,0.0293566
17,36,0.016709
17,37,0.00888516
17,38,0.00423731
17,39,0.00170359
17,40,0.000552483
17,41,0.000141494
17,42,2.83719e-05
17,43,4.43243e-06
17,44,5.3606e-07
17,45,4.96238e-08
17,46,3.44807e-09
17,47,1.7398e-10
17,48,6.01738e-12
17,49,1.27581e-13
17,50,1.25036e-15
17,51,0
17,52,0
17,53,0
17,54,0
17,55,0
17,56,0
17,57,0
17,58,0
17,59,0
17,60,0
17,61,0
17,62,0
17,63,0
17,64,0
17,65,0
17,66,0
17,67,0
17,68,0
17,69,0
17,70,0
17,71,0
17,72,0
17,73,0
17,74,0
17,75,0
17,76,0
17,77,0
17,78,0
17,79,0
17,80,0
17,81,0
17,82,0
17,83,0
17,84,0
17,85,0
17,86,0
17,87,0
17,88,0
17,89,0
17,90,0
17,91,0
17,92,0
17,93,0
17,94,0
17,95,0
17,96,0
17,97,0
17,98,0
17,99,0
18,0,0
18,1,2.00847e-12
18,2,6.08105e-11
18,3,1.26701e-09
18,4,1.92617e-08
18,5,2.21027e-07
18,6,1.95412e-06
18,7,1.34776e-05
18,8,7.30645e-05
18,9,0.000313055
18,10,0.00106798
18,11,0.00294613
18,12,0.00678159
18,13,0.0136744
18,14,0.025276
18,15,0.0434408
18,16,0.0689469
18,17,0.101235
18,18,0.138331
18,19,0.176147
18,20,0.210916
18,21,0.239644
18,22,0.260439
18,23,0.274168
18,24,0.281308
18,25,0.283746
18,26,0.281308
18,27,0.274168
18,28,0.260439
18,29,0.239644
18,30,0.210916
18,31,0.176147
18,32,0.138331
18,33,0.101235
18,34,0.0689469
18,35,0.0434408
18,36,0.025276
18,37,0.0136744
18,38,0.00678159
18,39,0.00294613
18,40,0.00106798
18,41,0.000313055
18,42,7.30645e-05
18,43,1.34776e-05
18,44,1.95412e-06
18,45,2.21027e-07
18,46,1.92617e-08
18,47,1.26701e-09
18,48,6.08105e-11
18,49,2.00885e-12
18,50,4.08261e-14
18,51,3.84726e-16
18,52,0
18,53,0
18,54,0
18,55,0
18,56,0
18,57,0
18,58,0
18,59,0
18,60,0
18,61,0
18,62,0
18,63,0
18,64,0
18,65,0
18,66,0
18,67,0
18,68,0
18,69,0
18,70,0
18,71,0
18,72,0
18,73,0
18,74,0
18,75,0
18,76,0
18,77,0
18,78,0
18,79,0
18,80,0
18,81,0
18,82,0
18,83,0
18,84,0
18,85,0
18,86,0
18,87,0
18,88,0
18,89,0
18,90,0
18,91,0
18,92,0
18,93,0
18,94,0
18,95,0
18,96,0
18,97,0
18,98,0
18,99,0
19,0,0
19,1,1.78411e-11
19,2,3.91019e-10
19,3,6.28336e-09
19,4,7.67014e-08
19,5,7.26824e-07
19,6,5.42008e-06
19,7,3.20865e-05
19,8,0.000151727
19,9,0.000576771
19,10,0.00178125
19,11,0.0045604
19,12,0.0100141
19,13,0.0196736
19,14,0.0356513
19,15,0.0599262
19,16,0.0929221
19,17,0.132915
19,18,0.176147
19,19,0.217598
19,20,0.252549
19,21,0.2779
19,22,0.293725
19,23,0.301815
19,24,0.30504
19,25,0.305842
19,26,0.30504
19,27,0.301815
19,28,0.293725
19,29,0.2779
19,30,0.252549
19,31,0.217598
19,32,0.176147
19,33,0.132915
19,34,0.0929221
19,35,0.0599262
19,36,0.0356513
19,37,0.0196736
19,38,0.0100141
19,39,0.0045604
19,40,0.00178125
19,41,0.000576771
19,42,0.000151727
19,43,3.20865e-05
19,44,5.42008e-06
19,45,7.26824e-07
19,46,7.67014e-08
19,47,6.28336e-09
19,48,3.91019e-10
19,49,1.78521e-11
19,50,5.63621e-13
19,51,1.09916e-14
19,52,9.97439e-17
19,53,0
19,54,0
19,55,0
19,56,0
19,57,0
19,58,0
19,59,0
19,60,0
19,61,0
19,62,0
19,63,0
19,64,0
19,65,0
19,66,0
19,67,0
19,68,0
19,69,0
19,70,0
19,71,0
19,72,0
19,73,0
19,74,0
19,75,0
19,76,0
19,77,0
19,78,0
19,79,0
19,80,0
19,81,0
19,82,0
19,83,0
19,84,0
19,85,0
19,86,0
19,87,0
19,88,0
19,89,0
19,90,0
19,91,0
19,92,0
19,93,0
19,94,0
19,95,0
19,96,0
19,97,0
19,98,0
19,99,0
20,0,0
20,1,9.94922e-11
20,2,1.69529e-09
20,3,2.20789e-08
20,4,2.25131e-07
20,5,1.82404e-06
20,6,1.18572e-05
20,7,6.22467e-05
20,8,0.000265306
20,9,0.000924127
20,10,0.00266143
20,11,0.00647448
20,12,0.0137569
20,13,0.026493
20,14,0.047232
20,15,0.0778033
20,16,0.117606
20,17,0.163654
20,18,0.210916
20,19,0.252549
20,20,0.283279
20,21,0.301407
20,22,0.30827
20,23,0.308112
20,24,0.305469
20,25,0.304154
20,26,0.305469
20,27,0.308112
20,28,0.30827
20,29,0.301407
20,30,0.283279
20,31,0.252549
20,32,0.210916
20,33,0.163654
20,34,0.117606
20,35,0.0778033
20,36,0.047232
20,37,0.026493
20,38,0.0137569
20,39,0.00647448
20,40,0.00266143
20,41,0.000924127
20,42,0.000265306
20,43,6.22467e-05
20,44,1.18572e-05
20,45,1.82404e-06
20,46,2.25131e-07
20,47,2.20789e-08
20,48,1.69529e-09
20,49,9.96227e-11
20,50,4.32268e-12
20,51,1.30428e-13
20,52,2.44258e-15
20,53,2.13737e-17
20,54,0
20,55,0
20,56,0
20,57,0
20,58,0
20,59,0
20,60,0
20,61,0
20,62,0
20,63,0
20,64,0
20,65,0
20,66,0
20,67,0
20,68,0
20,69,0
20,70,0
20,71,0
20,72,0
20,73,0
20,74,0
20,75,0
20,76,0
20,77,0
20,78,0
20,79,0
20,80,0
20,81,0
20,82,0
20,83,0
20,84,0
20,85,0
20,86,0
20,87,0
20,88,0
20,89,0
20,90,0
20,91,0
20,92,0
20,93,0
20,94,0
20,95,0
20,96,0
20,97,0
20,98,0
20,99,0
21,0,0
21,1,3.69295e-10
21,2,5.1691e-09
21,3,5.70641e-08
21,4,5.0574e-07
21,5,3.63483e-06
21,6,2.13208e-05
21,7,0.000102489
21,8,0.000405221
21,9,0.00132556
21,10,0.00363137
21,11,0.00852306
21,12,0.0177135
21,13,0.0336215
21,14,0.0589742
21,15,0.0951133
21,16,0.140617
21,17,0.191234
21,18,0.239644
21,19,0.2779
21,20,0.301407
21,21,0.309139
21,22,0.304899
21,23,0.294814
21,24,0.285252
21,25,0.281414
21,26,0.285252
21,27,0.294814
21,28,0.304899
21,29,0.309139
21,30,0.301407
21,31,0.2779
21,32,0.239644
21,33,0.191234
21,34,0.140617
21,35,0.0951133
21,36,0.0589742
21,37,0.0336215
21,38,0.0177135
21,39,0.00852306
21,40,0.00363137
21,41,0.00132556
21,42,0.000405221
21,43,0.000102489
21,44,2.13208e-05
21,45,3.63483e-06
21,46,5.0574e-07
21,47,5.70641e-08
21,48,5.16913e-09
21,49,3.70137e-10
21,50,2.04621e-11
21,51,8.41807e-13
21,52,2.42491e-14
21,53,4.36176e-16
21,54,3.68512e-18
21,55,0
21,56,0
21,57,0
21,58,0
21,59,0
21,60,0
21,61,0
21,62,0
21,63,0
21,64,0
21,65,0
21,66,0
21,67,0
21,68,0
21,69,0
21,70,0
21,71,0
21,72,0
21,73,0
21,74,0
21,75,0
21,76,0
21,77,0
21,78,0
21,79,0
21,80,0
21,81,0
21,82,0
21,83,0
21,84,0
21,85,0
21,86,0
21,87,0
21,88,0
21,89,0
21,90,0
21,91,0
21,92,0
21,93,0
21,94,0
21,95,0
21,96,0
21,97,0
21,98,0
21,99,0
22,0,0
22,1,9.54459e-10
22,2,1.1555e-08
22,3,1.13092e-07
22,4,9.0661e-07
22,5,5.98705e-06
22,6,3.26686e-05
22,7,0.000147558
22,8,0.000553088
22,9,0.00173066
22,10,0.00458077
22,11,0.0104979
22,12,0.0214795
22,13,0.0402466
22,14,0.0695926
22,15,0.11046
22,16,0.160326
22,17,0.213167
22,18,0.260439
22,19,0.293725
22,20,0.30827
22,21,0.304899
22,22,0.28917
22,23,0.268818
22,24,0.251869
22,25,0.244774
22,26,0.251869
22,27,0.268818
22,28,0.28917
22,29,0.304899
22,30,0.30827
22,31,0.293725
22,32,0.260439
22,33,0.213167
22,34,0.160326
22,35,0.11046
22,36,0.0695926
22,37,0.0402466
22,38,0.0214795
22,39,0.0104979
22,40,0.00458077
22,41,0.00173066
22,42,0.000553088
22,43,0.000147558
22,44,3.26686e-05
22,45,5.98705e-06
22,46,9.0661e-07
22,47,1.13092e-07
22,48,1.15551e-08
22,49,9.57734e-10
22,50,6.341e-11
22,51,3.27471e-12
22,52,1.2709e-13
22,53,3.48501e-15
22,54,6.01622e-17
22,55,4.91349e-19
22,56,0
22,57,0
22,58,0
22,59,0
22,60,0
22,61,0
22,62,0
22,63,0
22,64,0
22,65,0
22,66,0
22,67,0
22,68,0
22,69,0
22,70,0
22,71,0
22,72,0
22,73,0
22,74,0
22,75,0
22,76,0
22,77,0
22,78,0
22,79,0
22,80,0
22,81,0
22,82,0
22,83,0
22,84,0
22,85,0
22,86,0
22,87,0
22,88,0
22,89,0
22,90,0
22,91,0
22,92,0
22,93,0
22,94,0
22,95,0
22,96,0
22,97,0
22,98,0
22,99,0
23,0,0
23,1,1.79846e-09
23,2,1.97949e-08
23,3,1.79117e-07
23,4,1.34488e-06
23,5,8.39912e-06
23,6,4.36741e-05
23,7,0.000189225
23,8,0.000684593
23,9,0.00208075
23,10,0.00538482
23,11,0.0121442
23,12,0.0245786
23,13,0.0456498
23,14,0.0781234
23,15,0.122333
23,16,0.174853
23,17,0.228776
23,18,0.274169
23,19,0.301815
23,20,0.308112
23,21,0.294814
23,22,0.268818
23,23,0.238862
23,24,0.21312
23,25,0.200753
23,26,0.21312
23,27,0.238862
23,28,0.268818
23,29,0.294814
23,30,0.308112
23,31,0.301815
23,32,0.274168
23,33,0.228776
23,34,0.174853
23,35,0.122333
23,36,0.0781234
23,37,0.0456498
23,38,0.0245786
23,39,0.0121442
23,40,0.00538483
23,41,0.00208075
23,42,0.000684593
23,43,0.000189225
23,44,4.36741e-05
23,45,8.39912e-06
23,46,1.34488e-06
23,47,1.79117e-07
23,48,1.97953e-08
23,49,1.8066e-09
23,50,1.34997e-10
23,51,8.14367e-12
23,52,3.87718e-13
23,53,1.40465e-14
23,54,3.64152e-16
23,55,6.01622e-18
23,56,4.75499e-20
23,57,0
23,58,0
23,59,0
23,60,0
23,61,0
23,62,0
23,63,0
23,64,0
23,65,0
23,66,0
23,67,0
23,68,0
23,69,0
23,70,0
23,71,0
23,72,0
23,73,0
23,74,0
23,75,0
23,76,0
23,77,0
23,78,0
23,79,0
23,80,0
23,81,0
23,82,0
23,83,0
23,84,0
23,85,0
23,86,0
23,87,0
23,88,0
23,89,0
23,90,0
23,91,0
23,92,0
23,93,0
23,94,0
23,95,0
23,96,0
23,97,0
23,98,0
23,99,0
24,0,0
24,1,2.58246e-09
24,2,2.69727e-08
24,3,2.33554e-07
24,4,1.68947e-06
24,5,1.022e-05
24,6,5.17029e-05
24,7,0.000218771
24,8,0.00077562
24,9,0.00231819
24,10,0.00592256
24,11,0.0132399
24,12,0.0266342
24,13,0.0491707
24,14,0.0835351
24,15,0.129806
24,16,0.18398
24,17,0.237996
24,18,0.281308
24,19,0.30504
24,20,0.305469
24,21,0.285252
24,22,0.251869
24,23,0.21312
24,24,0.175651
24,25,0.148449
24,26,0.175651
24,27,0.21312
24,28,0.251869
24,29,0.285252
24,30,0.305469
24,31,0.30504
24,32,0.281308
24,33,0.237996
24,34,0.18398
24,35,0.129806
24,36,0.0835351
24,37,0.0491707
24,38,0.0266342
24,39,0.0132399
24,40,0.00592256
24,41,0.00231819
24,42,0.00077562
24,43,0.000218771
24,44,5.17029e-05
24,45,1.022e-05
24,46,1.68947e-06
24,47,2.33554e-07
24,48,2.69734e-08
24,49,2.59609e-09
24,50,2.07286e-10
24,51,1.36293e-11
24,52,7.29285e-13
24,53,3.11532e-14
24,54,1.02847e-15
24,55,2.4765e-17
24,56,3.88143e-19
24,57,2.97187e-21
24,58,0
24,59,0
24,60,0
24,61,0
24,62,0
24,63,0
24,64,0
24,65,0
24,66,0
24,67,0
24,68,0
24,69,0
24,70,0
24,71,0
24,72,0
24,73,0
24,74,0
24,75,0
24,76,0
24,77,0
24,78,0
24,79,0
24,80,0
24,81,0
24,82,0
24,83,0
24,84,0
24,85,0
24,86,0
24,87,0
24,88,0
24,89,0
24,90,0
24,91,0
24,92,0
24,93,0
24,94,0
24,95,0
24,96,0
24,97,0
24,98,0
24,99,0
25,0,0
25,1,2.90577e-09
25,2,2.9836e-08
25,3,2.54685e-07
25,4,1.82042e-06
25,5,1.08998e-05
25,6,5.46505e-05
25,7,0.000229443
25,8,0.000808088
25,9,0.00240243
25,10,0.00611294
25,11,0.0136236
25,12,0.0273425
25,13,0.0503916
25,14,0.0854539
25,15,0.132378
25,16,0.186874
25,17,0.240942
25,18,0.283746
25,19,0.305842
25,20,0.304154
25,21,0.281414
25,22,0.244774
25,23,0.200753
25,24,0.148449
25,25,0.0657285
25,26,0.148449
25,27,0.200753
25,28,0.244774
25,29,0.281414
25,30,0.304154
25,31,0.305842
25,32,0.283746
25,33,0.240942
25,34,0.186874
25,35,0.132378
25,36,0.0854539
25,37,0.0503916
25,38,0.0273425
25,39,0.0136236
25,40,0.00611294
25,41,0.00240243
25,42,0.000808088
25,43,0.000229443
25,44,5.46505e-05
25,45,1.08998e-05
25,46,1.82042e-06
25,47,2.54685e-07
25,48,2.98369e-08
25,49,2.92186e-09
25,50,2.38296e-10
25,51,1.60882e-11
25,52,8.91353e-13
25,53,4.00557e-14
25,54,1.43755e-15
25,55,4.02857e-17
25,56,8.46325e-19
25,57,1.21295e-20
25,58,9.00567e-23
25,59,0
25,60,0
25,61,0
25,62,0
25,63,0
25,64,0
25,65,0
25,66,0
25,67,0
25,68,0
25,69,0
25,70,0
25,71,0
25,72,0
25,73,0
25,74,0
25,75,0
25,76,0
25,77,0
25,78,0
25,79,0
25,80,0
25,81,0
25,82,0
25,83,0
25,84,0
25,85,0
25,86,0
25,87,0
25,88,0
25,89,0
25,90,0
25,91,0
25,92,0
25,93,0
25,94,0
25,95,0
25,96,0
25,97,0
25,98,0
25,99,0
26,0,0
26,1,2.58246e-09
26,2,2.69727e-08
26,3,2.33554e-07
26,4,1.68947e-06
26,5,1.022e-05
26,6,5.17029e-05
26,7,0.000218771
26,8,0.00077562
26,9,0.00231819
26,10,0.00592256
26,11,0.0132399
26,12,0.0266342
26,13,0.0491707
26,14,0.0835351
26,15,0.129806
26,16,0.18398
26,17,0.237996
26,18,0.281308
26,19,0.30504
26,20,0.305469
26,21,0.285252
26,22,0.251869
26,23,0.21312
26,24,0.175651
26,25,0.148449
26,26,0.175651
26,27,0.21312
26,28,0.251869
26,29,0.285252
26,30,0.305469
26,31,0.30504
26,32,0.281308
26,33,0.237996
26,34,0.18398
26,35,0.129806
26,36,0.0835351
26,37,0.0491707
26,38,0.0266342
26,39,0.0132399
26,40,0.00592256
26,41,0.00231819
26,42,0.00077562
26,43,0.000218771
26,44,5.17029e-05
26,45,1.022e-05
26,46,1.68947e-06
26,47,2.33554e-07
26,48,2.69734e-08
26,49,2.59609e-09
26,50,2.07286e-10
26,51,1.36293e-11
26,52,7.29285e-13
26,53,3.11532e-14
26,54,1.02847e-15
26,55,2.4765e-17
26,56,3.88143e-19
26,57,2.97187e-21
26,58,0
26,59,0
26,60,0
26,61,0
26,62,0
26,63,0
26,64,0
26,65,0
26,66,0
26,67,0
26,68,0
26,69,0
26,70,0
26,71,0
26,72,0
26,73,0
26,74,0
26,75,0
26,76,0
26,77,0
26,78,0
26,79,0
26,80,0
26,81,0
26,82,0
26,83,0
26,84,0
26,85,0
26,86,0
26,87,0
26,88,0
26,89,0
26,90,0
26,91,0
26,92,0
26,93,0
26,94,0
26,95,0
26,96,0
26,97,0
26,98,0
26,99,0
27,0,0
27,1,1.79846e-09
27,2,1.97949e-08
27,3,1.79117e-07
27,4,1.34488e-06
27,5,8.39912e-06
27,6,4.36741e-05
27,7,0.000189225
27,8,0.000684593
27,9,0.00208075
27,10,0.00538482
27,11,0.0121442
27,12,0.0245786
27,13,0.0456498
27,14,0.0781234
27,15,0.122333
27,16,0.174853
27,17,0.228776
27,18,0.274169
27,19,0.301815
27,20,0.308112
27,21,0.294814
27,22,0.268818
27,23,0.238862
27,24,0.21312
27,25,0.200753
27,26,0.21312
27,27,0.238862
27,28,0.268818
27,29,0.294814
27,30,0.308112
27,31,0.301815
27,32,0.274168
27,33,0.228776
27,34,0.174853
27,35,0.122333
27,36,0.0781234
27,37,0.0456498
27,38,0.0245786
27,39,0.0121442
27,40,0.00538483
27,41,0.00208075
27,42,0.000684593
27,43,0.000189225
27,44,4.36741e-05
27,45,8.39912e-06
27,46,1.34488e-06
27,47,1.79117e-07
27,48,1.97953e-08
27,49,1.8066e-09
27,50,1.34997e-10
27,51,8.14367e-12
27,52,3.87718e-13
27,53,1.40465e-14
27,54,3.64152e-16
27,55,6.01622e-18
27,56,4.75499e-20
27,57,0
27,58,0
27,59,0
27,60,0
27,61,0
27,62,0
27,63,0
27,64,0
27,65,0
27,66,0
27,67,0
27,68,0
27,69,0
27,70,0
27,71,0
27,72,0
27,73,0
27,74,0
27,75,0
27,76,0
27,77,0
27,78,0
27,79,0
27,80,0
27,81,0
27,82,0
27,83,0
27,84,0
27,85,0
27,86,0
27,87,0
27,88,0
27,89,0
27,90,0
27,91,0
27,92,0
27,93,0
27,94,0
27,95,0
27,96,0
27,97,0
27,98,0
27,99,0
28,0,0
28,1,9.54459e-10
28,2,1.1555e-08
28,3,1.13092e-07
28,4,9.0661e-07
28,5,5.98705e-06
28,6,3.26686e-05
28,7,0.000147558
28,8,0.000553088
28,9,0.00173066
28,10,0.00458077
28,11,0.0104979
28,12,0.0214795
28,13,0.0402466
28,14,0.0695926
28,15,0.11046
28,16,0.160326
28,17,0.213167
28,18,0.260439
28,19,0.293725
28,20,0.30827
28,21,0.304899
28,22,0.28917
28,23,0.268818
28,24,0.251869
28,25,0.244774
28,26,0.251869
28,27,0.268818
28,28,0.28917
28,29,0.304899
28,30,0.30827
28,31,0.293725
28,32,0.260439
28,33,0.213167
28,34,0.160326
28,35,0.11046
28,36,0.0695926
28,37,0.0402466
28,38,0.0214795
28,39,0.0104979
28,40,0.00458077
28,41,0.00173066
28,42,0.000553088
28,43,0.000147558
28,44,3.26686e-05
28,45,5.98705e-06
28,46,9.0661e-07
28,47,1.13092e-07
28,48,1.15551e-08
28,49,9.57734e-10
28,50,6.341e-11
28,51,3.27471e-12
28,52,1.2709e-13
28,53,3.48501e-15
28,54,6.01622e-17
28,55,4.91349e-19
28,56,0
28,57,0
28,58,0
28,59,0
28,60,0
28,61,0
28,62,0
28,63,0
28,64,0
28,65,0
28,66,0
28,67,0
28,68,0
28,69,0
28,70,0
28,71,0
28,72,0
28,73,0
28,74,0
28,75,0
28,76,0
28,77,0
28,78,0
28,79,0
28,80,0
28,81,0
28,82,0
28,83,0
28,84,0
28,85,0
28,86,0
28,87,0
28,88,0
28,89,0
28,90,0
28,91,0
28,92,0
28,93,0
28,94,0
28,95,0
28,96,0
28,97,0
28,98,0
28,99,0
29,0,0
29,1,3.69295e-10
29,2,5.1691e-09
29,3,5.70641e-08
29,4,5.0574e-07
29,5,3.63483e-06
29,6,2.13208e-05
29,7,0.000102489
29,8,0.000405221
29,9,0.00132556
29,10,0.00363137
29,11,0.00852306
29,12,0.0177135
29,13,0.0336215
29,14,0.0589742
29,15,0.0951133
29,16,0.140617
29,17,0.191234
29,18,0.239644
29,19,0.2779
29,20,0.301407
29,21,0.309139
29,22,0.304899
29,23,0.294814
29,24,0.285252
29,25,0.281414
29,26,0.285252
29,27,0.294814
29,28,0.304899
29,29,0.309139
29,30,0.301407
29,31,0.2779
29,32,0.239644
29,33,0.191234
29,34,0.140617
29,35,0.0951133
29,36,0.0589742
29,37,0.0336215
29,38,0.0177135
29,39,0.00852306
29,40,0.00363137
29,41,0.00132556
29,42,0.000405221
29,43,0.000102489
29,44,2.13208e-05
29,45,3.63483e-06
29,46,5.0574e-07
29,47,5.70641e-08
29,48,5.16913e-09
29,49,3.70137e-10
29,50,2.04621e-11
29,51,8.41807e-13
29,52,2.42491e-14
29,53,4.36176e-16
29,54,3.68512e-18
29,55,0
29,56,0
29,57,0
29,58,0
29,59,0
29,60,0
29,61,0
29,62,0
29,63,0
29,64,0
29,65,0
29,66,0
29,67,0
29,68,0
29,69,0
29,70,0
29,71,0
29,72,0
29,73,0
29,74,0
29,75,0
29,76,0
29,77,0
29,78,0
29,79,0
29,80,0
29,81,0
29,82,0
29,83,0
29,84,0
29,85,0
29,86,0
29,87,0
29,88,0
29,89,0
29,90,0
29,91,0
29,92,0
29,93,0
29,94,0
29,95,0
29,96,0
29,97,0
29,98,0
29,99,0
30,0,0
30,1,9.94922e-11
30,2,1.69529e-09
30,3,2.20789e-08
30,4,2.25131e-07
30,5,1.82404e-06
30,6,1.18572e-05
30,7,6.22467e-05
30,8,0.000265306
30,9,0.000924127
30,10,0.00266143
30,11,0.00647448
30,12,0.0137569
30,13,0.026493
30,14,0.047232
30,15,0.0778033
30,16,0.117606
30,17,0.163654
30,18,0.210916
30,19,0.252549
30,20,0.283279
30,21,0.301407
30,22,0.30827
30,23,0.308112
30,24,0.305469
30,25,0.304154
30,26,0.305469
30,27,0.308112
30,28,0.30827
30,29,0.301407
30,30,0.283279
30,31,0.252549
30,32,0.210916
30,33,0.163654
30,34,0.117606
30,35,0.0778033
30,36,0.047232
30,37,0.026493
30,38,0.0137569
30,39,0.00647448
30,40,0.00266143
30,41,0.000924127
30,42,0.000265306
30,43,6.22467e-05
30,44,1.18572e-05
30,45,1.82404e-06
30,46,2.25131e-07
30,47,2.20789e-08
30,48,1.69529e-09
30,49,9.96227e-11
30,50,4.32268e-12
30,51,1.30428e-13
30,52,2.44258e-15
30,53,2.13737e-17
30,54,0
30,55,0
30,56,0
30,57,0
30,58,0
30,59,0
30,60,0
30,61,0
30,62,0
30,63,0
30,64,0
30,65,0
30,66,0
30,67,0
30,68,0
30,69,0
30,70,0
30,71,0
30,72,0
30,73,0
30,74,0
30,75,0
30,76,0
30,77,0
30,78,0
30,79,0
30,80,0
30,81,0
30,82,0
30,83,0
30,84,0
30,85,0
30,86,0
30,87,0
30,88,0
30,89,0
30,90,0
30,91,0
30,92,0
30,93,0
30,94,0
30,95,0
30,96,0
30,97,0
30,98,0
30,99,0
31,0,0
31,1,1.78411e-11
31,2,3.91019e-10
31,3,6.28336e-09
31,4,7.67014e-08
31,5,7.26824e-07
31,6,5.42008e-06
31,7,3.20865e-05
31,8,0.000151727
31,9,0.000576771
31,10,0.00178125
31,11,0.0045604
31,12,0.0100141
31,13,0.0196736
31,14,0.0356513
31,15,0.0599262
31,16,0.0929221
31,17,0.132915
31,18,0.176147
31,19,0.217598
31,20,0.252549
31,21,0.2779
31,22,0.293725
31,23,0.301815
31,24,0.30504
31,25,0.305842
31,26,0.30504
31,27,0.301815
31,28,0.293725
31,29,0.2779
31,30,0.252549
31,31,0.217598
31,32,0.176147
31,33,0.132915
31,34,0.0929221
31,35,0.0599262
31,36,0.0356513
31,37,0.0196736
31,38,0.0100141
31,39,0.0045604
31,40,0.00178125
31,41,0.000576771
31,42,0.000151727
31,43,3.20865e-05
31,44,5.42008e-06
31,45,7.26824e-07
31,46,7.67014e-08
31,47,6.28336e-09
31,48,3.91019e-10
31,49,1.78521e-11
31,50,5.63621e-13
31,51,1.09916e-14
31,52,9.97439e-17
31,53,0
31,54,0
31,55,0
31,56,0
31,57,0
31,58,0
31,59,0
31,60,0
31,61,0
31,62,0
31,63,0
31,64,0
31,65,0
31,66,0
31,67,0
31,68,0
31,69,0
31,70,0
31,71,0
31,72,0
31,73,0
31,74,0
31,75,0
31,76,0
31,77,0
31,78,0
31,79,0
31,80,0
31,81,0
31,82,0
31,83,0
31,84,0
31,85,0
31,86,0
31,87,0
31,88,0
31,89,0
31,90,0
31,91,0
31,92,0
31,93,0
31,94,0
31,95,0
31,96,0
31,97,0
31,98,0
31,99,0
32,0,0
32,1,2.00847e-12
32,2,6.08105e-11
32,3,1.26701e-09
32,4,1.92617e-08
32,5,2.21027e-07
32,6,1.95412e-06
32,7,1.34776e-05
32,8,7.30645e-05
32,9,0.000313055
32,10,0.00106798
32,11,0.00294613
32,12,0.00678159
32,13,0.0136744
32,14,0.025276
32,15,0.0434408
32,16,0.0689469
32,17,0.101235
32,18,0.138331
32,19,0.176147
32,20,0.210916
32,21,0.239644
32,22,0.260439
32,23,0.274168
32,24,0.281308
32,25,0.283746
32,26,0.281308
32,27,0.274168
32,28,0.260439
32,29,0.239644
32,30,0.210916
32,31,0.176147
32,32,0.138331
32,33,0.101235
32,34,0.0689469
32,35,0.0434408
32,36,0.025276
32,37,0.0136744
32,38,0.00678159
32,39,0.00294613
32,40,0.00106798
32,41,0.000313055
32,42,7.30645e-05
32,43,1.34776e-05
32,44,1.95412e-06
32,45,2.21027e-07
32,46,1.92617e-08
32,47,1.26701e-09
32,48,6.08105e-11
32,49,2.00885e-12
32,50,4.08261e-14
32,51,3.84726e-16
32,52,0
32,53,0
32,54,0
32,55,0
32,56,0
32,57,0
32,58,0
32,59,0
32,60,0
32,61,0
32,62,0
32,63,0
32,64,0
32,65,0
32,66,0
32,67,0
32,68,0
32,69,0
32,70,0
32,71,0
32,72,0
32,73,0
32,74,0
32,75,0
32,76,0
32,77,0
32,78,0
32,79,0
32,80,0
32,81,0
32,82,0
32,83,0
32,84,0
32,85,0
32,86,0
32,87,0
32,88,0
32,89,0
32,90,0
32,91,0
32,92,0
32,93,0
32,94,0
32,95,0
32,96,0
32,97,0
32,98,0
32,99,0
33,0,0
33,1,1.27581e-13
33,2,6.01738e-12
33,3,1.7398e-10
33,4,3.44807e-09
33,5,4.96238e-08
33,6,5.3606e-07
33,7,4.43243e-06
33,8,2.83719e-05
33,9,0.000141494
33,10,0.000552483
33,11,0.00170359
33,12,0.00423731
33,13,0.00888516
33,14,0.016709
33,15,0.0293566
33,16,0.0479709
33,17,0.0722043
33,18,0.101235
33,19,0.132915
33,20,0.163654
33,21,0.191234
33,22,0.213167
33,23,0.228776
33,24,0.237996
33,25,0.240942
33,26,0.237996
33,27,0.228776
33,28,0.213167
33,29,0.191234
33,30,0.163654
33,31,0.132915
33,32,0.101235
33,33,0.0722043
33,34,0.0479709
33,35,0.0293566
33,36,0.016709
33,37,0.00888516
33,38,0.00423731
33,39,0.00170359
33,40,0.000552483
33,41,0.000141494
33,42,2.83719e-05
33,43,4.43243e-06
33,44,5.3606e-07
33,45,4.96238e-08
33,46,3.44807e-09
33,47,1.7398e-10
33,48,6.01738e-12
33,49,1.27581e-13
33,50,1.25036e-15
33,51,0
33,52,0
33,53,0
33,54,0
33,55,0
33,56,0
33,57,0
33,58,0
33,59,0
33,60,0
33,61,0
33,62,0
33,63,0
33,64,0
33,65,0
33,66,0
33,67,0
33,68,0
33,69,0
33,70,0
33,71,0
33,72,0
33,73,0
33,74,0
33,75,0
33,76,0
33,77,0
33,78,0
33,79,0
33,80,0
33,81,0
33,82,0
33,83,0
33,84,0
33,85,0
33,86,0
33,87,0
33,88,0
33,89,0
33,90,0
33,91,0
33,92,0
33,93,0
33,94,0
33,95,0
33,96,0
33,97,0
33,98,0
33,99,0
34,0,0
34,1,3.47322e-15
34,2,3.40217e-13
34,3,1.53599e-11
34,4,4.23711e-10
34,5,7.98207e-09
34,6,1.08727e-07
34,7,1.10616e-06
34,8,8.56477e-06
34,9,5.09994e-05
34,10,0.000234865
34,11,0.000840517
34,12,0.00236217
34,13,0.00535993
34,14,0.0103876
34,15,0.0184314
34,16,0.03086
34,17,0.0479709
34,18,0.0689469
34,19,0.0929221
34,20,0.117606
34,21,0.140617
34,22,0.160326
34,23,0.174853
34,24,0.18398
34,25,0.186874
34,26,0.18398
34,27,0.174853
34,28,0.160326
34,29,0.140617
34,30,0.117606
34,31,0.0929221
34,32,0.0689469
34,33,0.0479709
34,34,0.03086
34,35,0.0184314
34,36,0.0103876
34,37,0.00535993
34,38,0.00236217
34,39,0.000840517
34,40,0.000234865
34,41,5.09994e-05
34,42,8.56477e-06
34,43,1.10616e-06
34,44,1.08727e-07
34,45,7.98207e-09
34,46,4.23711e-10
34,47,1.53599e-11
34,48,3.40217e-13
34,49,3.47322e-15
34,50,0
34,51,0
34,52,0
34,53,0
34,54,0
34,55,0
34,56,0
34,57,0
34,58,0
34,59,0
34,60,0
34,61,0
34,62,0
34,63,0
34,64,0
34,65,0
34,66,0
34,67,0
34,68,0
34,69,0
34,70,0
34,71,0
34,72,0
34,73,0
34,74,0
34,75,0
34,76,0
34,77,0
34,78,0
34,79,0
34,80,0
34,81,0
34,82,0
34,83,0
34,84,0
34,85,0
34,86,0
34,87,0
34,88,0
34,89,0
34,90,0
34,91,0
34,92,0
34,93,0
34,94,0
34,95,0
34,96,0
34,97,0
34,98,0
34,99,0
35,0,0
35,1,0
35,2,8.33574e-15
35,3,7.82499e-13
35,4,3.37618e-11
35,5,8.87289e-10
35,6,1.58691e-08
35,7,2.0441e-07
