0,0,0
0,1,0
0,2,0
0,3,0
0,4,0
0,5,0
0,6,0
0,7,0
0,8,0
0,9,0
0,10,0
0,11,0
0,12,0
0,13,0
0,14,0
0,15,0
0,16,0
0,17,0
0,18,0
0,19,0
0,20,0
0,21,0
0,22,0
0,23,0
0,24,0
0,25,0
0,26,0
0,27,0
0,28,0
0,29,0
0,30,0
0,31,0
0,32,0
0,33,0
0,34,0
0,35,0
0,36,0
0,37,0
0,38,0
0,39,0
0,40,0
0,41,0
0,42,0
0,43,0
0,44,0
0,45,0
0,46,0
0,47,0
0,48,0
0,49,0
0,50,0
0,51,0
0,52,0
0,53,0
0,54,0
0,55,0
0,56,0
0,57,0
0,58,0
0,59,0
0,60,0
0,61,0
0,62,0
0,63,0
0,64,0
0,65,0
0,66,0
0,67,0
0,68,0
0,69,0
0,70,0
0,71,0
0,72,0
0,73,0
0,74,0
0,75,0
0,76,0
0,77,0
0,78,0
0,79,0
0,80,0
0,81,0
0,82,0
0,83,0
0,84,0
0,85,0
0,86,0
0,87,0
0,88,0
0,89,0
0,90,0
0,91,0
0,92,0
0,93,0
0,94,0
0,95,0
0,96,0
0,97,0
0,98,0
0,99,0
1,0,0
1,1,2.70466e-18
1,2,2.63282e-16
1,3,1.19218e-14
1,4,3.33547e-13
1,5,6.46002e-12
1,6,9.19815e-11
1,7,9.98374e-10
1,8,8.45701e-09
1,9,5.68145e-08
1,10,3.06293e-07
1,11,1.33806e-06
1,12,4.78264e-06
1,13,1.41504e-05
1,14,3.51922e-05
1,15,7.50399e-05
1,16,0.000140321
1,17,0.000235194
1,18,0.000359759
1,19,0.000509138
1,20,0.000673605
1,21,0.000839563
1,22,0.000991318
1,23,0.00111332
1,24,0.00119239
1,25,0.00121978
1,26,0.00119239
1,27,0.00111332
1,28,0.000991318
1,29,0.000839563
1,30,0.000673605
1,31,0.000509138
1,32,0.000359759
1,33,0.000235194
1,34,0.000140321
1,35,7.50399e-05
1,36,3.51922e-05
1,37,1.41504e-05
1,38,4.78264e-06
1,39,1.33806e-06
1,40,3.06293e-07
1,41,5.68145e-08
1,42,8.45701e-09
1,43,9.98374e-10
1,44,9.19815e-11
1,45,6.46002e-12
1,46,3.33547e-13
1,47,1.19218e-14
1,48,2.63282e-16
1,49,2.70466e-18
1,50,0
1,51,0
1,52,0
1,53,0
1,54,0
1,55,0
1,56,0
1,57,0
1,58,0
1,59,0
1,60,0
1,61,0
1,62,0
1,63,0
1,64,0
1,65,0
1,66,0
1,67,0
1,68,0
1,69,0
1,70,0
1,71,0
1,72,0
1,73,0
1,74,0
1,75,0
1,76,0
1,77,0
1,78,0
1,79,0
1,80,0
1,81,0
1,82,0
1,83,0
1,84,0
1,85,0
1,86,0
1,87,0
1,88,0
1,89,0
1,90,0
1,91,0
1,92,0
1,93,0
1,94,0
1,95,0
1,96,0
1,97,0
1,98,0
1,99,0
2,0,0
2,1,2.63282e-16
2,2,1.24423e-14
2,3,3.64048e-13
2,4,7.38943e-12
2,5,1.10516e-10
2,6,1.26289e-09
2,7,1.12881e-08
2,8,8.01866e-08
2,9,4.5789e-07
2,10,2.12076e-06
2,11,8.03446e-06
2,12,2.51438e-05
2,13,6.58666e-05
2,14,0.000147057
2,15,0.000286122
2,16,0.000496546
2,17,0.000784237
2,18,0.00114461
2,19,0.00156151
2,20,0.00200812
2,21,0.0024495
2,22,0.00284698
2,23,0.00316304
2,24,0.00336649
2,25,0.00343671
2,26,0.00336649
2,27,0.00316304
2,28,0.00284698
2,29,0.0024495
2,30,0.00200812
2,31,0.00156151
2,32,0.00114461
2,33,0.000784237
2,34,0.000496547
2,35,0.000286122
2,36,0.000147057
2,37,6.58666e-05
2,38,2.51438e-05
2,39,8.03446e-06
2,40,2.12076e-06
2,41,4.5789e-07
2,42,8.01867e-08
2,43,1.12881e-08
2,44,1.26289e-09
2,45,1.10516e-10
2,46,7.38943e-12
2,47,3.64048e-13
2,48,1.24423e-14
2,49,2.63282e-16
2,50,2.59648e-18
2,51,0
2,52,0
2,53,0
2,54,0
2,55,0
2,56,0
2,57,0
2,58,0
2,59,0
2,60,0
2,61,0
2,62,0
2,63,0
2,64,0
2,65,0
2,66,0
2,67,0
2,68,0
2,69,0
2,70,0
2,71,0
2,72,0
2,73,0
2,74,0
2,75,0
2,76,0
2,77,0
2,78,0
2,79,0
2,80,0
2,81,0
2,82,0
2,83,0
2,84,0
2,85,0
2,86,0
2,87,0
2,88,0
2,89,0
2,90,0
2,91,0
2,92,0
2,93,0
2,94,0
2,95,0
2,96,0
2,97,0
2,98,0
2,99,0
3,0,0
3,1,1.19218e-14
3,2,3.64048e-13
3,3,7.72423e-12
3,4,1.20977e-10
3,5,1.4503e-09
3,6,1.36231e-08
3,7,1.01852e-07
3,8,6.12773e-07
3,9,2.99102e-06
3,10,1.19303e-05
3,11,3.92015e-05
3,12,0.000107293
3,13,0.000248565
3,14,0.000498122
3,15,0.000885264
3,16,0.00142782
3,17,0.00212708
3,18,0.00296385
3,19,0.00389846
3,20,0.00487268
3,21,0.00581545
3,22,0.00665105
3,23,0.00730783
3,24,0.00772752
3,25,0.00787178
3,26,0.00772751
3,27,0.00730783
3,28,0.00665105
3,29,0.00581545
3,30,0.00487268
3,31,0.00389846
3,32,0.00296385
3,33,0.00212708
3,34,0.00142782
3,35,0.000885264
3,36,0.000498121
3,37,0.000248565
3,38,0.000107293
3,39,3.92015e-05
3,40,1.19303e-05
3,41,2.99102e-06
3,42,6.12773e-07
3,43,1.01852e-07
3,44,1.36231e-08
3,45,1.4503e-09
3,46,1.20977e-10
3,47,7.72423e-12
3,48,3.64048e-13
3,49,1.19241e-14
3,50,2.42219e-16
3,51,2.29688e-18
3,52,0
3,53,0
3,54,0
3,55,0
3,56,0
3,57,0
3,58,0
3,59,0
3,60,0
3,61,0
3,62,0
3,63,0
3,64,0
3,65,0
3,66,0
3,67,0
3,68,0
3,69,0
3,70,0
3,71,0
3,72,0
3,73,0
3,74,0
3,75,0
3,76,0
3,77,0
3,78,0
3,79,0
3,80,0
3,81,0
3,82,0
3,83,0
3,84,0
3,85,0
3,86,0
3,87,0
3,88,0
3,89,0
3,90,0
3,91,0
3,92,0
3,93,0
3,94,0
3,95,0
3,96,0
3,97,0
3,98,0
3,99,0
4,0,0
4,1,3.33547e-13
4,2,7.38943e-12
4,3,1.20977e-10
4,4,1.51866e-09
4,5,1.49628e-08
4,6,1.17518e-07
4,7,7.43582e-07
4,8,3.81911e-06
4,9,1.60196e-05
4,10,5.52299e-05
4,11,0.000157893
4,12,0.000379472
4,13,0.000782478
4,14,0.00142079
4,15,0.00233248
4,16,0.00353467
4,17,0.00501389
4,18,0.00672231
4,19,0.0085782
4,20,0.0104696
4,21,0.0122676
4,22,0.0138385
4,23,0.0150604
4,24,0.0158356
4,25,0.0161012
4,26,0.0158356
4,27,0.0150604
4,28,0.0138385
4,29,0.0122676
4,30,0.0104696
4,31,0.0085782
4,32,0.00672231
4,33,0.00501389
4,34,0.00353467
4,35,0.00233248
4,36,0.00142079
4,37,0.000782478
4,38,0.000379472
4,39,0.000157893
4,40,5.52299e-05
4,41,1.60196e-05
4,42,3.81911e-06
4,43,7.43582e-07
4,44,1.17518e-07
4,45,1.49628e-08
4,46,1.51866e-09
4,47,1.20977e-10
4,48,7.38943e-12
4,49,3.33752e-13
4,50,1.04938e-14
4,51,2.04955e-16
4,52,1.87154e-18
4,53,0
4,54,0
4,55,0
4,56,0
4,57,0
4,58,0
4,59,0
4,60,0
4,61,0
4,62,0
4,63,0
4,64,0
4,65,0
4,66,0
4,67,0
4,68,0
4,69,0
4,70,0
4,71,0
4,72,0
4,73,0
4,74,0
4,75,0
4,76,0
4,77,0
4,78,0
4,79,0
4,80,0
4,81,0
4,82,0
4,83,0
4,84,0
4,85,0
4,86,0
4,87,0
4,88,0
4,89,0
4,90,0
4,91,0
4,92,0
4,93,0
4,94,0
4,95,0
4,96,0
4,97,0
4,98,0
4,99,0
5,0,0
5,1,6.46002e-12
5,2,1.10516e-10
5,3,1.4503e-09
5,4,1.49628e-08
5,5,1.2325e-07
5,6,8.18939e-07
5,7,4.42038e-06
5,8,1.94832e-05
5,9,7.04677e-05
5,10,0.000210554
5,11,0.000525564
5,12,0.00111624
5,13,0.00207089
5,14,0.00345726
5,15,0.00532455
5,16,0.00768482
5,17,0.0104956
5,18,0.0136587
5,19,0.0170174
5,20,0.0203736
5,21,0.0235101
5,22,0.0262112
5,23,0.0282897
5,24,0.0295977
5,25,0.0300446
5,26,0.0295977
5,27,0.0282897
5,28,0.0262112
5,29,0.0235101
5,30,0.0203736
5,31,0.0170174
5,32,0.0136587
5,33,0.0104956
5,34,0.00768482
5,35,0.00532455
5,36,0.00345726
5,37,0.00207089
5,38,0.00111624
5,39,0.000525564
5,40,0.000210554
5,41,7.04677e-05
5,42,1.94832e-05
5,43,4.42038e-06
5,44,8.18939e-07
5,45,1.2325e-07
5,46,1.49628e-08
5,47,1.4503e-09
5,48,1.10517e-10
5,49,6.46849e-12
5,50,2.80422e-13
5,51,8.47654e-15
5,52,1.59409e-16
5,53,1.40365e-18
5,54,0
5,55,0
5,56,0
5,57,0
5,58,0
5,59,0
5,60,0
5,61,0
5,62,0
5,63,0
5,64,0
5,65,0
5,66,0
5,67,0
5,68,0
5,69,0
5,70,0
5,71,0
5,72,0
5,73,0
5,74,0
5,75,0
5,76,0
5,77,0
5,78,0
5,79,0
5,80,0
5,81,0
5,82,0
5,83,0
5,84,0
5,85,0
5,86,0
5,87,0
5,88,0
5,89,0
5,90,0
5,91,0
5,92,0
5,93,0
5,94,0
5,95,0
5,96,0
5,97,0
5,98,0
5,99,0
6,0,0
6,1,9.19815e-11
6,2,1.26289e-09
6,3,1.36231e-08
6,4,1.17518e-07
6,5,8.18939e-07
6,6,4.64081e-06
6,7,2.14816e-05
6,8,8.15219e-05
6,9,0.000254858
6,10,0.000662025
6,11,0.00145173
6,12,0.00275689
6,13,0.00468418
6,14,0.00733654
6,15,0.0107876
6,16,0.0150259
6,17,0.0199487
6,18,0.0253565
6,19,0.0309618
6,20,0.0364413
6,21,0.0414573
6,22,0.0457043
6,23,0.0489271
6,24,0.0509365
6,25,0.0516197
6,26,0.0509365
6,27,0.0489271
6,28,0.0457043
6,29,0.0414573
6,30,0.0364413
6,31,0.0309617
6,32,0.0253565
6,33,0.0199487
6,34,0.0150259
6,35,0.0107876
6,36,0.00733654
6,37,0.00468418
6,38,0.00275689
6,39,0.00145173
6,40,0.000662025
6,41,0.000254858
6,42,8.15219e-05
6,43,2.14816e-05
6,44,4.64081e-06
6,45,8.18939e-07
6,46,1.17518e-07
6,47,1.36231e-08
6,48,1.2629e-09
6,49,9.21973e-11
6,50,5.17851e-12
6,51,2.15791e-13
6,52,6.27975e-15
6,53,1.13864e-16
6,54,9.68035e-19
6,55,0
6,56,0
6,57,0
6,58,0
6,59,0
6,60,0
6,61,0
6,62,0
6,63,0
6,64,0
6,65,0
6,66,0
6,67,0
6,68,0
6,69,0
6,70,0
6,71,0
6,72,0
6,73,0
6,74,0
6,75,0
6,76,0
6,77,0
6,78,0
6,79,0
6,80,0
6,81,0
6,82,0
6,83,0
6,84,0
6,85,0
6,86,0
6,87,0
6,88,0
6,89,0
6,90,0
6,91,0
6,92,0
6,93,0
6,94,0
6,95,0
6,96,0
6,97,0
6,98,0
6,99,0
7,0,0
7,1,9.98374e-10
7,2,1.12881e-08
7,3,1.01852e-07
7,4,7.43582e-07
7,5,4.42038e-06
7,6,2.14816e-05
7,7,8.55726e-05
7,8,0.000280315
7,9,0.000759816
7,10,0.00172659
7,11,0.00336859
7,12,0.00584059
7,13,0.009322
7,14,0.0139996
7,15,0.0199343
7,16,0.0270248
7,17,0.0350308
7,18,0.0435514
7,19,0.0521195
7,20,0.060257
7,21,0.0675097
7,22,0.0735201
7,23,0.0779959
7,24,0.0807582
7,25,0.0816873
7,26,0.0807582
7,27,0.0779959
7,28,0.07352
7,29,0.0675097
7,30,0.060257
7,31,0.0521195
7,32,0.0435514
7,33,0.0350308
7,34,0.0270248
7,35,0.0199343
7,36,0.0139996
7,37,0.009322
7,38,0.00584059
7,39,0.00336859
7,40,0.00172659
7,41,0.000759816
7,42,0.000280315
7,43,8.55726e-05
7,44,2.14816e-05
7,45,4.42038e-06
7,46,7.43582e-07
7,47,1.01852e-07
7,48,1.12882e-08
7,49,1.00216e-09
7,50,7.01863e-11
7,51,3.78818e-12
7,52,1.51933e-13
7,53,4.26201e-15
7,54,7.46004e-17
7,55,6.13089e-19
7,56,0
7,57,0
7,58,0
7,59,0
7,60,0
7,61,0
7,62,0
7,63,0
7,64,0
7,65,0
7,66,0
7,67,0
7,68,0
7,69,0
7,70,0
7,71,0
7,72,0
7,73,0
7,74,0
7,75,0
7,76,0
7,77,0
7,78,0
7,79,0
7,80,0
7,81,0
7,82,0
7,83,0
7,84,0
7,85,0
7,86,0
7,87,0
7,88,0
7,89,0
7,90,0
7,91,0
7,92,0
7,93,0
7,94,0
7,95,0
7,96,0
7,97,0
7,98,0
7,99,0
8,0,0
8,1,8.45701e-09
8,2,8.01867e-08
8,3,6.12773e-07
8,4,3.81911e-06
8,5,1.94832e-05
8,6,8.15218e-05
8,7,0.000280315
8,8,0.000795426
8,9,0.00188192
8,10,0.00379256
8,11,0.00674116
8,12,0.0110001
8,13,0.0169226
8,14,0.0247021
8,15,0.0342331
8,16,0.0452189
8,17,0.0571335
8,18,0.0692989
8,19,0.0810785
8,20,0.0918461
8,21,0.101141
8,22,0.108622
8,23,0.11407
8,24,0.117381
8,25,0.118484
8,26,0.117381
8,27,0.11407
8,28,0.108622
8,29,0.101141
8,30,0.0918461
8,31,0.0810785
8,32,0.0692989
8,33,0.0571335
8,34,0.0452189
8,35,0.0342331
8,36,0.0247021
8,37,0.0169226
8,38,0.0110001
8,39,0.00674116
8,40,0.00379256
8,41,0.00188192
8,42,0.000795426
8,43,0.000280315
8,44,8.15219e-05
8,45,1.94832e-05
8,46,3.81911e-06
8,47,6.12773e-07
8,48,8.01892e-08
8,49,8.50571e-09
8,50,7.24008e-10
8,51,4.87011e-11
8,52,2.52889e-12
8,53,9.77368e-14
8,54,2.64597e-15
8,55,4.47602e-17
8,56,3.55987e-19
8,57,0
8,58,0
8,59,0
8,60,0
8,61,0
8,62,0
8,63,0
8,64,0
8,65,0
8,66,0
8,67,0
8,68,0
8,69,0
8,70,0
8,71,0
8,72,0
8,73,0
8,74,0
8,75,0
8,76,0
8,77,0
8,78,0
8,79,0
8,80,0
8,81,0
8,82,0
8,83,0
8,84,0
8,85,0
8,86,0
8,87,0
8,88,0
8,89,0
8,90,0
8,91,0
8,92,0
8,93,0
8,94,0
8,95,0
8,96,0
8,97,0
8,98,0
8,99,0
9,0,0
9,1,5.68145e-08
9,2,4.5789e-07
9,3,2.99102e-06
9,4,1.60196e-05
9,5,7.04677e-05
9,6,0.000254858
9,7,0.000759816
9,8,0.00188192
9,9,0.00394427
9,10,0.00723373
9,11,0.0121206
9,12,0.0191548
9,13,0.0287332
9,14,0.040752
9,15,0.054813
9,16,0.0702811
9,17,0.0862006
9,18,0.101704
9,19,0.116003
9,20,0.12847
9,21,0.138806
9,22,0.146785
9,23,0.15245
9,24,0.155789
9,25,0.156911
9,26,0.155789
9,27,0.15245
9,28,0.146785
9,29,0.138806
9,30,0.12847
9,31,0.116003
9,32,0.101704
9,33,0.0862006
9,34,0.0702811
9,35,0.054813
9,36,0.040752
9,37,0.0287332
9,38,0.0191548
9,39,0.0121206
9,40,0.00723373
9,41,0.00394427
9,42,0.00188192
9,43,0.000759816
9,44,0.000254858
9,45,7.04677e-05
9,46,1.60196e-05
9,47,2.99102e-06
9,48,4.5792e-07
9,49,5.729e-08
9,50,5.82096e-09
9,51,4.75525e-10
9,52,3.07541e-11
9,53,1.53806e-12
9,54,5.73424e-14
9,55,1.49979e-15
9,56,2.45459e-17
9,57,1.89118e-19
9,58,0
9,59,0
9,60,0
9,61,0
9,62,0
9,63,0
9,64,0
9,65,0
9,66,0
9,67,0
9,68,0
9,69,0
9,70,0
9,71,0
9,72,0
9,73,0
9,74,0
9,75,0
9,76,0
9,77,0
9,78,0
9,79,0
9,80,0
9,81,0
9,82,0
9,83,0
9,84,0
9,85,0
9,86,0
9,87,0
9,88,0
9,89,0
9,90,0
9,91,0
9,92,0
9,93,0
9,94,0
9,95,0
9,96,0
9,97,0
9,98,0
9,99,0
10,0,0
10,1,3.06293e-07
10,2,2.12076e-06
10,3,1.19304e-05
10,4,5.52299e-05
10,5,0.000210554
10,6,0.000662025
10,7,0.00172659
10,8,0.00379256
10,9,0.00723373
10,10,0.0125139
10,11,0.0203653
10,12,0.0314463
10,13,0.0457189
10,14,0.0626363
10,15,0.0814796
10,16,0.101019
10,17,0.119979
10,18,0.137419
10,19,0.152456
10,20,0.164816
10,21,0.174401
10,22,0.181386
10,23,0.186102
10,24,0.188761
10,25,0.189655
10,26,0.188761
10,27,0.186102
10,28,0.181386
10,29,0.174401
10,30,0.164816
10,31,0.152456
10,32,0.137419
10,33,0.119979
10,34,0.101019
10,35,0.0814796
10,36,0.0626363
10,37,0.0457189
10,38,0.0314463
10,39,0.0203653
10,40,0.0125139
10,41,0.00723373
10,42,0.00379256
10,43,0.00172659
10,44,0.000662025
10,45,0.000210554
10,46,5.52299e-05
10,47,1.19304e-05
10,48,2.12104e-06
10,49,3.09905e-07
10,50,3.70853e-08
10,51,3.6119e-09
10,52,2.8341e-10
10,53,1.76387e-11
10,54,8.50401e-13
10,55,3.06143e-14
10,56,7.74346e-16
10,57,1.2273e-17
10,58,9.16937e-20
10,59,0
10,60,0
10,61,0
10,62,0
10,63,0
10,64,0
10,65,0
10,66,0
10,67,0
10,68,0
10,69,0
10,70,0
10,71,0
10,72,0
10,73,0
10,74,0
10,75,0
10,76,0
10,77,0
10,78,0
10,79,0
10,80,0
10,81,0
10,82,0
10,83,0
10,84,0
10,85,0
10,86,0
10,87,0
10,88,0
10,89,0
10,90,0
10,91,0
10,92,0
10,93,0
10,94,0
10,95,0
10,96,0
10,97,0
10,98,0
10,99,0
11,0,0
11,1,1.33806e-06
11,2,8.03446e-06
11,3,3.92015e-05
11,4,0.000157893
11,5,0.000525564
11,6,0.00145173
11,7,0.00336859
11,8,0.00674116
11,9,0.0121206
11,10,0.0203653
11,11,0.0324053
11,12,0.048409
11,13,0.0677206
11,14,0.0895166
11,15,0.112387
11,16,0.134446
11,17,0.154451
11,18,0.171299
11,19,0.184495
11,20,0.194304
11,21,0.200945
11,22,0.205291
11,23,0.207763
11,24,0.209086
11,25,0.209435
11,26,0.209086
11,27,0.207763
11,28,0.205291
11,29,0.200945
11,30,0.194304
11,31,0.184495
11,32,0.171299
11,33,0.154451
11,34,0.134446
11,35,0.112387
11,36,0.0895166
11,37,0.0677206
11,38,0.048409
11,39,0.0324053
11,40,0.0203653
11,41,0.0121206
11,42,0.00674116
11,43,0.00336859
11,44,0.00145173
11,45,0.000525564
11,46,0.000157893
11,47,3.92016e-05
11,48,8.03648e-06
11,49,1.35976e-06
11,50,1.89597e-07
11,51,2.17074e-08
11,52,2.02757e-09
11,53,1.52909e-10
11,54,9.16499e-12
11,55,4.26313e-13
11,56,1.4832e-14
11,57,3.63121e-16
11,58,5.57862e-18
11,59,4.04531e-20
11,60,0
11,61,0
11,62,0
11,63,0
11,64,0
11,65,0
11,66,0
11,67,0
11,68,0
11,69,0
11,70,0
11,71,0
11,72,0
11,73,0
11,74,0
11,75,0
11,76,0
11,77,0
11,78,0
11,79,0
11,80,0
11,81,0
11,82,0
11,83,0
11,84,0
11,85,0
11,86,0
11,87,0
11,88,0
11,89,0
11,90,0
11,91,0
11,92,0
11,93,0
11,94,0
11,95,0
11,96,0
11,97,0
11,98,0
11,99,0
12,0,0
12,1,4.78264e-06
12,2,2.51438e-05
12,3,0.000107293
12,4,0.000379472
12,5,0.00111624
12,6,0.00275689
12,7,0.00584059
12,8,0.0110001
12,9,0.0191548
12,10,0.0314463
12,11,0.048409
12,12,0.0694783
12,13,0.0936778
12,14,0.119485
12,15,0.144381
12,16,0.166451
12,17,0.184471
12,18,0.197509
12,19,0.206135
12,20,0.210875
12,21,0.212855
12,22,0.213203
12,23,0.212665
12,24,0.212176
12,25,0.211865
12,26,0.212176
12,27,0.212665
12,28,0.213203
12,29,0.212855
12,30,0.210875
12,31,0.206135
12,32,0.197509
12,33,0.184471
12,34,0.166451
12,35,0.144381
12,36,0.119485
12,37,0.0936778
12,38,0.0694783
12,39,0.048409
12,40,0.0314463
12,41,0.0191548
12,42,0.0110001
12,43,0.00584059
12,44,0.00275689
12,45,0.00111624
12,46,0.000379472
12,47,0.000107294
12,48,2.51552e-05
12,49,4.88726e-06
12,50,7.86397e-07
12,51,1.04611e-07
12,52,1.14598e-08
12,53,1.02684e-09
12,54,7.44628e-11
12,55,4.30069e-12
12,56,1.93139e-13
12,57,6.49881e-15
12,58,1.54126e-16
12,59,2.29708e-18
12,60,1.61812e-20
12,61,0
12,62,0
12,63,0
12,64,0
12,65,0
12,66,0
12,67,0
12,68,0
12,69,0
12,70,0
12,71,0
12,72,0
12,73,0
12,74,0
12,75,0
12,76,0
12,77,0
12,78,0
12,79,0
12,80,0
12,81,0
12,82,0
12,83,0
12,84,0
12,85,0
12,86,0
12,87,0
12,88,0
12,89,0
12,90,0
12,91,0
12,92,0
12,93,0
12,94,0
12,95,0
12,96,0
12,97,0
12,98,0
12,99,0
13,0,0
13,1,1.41504e-05
13,2,6.58666e-05
13,3,0.000248565
13,4,0.000782478
13,5,0.00207089
13,6,0.00468418
13,7,0.009322
13,8,0.0169226
13,9,0.0287332
13,10,0.0457189
13,11,0.0677206
13,12,0.0936778
13,13,0.121894
13,14,0.149438
13,15,0.173443
13,16,0.192354
13,17,0.204919
13,18,0.211532
13,19,0.213456
13,20,0.211776
13,21,0.20851
13,22,0.204468
13,23,0.201092
13,24,0.19868
13,25,0.197931
13,26,0.19868
13,27,0.201092
13,28,0.204468
13,29,0.20851
13,30,0.211776
13,31,0.213456
13,32,0.211532
13,33,0.204919
13,34,0.192354
13,35,0.173443
13,36,0.149438
13,37,0.121894
13,38,0.0936778
13,39,0.0677206
13,40,0.0457189
13,41,0.0287332
13,42,0.0169226
13,43,0.009322
13,44,0.00468418
13,45,0.00207089
13,46,0.000782478
13,47,0.00024857
13,48,6.59185e-05
13,49,1.45595e-05
13,50,2.67657e-06
13,51,4.09176e-07
13,52,5.19013e-08
13,53,5.43896e-09
13,54,4.67545e-10
13,55,3.26098e-11
13,56,1.81562e-12
13,57,7.87631e-14
13,58,2.56481e-15
13,59,5.89647e-17
13,60,8.53201e-19
13,61,5.84322e-21
13,62,0
13,63,0
13,64,0
13,65,0
13,66,0
13,67,0
13,68,0
13,69,0
13,70,0
13,71,0
13,72,0
13,73,0
13,74,0
13,75,0
13,76,0
13,77,0
13,78,0
13,79,0
13,80,0
13,81,0
13,82,0
13,83,0
13,84,0
13,85,0
13,86,0
13,87,0
13,88,0
13,89,0
13,90,0
13,91,0
13,92,0
13,93,0
13,94,0
13,95,0
13,96,0
13,97,0
13,98,0
13,99,0
14,0,0
14,1,3.51922e-05
14,2,0.000147057
14,3,0.000498122
14,4,0.00142079
14,5,0.00345726
14,6,0.00733654
14,7,0.0139996
14,8,0.0247021
14,9,0.040752
14,10,0.0626363
14,11,0.0895166
14,12,0.119485
14,13,0.149438
14,14,0.17572
14,15,0.19588
14,16,0.208419
14,17,0.213238
14,18,0.212142
14,19,0.206624
14,20,0.199006
14,21,0.190931
14,22,0.183531
14,23,0.177937
14,24,0.17424
14,25,0.173144
14,26,0.17424
14,27,0.177937
14,28,0.183531
14,29,0.190931
14,30,0.199006
14,31,0.206624
14,32,0.212142
14,33,0.213238
14,34,0.208419
14,35,0.19588
14,36,0.17572
14,37,0.149438
14,38,0.119485
14,39,0.0895166
14,40,0.0626363
14,41,0.040752
14,42,0.0247021
14,43,0.0139996
14,44,0.00733654
14,45,0.00345726
14,46,0.00142079
14,47,0.000498145
14,48,0.000147248
14,49,3.65082e-05
14,50,7.57857e-06
14,51,1.316e-06
14,52,1.90899e-07
14,53,2.30699e-08
14,54,2.31157e-09
14,55,1.90592e-10
14,56,1.27858e-11
14,57,6.86395e-13
14,58,2.87738e-14
14,59,9.07224e-16
14,60,2.02307e-17
14,61,2.844e-19
14,62,1.8951e-21
14,63,0
14,64,0
14,65,0
14,66,0
14,67,0
14,68,0
14,69,0
14,70,0
14,71,0
14,72,0
14,73,0
14,74,0
14,75,0
14,76,0
14,77,0
14,78,0
14,79,0
14,80,0
14,81,0
14,82,0
14,83,0
14,84,0
14,85,0
14,86,0
14,87,0
14,88,0
14,89,0
14,90,0
14,91,0
14,92,0
14,93,0
14,94,0
14,95,0
14,96,0
14,97,0
14,98,0
14,99,0
15,0,0
15,1,7.50399e-05
15,2,0.000286122
15,3,0.000885264
15,4,0.00233248
15,5,0.00532455
15,6,0.0107876
15,7,0.0199343
15,8,0.0342331
15,9,0.054813
15,10,0.0814796
15,11,0.112387
15,12,0.144381
15,13,0.173443
15,14,0.19588
15,15,0.209412
15,16,0.213569
15,17,0.210038
15,18,0.201139
15,19,0.189373
15,20,0.177252
15,21,0.165954
15,22,0.156823
15,23,0.149991
15,24,0.145955
15,25,0.144532
15,26,0.145955
15,27,0.149991
15,28,0.156823
15,29,0.165954
15,30,0.177252
15,31,0.189373
15,32,0.201139
15,33,0.210038
15,34,0.213569
15,35,0.209412
15,36,0.195879
15,37,0.173443
15,38,0.144381
15,39,0.112387
15,40,0.0814796
15,41,0.054813
15,42,0.0342331
15,43,0.0199343
15,44,0.0107876
15,45,0.00532455
15,46,0.00233249
15,47,0.000885344
15,48,0.000286701
15,49,7.85746e-05
15,50,1.81611e-05
15,51,3.53473e-06
15,52,5.7865e-07
15,53,7.95267e-08
15,54,9.1459e-09
15,55,8.75498e-10
15,56,6.92016e-11
15,57,4.464e-12
15,58,2.31061e-13
15,59,9.3616e-15
15,60,2.85891e-16
15,61,6.18685e-18
15,62,8.45514e-20
15,63,5.48582e-22
15,64,0
15,65,0
15,66,0
15,67,0
15,68,0
15,69,0
15,70,0
15,71,0
15,72,0
15,73,0
15,74,0
15,75,0
15,76,0
15,77,0
15,78,0
15,79,0
15,80,0
15,81,0
15,82,0
15,83,0
15,84,0
15,85,0
15,86,0
15,87,0
15,88,0
15,89,0
15,90,0
15,91,0
15,92,0
15,93,0
15,94,0
15,95,0
15,96,0
15,97,0
15,98,0
15,99,0
16,0,0
16,1,0.000140321
16,2,0.000496547
16,3,0.00142782
16,4,0.00353467
16,5,0.00768482
16,6,0.0150259
16,7,0.0270248
16,8,0.0452189
16,9,0.0702811
16,10,0.101019
16,11,0.134446
16,12,0.166451
16,13,0.192354
16,14,0.208419
16,15,0.213569
16,16,0.209115
16,17,0.1977
16,18,0.18262
16,19,0.166812
16,20,0.152169
16,21,0.139859
16,22,0.130319
16,23,0.123595
16,24,0.119658
16,25,0.118331
16,26,0.119658
16,27,0.123595
16,28,0.130319
16,29,0.139859
16,30,0.152169
16,31,0.166812
16,32,0.18262
16,33,0.1977
16,34,0.209115
16,35,0.213569
16,36,0.208419
16,37,0.192354
16,38,0.166451
16,39,0.134446
16,40,0.101019
16,41,0.0702811
16,42,0.0452189
16,43,0.0270248
16,44,0.0150259
16,45,0.00768482
16,46,0.0035347
16,47,0.00142805
16,48,0.000498017
16,49,0.0001484
16,50,3.75945e-05
16,51,8.0785e-06
16,52,1.4706e-06
16,53,2.26464e-07
16,54,2.94327e-08
16,55,3.21616e-09
16,56,2.93764e-10
16,57,2.22397e-11
16,58,1.37866e-12
16,59,6.87822e-14
16,60,2.69321e-15
16,61,7.96752e-17
16,62,1.67387e-18
16,63,2.22504e-20
16,64,1.40662e-22
16,65,0
16,66,0
16,67,0
16,68,0
16,69,0
16,70,0
16,71,0
16,72,0
16,73,0
16,74,0
16,75,0
16,76,0
16,77,0
16,78,0
16,79,0
16,80,0
16,81,0
16,82,0
16,83,0
16,84,0
16,85,0
16,86,0
16,87,0
16,88,0
16,89,0
16,90,0
16,91,0
16,92,0
16,93,0
16,94,0
16,95,0
16,96,0
16,97,0
16,98,0
16,99,0
17,0,0
17,1,0.000235194
17,2,0.000784237
17,3,0.00212708
17,4,0.00501389
17,5,0.0104956
17,6,0.0199487
17,7,0.0350308
17,8,0.0571334
17,9,0.0862006
17,10,0.119979
17,11,0.154451
17,12,0.184471
17,13,0.204919
17,14,0.213238
17,15,0.210038
17,16,0.1977
17,17,0.180231
17,18,0.161426
17,19,0.143696
17,20,0.128737
17,21,0.116793
17,22,0.108031
17,23,0.102014
17,24,0.0985731
17,25,0.0974259
17,26,0.0985731
17,27,0.102014
17,28,0.108031
17,29,0.116793
17,30,0.128736
17,31,0.143696
17,32,0.161427
17,33,0.180231
17,34,0.1977
17,35,0.210038
17,36,0.213238
17,37,0.204919
17,38,0.184471
17,39,0.154451
17,40,0.119979
17,41,0.0862006
17,42,0.0571334
17,43,0.0350308
17,44,0.0199487
17,45,0.0104956
17,46,0.00501397
17,47,0.00212762
17,48,0.000787433
17,49,0.000251233
17,50,6.86768e-05
17,51,1.60392e-05
17,52,3.19599e-06
17,53,5.4276e-07
17,54,7.84297e-08
17,55,9.61717e-09
17,56,9.96468e-10
17,57,8.66975e-11
17,58,6.27767e-12
17,59,3.73589e-13
17,60,1.79522e-14
17,61,6.7907e-16
17,62,1.94596e-17
17,63,3.96958e-19
17,64,5.1347e-21
17,65,3.16489e-23
17,66,0
17,67,0
17,68,0
17,69,0
17,70,0
17,71,0
17,72,0
17,73,0
17,74,0
17,75,0
17,76,0
17,77,0
17,78,0
17,79,0
17,80,0
17,81,0
17,82,0
17,83,0
17,84,0
17,85,0
17,86,0
17,87,0
17,88,0
17,89,0
17,90,0
17,91,0
17,92,0
17,93,0
17,94,0
17,95,0
17,96,0
17,97,0
17,98,0
17,99,0
18,0,0
18,1,0.000359759
18,2,0.00114461
18,3,0.00296385
18,4,0.00672231
18,5,0.0136587
18,6,0.0253565
18,7,0.0435514
18,8,0.0692988
18,9,0.101704
18,10,0.137419
18,11,0.171299
18,12,0.197509
18,13,0.211532
18,14,0.212142
18,15,0.201139
18,16,0.18262
18,17,0.161427
18,18,0.140865
18,19,0.123226
18,20,0.109124
18,21,0.0984489
18,22,0.0909083
18,23,0.0857616
18,24,0.0829517
18,25,0.0819189
18,26,0.0829517
18,27,0.0857617
18,28,0.0909083
18,29,0.0984489
18,30,0.109124
18,31,0.123226
18,32,0.140865
18,33,0.161427
18,34,0.18262
18,35,0.201139
18,36,0.212142
18,37,0.211532
18,38,0.197509
18,39,0.171299
18,40,0.137419
18,41,0.101704
18,42,0.0692989
18,43,0.0435514
18,44,0.0253565
18,45,0.0136587
18,46,0.00672249
18,47,0.00296497
18,48,0.00115067
18,49,0.000387985
18,50,0.000112857
18,51,2.82264e-05
18,52,6.06213e-06
18,53,1.1172e-06
18,54,1.76507e-07
18,55,2.3865e-08
18,56,2.75324e-09
18,57,2.69787e-10
18,58,2.23057e-11
18,59,1.54166e-12
18,60,8.79297e-14
18,61,4.06474e-15
18,62,1.48414e-16
18,63,4.11792e-18
18,64,8.15614e-20
18,65,1.02694e-21
18,66,6.1754e-24
18,67,0
18,68,0
18,69,0
18,70,0
18,71,0
18,72,0
18,73,0
18,74,0
18,75,0
18,76,0
18,77,0
18,78,0
18,79,0
18,80,0
18,81,0
18,82,0
18,83,0
18,84,0
18,85,0
18,86,0
18,87,0
18,88,0
18,89,0
18,90,0
18,91,0
18,92,0
18,93,0
18,94,0
18,95,0
18,96,0
18,97,0
18,98,0
18,99,0
19,0,0
19,1,0.000509139
19,2,0.00156151
19,3,0.00389846
19,4,0.0085782
19,5,0.0170174
19,6,0.0309617
19,7,0.0521195
19,8,0.0810785
19,9,0.116003
19,10,0.152456
19,11,0.184495
19,12,0.206135
19,13,0.213456
19,14,0.206624
19,15,0.189373
19,16,0.166812
19,17,0.143696
19,18,0.123226
19,19,0.106665
19,20,0.0940493
19,21,0.084916
19,22,0.0784279
19,23,0.0741664
19,24,0.0716732
19,25,0.070882
19,26,0.0716732
19,27,0.0741662
19,28,0.0784279
19,29,0.0849159
19,30,0.0940493
19,31,0.106665
19,32,0.123225
19,33,0.143696
19,34,0.166812
19,35,0.189373
19,36,0.206624
19,37,0.213456
19,38,0.206135
19,39,0.184495
19,40,0.152456
19,41,0.116003
19,42,0.0810785
19,43,0.0521195
19,44,0.0309618
19,45,0.0170175
19,46,0.00857854
19,47,0.00390047
19,48,0.00157173
19,49,0.00055393
19,50,0.000169409
19,51,4.47915e-05
19,52,1.02243e-05
19,53,2.01417e-06
19,54,3.42337e-07
19,55,5.01596e-08
19,56,6.32443e-09
19,57,6.8409e-10
19,58,6.31783e-11
19,59,4.94783e-12
19,60,3.25471e-13
19,61,1.77477e-14
19,62,7.87685e-16
19,63,2.77213e-17
19,64,7.44065e-19
19,65,1.43038e-20
19,66,1.75331e-22
19,67,1.02923e-24
19,68,0
19,69,0
19,70,0
19,71,0
19,72,0
19,73,0
19,74,0
19,75,0
19,76,0
19,77,0
19,78,0
19,79,0
19,80,0
19,81,0
19,82,0
19,83,0
19,84,0
19,85,0
19,86,0
19,87,0
19,88,0
19,89,0
19,90,0
19,91,0
19,92,0
19,93,0
19,94,0
19,95,0
19,96,0
19,97,0
19,98,0
19,99,0
20,0,0
20,1,0.000673605
20,2,0.00200812
20,3,0.00487268
20,4,0.0104696
20,5,0.0203736
20,6,0.0364413
20,7,0.060257
20,8,0.0918461
20,9,0.12847
20,10,0.164816
20,11,0.194304
20,12,0.210875
20,13,0.211776
20,14,0.199006
20,15,0.177252
20,16,0.152169
20,17,0.128737
20,18,0.109124
20,19,0.0940493
20,20,0.0830253
20,21,0.0750168
20,22,0.069409
20,23,0.0654976
20,24,0.0632462
20,25,0.0624154
20,26,0.0632461
20,27,0.0654977
20,28,0.069409
20,29,0.0750168
20,30,0.0830252
20,31,0.0940494
20,32,0.109124
20,33,0.128736
20,34,0.152169
20,35,0.177252
20,36,0.199006
20,37,0.211776
20,38,0.210875
20,39,0.194304
20,40,0.164816
20,41,0.12847
20,42,0.0918461
20,43,0.060257
20,44,0.0364413
20,45,0.0203737
20,46,0.0104702
20,47,0.00487592
20,48,0.00202369
20,49,0.000738566
20,50,0.00023505
20,51,6.49614e-05
20,52,1.55682e-05
20,53,3.23476e-06
20,54,5.82853e-07
20,55,9.10676e-08
20,56,1.23292e-08
20,57,1.44377e-09
20,58,1.45786e-10
20,59,1.26333e-11
20,60,9.33087e-13
20,61,5.81786e-14
20,62,3.02192e-15
20,63,1.28372e-16
20,64,4.34418e-18
20,65,1.1261e-19
20,66,2.09927e-21
20,67,2.50473e-23
20,68,1.43614e-25
20,69,0
20,70,0
20,71,0
20,72,0
20,73,0
20,74,0
20,75,0
20,76,0
20,77,0
20,78,0
20,79,0
20,80,0
20,81,0
20,82,0
20,83,0
20,84,0
20,85,0
20,86,0
20,87,0
20,88,0
20,89,0
20,90,0
20,91,0
20,92,0
20,93,0
20,94,0
20,95,0
20,96,0
20,97,0
20,98,0
20,99,0
21,0,0
21,1,0.000839563
21,2,0.0024495
21,3,0.00581545
21,4,0.0122676
21,5,0.0235101
21,6,0.0414573
21,7,0.0675097
21,8,0.101141
21,9,0.138806
21,10,0.174401
21,11,0.200945
21,12,0.212855
21,13,0.20851
21,14,0.190931
21,15,0.165954
21,16,0.139859
21,17,0.116793
21,18,0.098449
21,19,0.0849159
21,20,0.0750168
21,21,0.0678956
21,22,0.0625627
21,23,0.0587592
21,24,0.0562619
21,25,0.0553862
21,26,0.0562619
21,27,0.0587592
21,28,0.0625627
21,29,0.0678956
21,30,0.0750168
21,31,0.0849159
21,32,0.0984489
21,33,0.116793
21,34,0.139859
21,35,0.165954
21,36,0.190931
21,37,0.20851
21,38,0.212855
21,39,0.200945
21,40,0.174401
21,41,0.138806
21,42,0.101141
21,43,0.0675097
21,44,0.0414574
21,45,0.0235103
21,46,0.0122685
21,47,0.00582014
21,48,0.00247116
21,49,0.000926563
21,50,0.00030413
21,51,8.69995e-05
21,52,2.16552e-05
21,53,4.69012e-06
21,54,8.84354e-07
21,55,1.45247e-07
21,56,2.07799e-08
21,57,2.58774e-09
21,58,2.80017e-10
21,59,2.62497e-11
21,60,2.12192e-12
21,61,1.46923e-13
21,62,8.63231e-15
21,63,4.2477e-16
21,64,1.71875e-17
21,65,5.57064e-19
21,66,1.39053e-20
21,67,2.50925e-22
21,68,2.91248e-24
21,69,1.63198e-26
21,70,0
21,71,0
21,72,0
21,73,0
21,74,0
21,75,0
21,76,0
21,77,0
21,78,0
21,79,0
21,80,0
21,81,0
21,82,0
21,83,0
21,84,0
21,85,0
21,86,0
21,87,0
21,88,0
21,89,0
21,90,0
21,91,0
21,92,0
21,93,0
21,94,0
21,95,0
21,96,0
21,97,0
21,98,0
21,99,0
22,0,0
22,1,0.000991318
22,2,0.00284698
22,3,0.00665105
22,4,0.0138385
22,5,0.0262112
22,6,0.0457043
22,7,0.07352
22,8,0.108622
22,9,0.146785
22,10,0.181386
22,11,0.205291
22,12,0.213203
22,13,0.204468
22,14,0.183531
22,15,0.156823
22,16,0.130319
22,17,0.108031
22,18,0.0909083
22,19,0.0784279
22,20,0.069409
22,21,0.0625626
22,22,0.057227
22,23,0.0528961
22,24,0.0497542
22,25,0.0484094
22,26,0.0497541
22,27,0.0528961
22,28,0.057227
22,29,0.0625627
22,30,0.069409
22,31,0.0784279
22,32,0.0909083
22,33,0.108031
22,34,0.130319
22,35,0.156823
22,36,0.183531
22,37,0.204468
22,38,0.213203
22,39,0.205291
22,40,0.181386
22,41,0.146785
22,42,0.108622
22,43,0.0735201
22,44,0.0457044
22,45,0.0262114
22,46,0.0138398
22,47,0.00665725
22,48,0.00287474
22,49,0.00109974
22,50,0.00036938
22,51,0.000108419
22,52,2.77622e-05
22,53,6.20203e-06
22,54,1.20973e-06
22,55,2.06211e-07
22,56,3.07368e-08
22,57,4.00625e-09
22,58,4.5627e-10
22,59,4.53269e-11
22,60,3.91626e-12
22,61,2.92988e-13
22,62,1.88596e-14
22,63,1.03523e-15
22,64,4.78532e-17
22,65,1.82997e-18
22,66,5.64225e-20
22,67,1.34908e-21
22,68,2.34839e-23
22,69,2.64771e-25
22,70,1.45065e-27
22,71,0
22,72,0
22,73,0
22,74,0
22,75,0
22,76,0
22,77,0
22,78,0
22,79,0
22,80,0
22,81,0
22,82,0
22,83,0
22,84,0
22,85,0
22,86,0
22,87,0
22,88,0
22,89,0
22,90,0
22,91,0
22,92,0
22,93,0
22,94,0
22,95,0
22,96,0
22,97,0
22,98,0
22,99,0
23,0,0
23,1,0.00111332
23,2,0.00316304
23,3,0.00730783
23,4,0.0150604
23,5,0.0282897
23,6,0.0489271
23,7,0.0779959
23,8,0.11407
23,9,0.15245
23,10,0.186102
23,11,0.207763
23,12,0.212665
23,13,0.201092
23,14,0.177937
23,15,0.149991
23,16,0.123595
23,17,0.102014
23,18,0.0857617
23,19,0.0741663
23,20,0.0654977
23,21,0.0587591
23,22,0.0528961
23,23,0.0475498
23,24,0.0428018
23,25,0.0401112
23,26,0.0428019
23,27,0.04755
23,28,0.052896
23,29,0.0587591
23,30,0.0654976
23,31,0.0741663
23,32,0.0857617
23,33,0.102014
23,34,0.123595
23,35,0.149991
23,36,0.177937
23,37,0.201092
23,38,0.212665
23,39,0.207763
23,40,0.186102
23,41,0.15245
23,42,0.11407
23,43,0.0779959
23,44,0.0489271
23,45,0.02829
23,46,0.0150619
23,47,0.00731537
23,48,0.00319605
23,49,0.00123973
23,50,0.000423088
23,51,0.000126417
23,52,3.30126e-05
23,53,7.53503e-06
23,54,1.50461e-06
23,55,2.63146e-07
23,56,4.03481e-08
23,57,5.42654e-09
23,58,6.40102e-10
23,59,6.61633e-11
23,60,5.98197e-12
23,61,4.71707e-13
23,62,3.23042e-14
23,63,1.90991e-15
23,64,9.66796e-17
23,65,4.14183e-18
23,66,1.47707e-19
23,67,4.27943e-21
23,68,9.70159e-23
23,69,1.6174e-24
23,70,1.76514e-26
23,71,9.46074e-29
23,72,0
23,73,0
23,74,0
23,75,0
23,76,0
23,77,0
23,78,0
23,79,0
23,80,0
23,81,0
23,82,0
23,83,0
23,84,0
23,85,0
23,86,0
23,87,0
23,88,0
23,89,0
23,90,0
23,91,0
23,92,0
23,93,0
23,94,0
23,95,0
23,96,0
23,97,0
23,98,0
23,99,0
24,0,0
24,1,0.00119239
24,2,0.00336649
24,3,0.00772751
24,4,0.0158356
24,5,0.0295977
24,6,0.0509365
24,7,0.0807582
24,8,0.117381
24,9,0.155789
24,10,0.188761
24,11,0.209086
24,12,0.212176
24,13,0.19868
24,14,0.17424
24,15,0.145955
24,16,0.119658
24,17,0.0985731
24,18,0.0829518
24,19,0.0716732
24,20,0.0632461
24,21,0.0562619
24,22,0.0497542
24,23,0.0428021
24,24,0.0348764
24,25,0.027327
24,26,0.0348764
24,27,0.0428019
24,28,0.0497543
24,29,0.0562619
24,30,0.0632461
24,31,0.0716732
24,32,0.0829517
24,33,0.098573
24,34,0.119658
24,35,0.145955
24,36,0.17424
24,37,0.19868
24,38,0.212176
24,39,0.209086
24,40,0.188761
24,41,0.155789
24,42,0.117381
24,43,0.0807582
24,44,0.0509366
24,45,0.029598
24,46,0.0158373
24,47,0.00773597
24,48,0.00340306
24,49,0.00133082
24,50,0.000458445
24,51,0.000138425
24,52,3.65683e-05
24,53,8.4526e-06
24,54,1.71124e-06
24,55,3.03828e-07
24,56,4.73639e-08
24,57,6.488e-09
24,58,7.81141e-10
24,59,8.26281e-11
24,60,7.67007e-12
24,61,6.23525e-13
24,62,4.4254e-14
24,63,2.73036e-15
24,64,1.45585e-16
24,65,6.65657e-18
24,66,2.58254e-19
24,67,8.37813e-21
24,68,2.22452e-22
24,69,4.67378e-24
24,70,7.33309e-26
24,71,7.67452e-28
24,72,4.02584e-30
24,73,0
24,74,0
24,75,0
24,76,0
24,77,0
24,78,0
24,79,0
24,80,0
24,81,0
24,82,0
24,83,0
24,84,0
24,85,0
24,86,0
24,87,0
24,88,0
24,89,0
24,90,0
24,91,0
24,92,0
24,93,0
24,94,0
24,95,0
24,96,0
24,97,0
24,98,0
24,99,0
25,0,0
25,1,0.00121978
25,2,0.00343671
25,3,0.00787178
25,4,0.0161012
25,5,0.0300446
25,6,0.0516197
25,7,0.0816873
25,8,0.118484
25,9,0.156911
25,10,0.189655
25,11,0.209435
25,12,0.211865
25,13,0.197931
25,14,0.173144
25,15,0.144532
25,16,0.118331
25,17,0.0974258
25,18,0.0819189
25,19,0.070882
25,20,0.0624154
25,21,0.055386
25,22,0.0484094
25,23,0.040111
25,24,0.027327
25,25,8.45666e-06
25,26,0.0273269
25,27,0.040111
25,28,0.0484093
25,29,0.0553862
25,30,0.0624153
25,31,0.0708821
25,32,0.0819188
25,33,0.0974258
25,34,0.118331
25,35,0.144532
25,36,0.173144
25,37,0.197931
25,38,0.211865
25,39,0.209435
25,40,0.189655
25,41,0.156911
25,42,0.118484
25,43,0.0816873
25,44,0.0516198
25,45,0.0300449
25,46,0.016103
25,47,0.00788056
25,48,0.00347454
25,49,0.00136243
25,50,0.000470784
25,51,0.000142643
25,52,3.78264e-05
25,53,8.77992e-06
25,54,1.7856e-06
25,55,3.18609e-07
25,56,4.99397e-08
25,57,6.88225e-09
25,58,8.34204e-10
25,59,8.89124e-11
25,60,8.32496e-12
25,61,6.83535e-13
25,62,4.90824e-14
25,63,3.07066e-15
25,64,1.66518e-16
25,65,7.77499e-18
25,66,3.09858e-19
25,67,1.0423e-20
25,68,2.91747e-22
25,69,6.67146e-24
25,70,1.21496e-25
25,71,1.68867e-27
25,72,1.63288e-29
25,73,8.38718e-32
25,74,0
25,75,0
25,76,0
25,77,0
25,78,0
25,79,0
25,80,0
25,81,0
25,82,0
25,83,0
25,84,0
25,85,0
25,86,0
25,87,0
25,88,0
25,89,0
25,90,0
25,91,0
25,92,0
25,93,0
25,94,0
25,95,0
25,96,0
25,97,0
25,98,0
25,99,0
26,0,0
26,1,0.00119239
26,2,0.00336649
26,3,0.00772751
26,4,0.0158356
26,5,0.0295977
26,6,0.0509365
26,7,0.0807582
26,8,0.117381
26,9,0.155789
26,10,0.188761
26,11,0.209086
26,12,0.212176
26,13,0.19868
26,14,0.17424
26,15,0.145955
26,16,0.119658
26,17,0.0985731
26,18,0.0829518
26,19,0.0716732
26,20,0.0632461
26,21,0.0562619
26,22,0.0497542
26,23,0.0428021
26,24,0.0348764
26,25,0.027327
26,26,0.0348764
26,27,0.0428019
26,28,0.0497543
26,29,0.0562619
26,30,0.0632461
26,31,0.0716732
26,32,0.0829517
26,33,0.098573
26,34,0.119658
26,35,0.145955
26,36,0.17424
26,37,0.19868
26,38,0.212176
26,39,0.209086
26,40,0.188761
26,41,0.155789
26,42,0.117381
26,43,0.0807582
26,44,0.0509366
26,45,0.029598
26,46,0.0158373
26,47,0.00773597
26,48,0.00340306
26,49,0.00133082
26,50,0.000458445
26,51,0.000138425
26,52,3.65683e-05
26,53,8.4526e-06
26,54,1.71124e-06
26,55,3.03828e-07
26,56,4.73639e-08
26,57,6.488e-09
26,58,7.81141e-10
26,59,8.26281e-11
26,60,7.67007e-12
26,61,6.23525e-13
26,62,4.4254e-14
26,63,2.73036e-15
26,64,1.45585e-16
26,65,6.65657e-18
26,66,2.58254e-19
26,67,8.37813e-21
26,68,2.22452e-22
26,69,4.67378e-24
26,70,7.33309e-26
26,71,7.67452e-28
26,72,4.02584e-30
26,73,0
26,74,0
26,75,0
26,76,0
26,77,0
26,78,0
26,79,0
26,80,0
26,81,0
26,82,0
26,83,0
26,84,0
26,85,0
26,86,0
26,87,0
26,88,0
26,89,0
26,90,0
26,91,0
26,92,0
26,93,0
26,94,0
26,95,0
26,96,0
26,97,0
26,98,0
26,99,0
27,0,0
27,1,0.00111332
27,2,0.00316304
27,3,0.00730783
27,4,0.0150604
27,5,0.0282897
27,6,0.0489271
27,7,0.0779959
27,8,0.11407
27,9,0.15245
27,10,0.186102
27,11,0.207763
27,12,0.212665
27,13,0.201092
27,14,0.177937
27,15,0.149991
27,16,0.123595
27,17,0.102014
27,18,0.0857617
27,19,0.0741663
27,20,0.0654977
27,21,0.0587591
27,22,0.0528961
27,23,0.0475498
27,24,0.0428018
27,25,0.0401112
27,26,0.0428019
27,27,0.04755
27,28,0.052896
27,29,0.0587591
27,30,0.0654976
27,31,0.0741663
27,32,0.0857617
27,33,0.102014
27,34,0.123595
27,35,0.149991
27,36,0.177937
27,37,0.201092
27,38,0.212665
27,39,0.207763
27,40,0.186102
27,41,0.15245
27,42,0.11407
27,43,0.0779959
27,44,0.0489271
27,45,0.02829
27,46,0.0150619
27,47,0.00731537
27,48,0.00319605
27,49,0.00123973
27,50,0.000423088
27,51,0.000126417
27,52,3.30126e-05
27,53,7.53503e-06
27,54,1.50461e-06
27,55,2.63146e-07
27,56,4.03481e-08
27,57,5.42654e-09
27,58,6.40102e-10
27,59,6.61633e-11
27,60,5.98197e-12
27,61,4.71707e-13
27,62,3.23042e-14
27,63,1.90991e-15
27,64,9.66796e-17
27,65,4.14183e-18
27,66,1.47707e-19
27,67,4.27943e-21
27,68,9.70159e-23
27,69,1.6174e-24
27,70,1.76514e-26
27,71,9.46074e-29
27,72,0
27,73,0
27,74,0
27,75,8.38718e-32
27,76,0
27,77,0
27,78,0
27,79,0
27,80,0
27,81,0
27,82,0
27,83,0
27,84,0
27,85,0
27,86,0
27,87,0
27,88,0
27,89,0
27,90,0
27,91,0
27,92,0
27,93,0
27,94,0
27,95,0
27,96,0
27,97,0
27,98,0
27,99,0
28,0,0
28,1,0.000991318
28,2,0.00284698
28,3,0.00665105
28,4,0.0138385
28,5,0.0262112
28,6,0.0457043
28,7,0.07352
28,8,0.108622
28,9,0.146785
28,10,0.181386
28,11,0.205291
28,12,0.213203
28,13,0.204468
28,14,0.183531
28,15,0.156823
28,16,0.130319
28,17,0.108031
28,18,0.0909083
28,19,0.0784279
28,20,0.069409
28,21,0.0625626
28,22,0.057227
28,23,0.0528961
28,24,0.0497542
28,25,0.0484094
28,26,0.0497541
28,27,0.0528961
28,28,0.057227
28,29,0.0625627
28,30,0.069409
28,31,0.0784279
28,32,0.0909083
28,33,0.108031
28,34,0.130319
28,35,0.156823
28,36,0.183531
28,37,0.204468
28,38,0.213203
28,39,0.205291
28,40,0.181386
28,41,0.146785
28,42,0.108622
28,43,0.0735201
28,44,0.0457044
28,45,0.0262114
28,46,0.0138398
28,47,0.00665725
28,48,0.00287474
28,49,0.00109974
28,50,0.00036938
28,51,0.000108419
28,52,2.77622e-05
28,53,6.20203e-06
28,54,1.20973e-06
28,55,2.06211e-07
28,56,3.07368e-08
28,57,4.00625e-09
28,58,4.5627e-10
28,59,4.53269e-11
28,60,3.91626e-12
28,61,2.92988e-13
28,62,1.88596e-14
28,63,1.03523e-15
28,64,4.78532e-17
28,65,1.82997e-18
28,66,5.64225e-20
28,67,1.34908e-21
28,68,2.34839e-23
28,69,2.64771e-25
28,70,1.45065e-27
28,71,0
28,72,0
28,73,0
28,74,4.02584e-30
28,75,1.63288e-29
28,76,4.02584e-30
28,77,0
28,78,0
28,79,0
28,80,0
28,81,0
28,82,0
28,83,0
28,84,0
28,85,0
28,86,0
28,87,0
28,88,0
28,89,0
28,90,0
28,91,0
28,92,0
28,93,0
28,94,0
28,95,0
28,96,0
28,97,0
28,98,0
28,99,0
29,0,0
29,1,0.000839563
29,2,0.0024495
29,3,0.00581545
29,4,0.0122676
29,5,0.0235101
29,6,0.0414573
29,7,0.0675097
29,8,0.101141
29,9,0.138806
29,10,0.174401
29,11,0.200945
29,12,0.212855
29,13,0.20851
29,14,0.190931
29,15,0.165954
29,16,0.139859
29,17,0.116793
29,18,0.098449
29,19,0.0849159
29,20,0.0750168
29,21,0.0678956
29,22,0.0625627
29,23,0.0587592
29,24,0.0562619
29,25,0.0553862
29,26,0.0562619
29,27,0.0587592
29,28,0.0625627
29,29,0.0678956
29,30,0.0750168
29,31,0.0849159
29,32,0.0984489
29,33,0.116793
29,34,0.139859
29,35,0.165954
29,36,0.190931
29,37,0.20851
29,38,0.212855
29,39,0.200945
29,40,0.174401
29,41,0.138806
29,42,0.101141
29,43,0.0675097
29,44,0.0414574
29,45,0.0235103
29,46,0.0122685
29,47,0.00582014
29,48,0.00247116
29,49,0.000926563
29,50,0.00030413
29,51,8.69995e-05
29,52,2.16552e-05
29,53,4.69012e-06
29,54,8.84354e-07
29,55,1.45247e-07
29,56,2.07799e-08
29,57,2.58774e-09
29,58,2.80017e-10
29,59,2.62497e-11
29,60,2.12192e-12
29,61,1.46923e-13
29,62,8.63231e-15
29,63,4.2477e-16
29,64,1.71875e-17
29,65,5.57064e-19
29,66,1.39053e-20
29,67,2.50925e-22
29,68,2.91248e-24
29,69,1.63198e-26
29,70,0
29,71,0
29,72,0
29,73,9.46074e-29
29,74,7.67451e-28
29,75,1.68867e-27
29,76,7.67451e-28
29,77,9.46074e-29
29,78,0
29,79,0
29,80,0
29,81,0
29,82,0
29,83,0
29,84,0
29,85,0
29,86,0
29,87,0
29,88,0
29,89,0
29,90,0
29,91,0
29,92,0
29,93,0
29,94,0
29,95,0
29,96,0
29,97,0
29,98,0
29,99,0
30,0,0
30,1,0.000673605
30,2,0.00200812
30,3,0.00487268
30,4,0.0104696
30,5,0.0203736
30,6,0.0364413
30,7,0.060257
30,8,0.0918461
30,9,0.12847
30,10,0.164816
30,11,0.194304
30,12,0.210875
30,13,0.211776
30,14,0.199006
30,15,0.177252
30,16,0.152169
30,17,0.128737
30,18,0.109124
30,19,0.0940493
30,20,0.0830253
30,21,0.0750168
30,22,0.069409
30,23,0.0654976
30,24,0.0632462
30,25,0.0624154
30,26,0.0632461
30,27,0.0654977
30,28,0.069409
30,29,0.0750168
30,30,0.0830252
30,31,0.0940494
30,32,0.109124
30,33,0.128736
30,34,0.152169
30,35,0.177252
30,36,0.199006
30,37,0.211776
30,38,0.210875
30,39,0.194304
30,40,0.164816
30,41,0.12847
30,42,0.0918461
30,43,0.060257
30,44,0.0364413
30,45,0.0203737
30,46,0.0104702
30,47,0.00487592
30,48,0.00202369
30,49,0.000738566
30,50,0.00023505
30,51,6.49614e-05
30,52,1.55682e-05
30,53,3.23476e-06
30,54,5.82853e-07
30,55,9.10676e-08
30,56,1.23292e-08
30,57,1.44377e-09
30,58,1.45786e-10
30,59,1.26333e-11
30,60,9.33087e-13
30,61,5.81786e-14
30,62,3.02192e-15
30,63,1.28372e-16
30,64,4.34418e-18
30,65,1.1261e-19
30,66,2.09927e-21
30,67,2.50473e-23
30,68,1.43614e-25
30,69,0
30,70,0
30,71,0
30,72,1.45065e-27
30,73,1.76514e-26
30,74,7.33308e-26
30,75,1.21496e-25
30,76,7.33308e-26
30,77,1.76514e-26
30,78,1.45065e-27
30,79,0
30,80,0
30,81,0
30,82,0
30,83,0
30,84,0
30,85,0
30,86,0
30,87,0
30,88,0
30,89,0
30,90,0
30,91,0
30,92,0
30,93,0
30,94,0
30,95,0
30,96,0
30,97,0
30,98,0
30,99,0
31,0,0
31,1,0.000509139
31,2,0.00156151
31,3,0.00389846
31,4,0.0085782
31,5,0.0170174
31,6,0.0309617
31,7,0.0521195
31,8,0.0810785
31,9,0.116003
31,10,0.152456
31,11,0.184495
31,12,0.206135
31,13,0.213456
31,14,0.206624
31,15,0.189373
31,16,0.166812
31,17,0.143696
31,18,0.123226
31,19,0.106665
31,20,0.0940493
31,21,0.084916
31,22,0.0784279
31,23,0.0741664
31,24,0.0716732
31,25,0.070882
31,26,0.0716732
31,27,0.0741662
