0,0,0
0,1,0
0,2,0
0,3,0
0,4,0
0,5,0
0,6,0
0,7,0
0,8,0
0,9,0
0,10,0
0,11,0
0,12,0
0,13,0
0,14,0
0,15,0
0,16,0
0,17,0
0,18,0
0,19,0
0,20,0
0,21,0
0,22,0
0,23,0
0,24,0
0,25,0
0,26,0
0,27,0
0,28,0
0,29,0
0,30,0
0,31,0
0,32,0
0,33,0
0,34,0
0,35,0
0,36,0
0,37,0
0,38,0
0,39,0
0,40,0
0,41,0
0,42,0
0,43,0
0,44,0
0,45,0
0,46,0
0,47,0
0,48,0
0,49,0
0,50,0
0,51,0
0,52,0
0,53,0
0,54,0
0,55,0
0,56,0
0,57,0
0,58,0
0,59,0
0,60,0
0,61,0
0,62,0
0,63,0
0,64,0
0,65,0
0,66,0
0,67,0
0,68,0
0,69,0
0,70,0
0,71,0
0,72,0
0,73,0
0,74,0
0,75,0
0,76,0
0,77,0
0,78,0
0,79,0
0,80,0
0,81,0
0,82,0
0,83,0
0,84,0
0,85,0
0,86,0
0,87,0
0,88,0
0,89,0
0,90,0
0,91,0
0,92,0
0,93,0
0,94,0
0,95,0
0,96,0
0,97,0
0,98,0
0,99,0
1,0,0
1,1,0
1,2,0
1,3,0
1,4,0
1,5,0
1,6,0
1,7,0
1,8,0
1,9,0
1,10,0
1,11,0
1,12,0
1,13,0
1,14,0
1,15,2.95224e-15
1,16,1.20423e-13
1,17,2.13112e-12
1,18,2.15795e-11
1,19,1.39264e-10
1,20,6.07044e-10
1,21,1.86358e-09
1,22,4.19594e-09
1,23,7.23156e-09
1,24,9.891e-09
1,25,1.09552e-08
1,26,9.891e-09
1,27,7.23156e-09
1,28,4.19594e-09
1,29,1.86358e-09
1,30,6.07044e-10
1,31,1.39264e-10
1,32,2.15794e-11
1,33,2.13112e-12
1,34,1.20423e-13
1,35,2.95224e-15
1,36,0
1,37,0
1,38,0
1,39,0
1,40,0
1,41,0
1,42,0
1,43,0
1,44,0
1,45,0
1,46,0
1,47,0
1,48,0
1,49,0
1,50,0
1,51,0
1,52,0
1,53,0
1,54,0
1,55,0
1,56,0
1,57,0
1,58,0
1,59,0
1,60,0
1,61,0
1,62,0
1,63,0
1,64,0
1,65,0
1,66,0
1,67,0
1,68,0
1,69,0
1,70,0
1,71,0
1,72,0
1,73,0
1,74,0
1,75,0
1,76,0
1,77,0
1,78,0
1,79,0
1,80,0
1,81,0
1,82,0
1,83,0
1,84,0
1,85,0
1,86,0
1,87,0
1,88,0
1,89,0
1,90,0
1,91,0
1,92,0
1,93,0
1,94,0
1,95,0
1,96,0
1,97,0
1,98,0
1,99,0
2,0,0
2,1,0
2,2,0
2,3,0
2,4,0
2,5,0
2,6,0
2,7,0
2,8,0
2,9,0
2,10,0
2,11,0
2,12,0
2,13,0
2,14,6.44125e-15
2,15,2.89015e-13
2,16,5.67739e-12
2,17,6.44605e-11
2,18,4.71482e-10
2,19,2.35355e-09
2,20,8.34222e-09
2,21,2.17781e-08
2,22,4.35809e-08
2,23,6.95491e-08
2,24,9.11109e-08
2,25,9.95132e-08
2,26,9.11109e-08
2,27,6.95491e-08
2,28,4.35809e-08
2,29,2.17781e-08
2,30,8.34222e-09
2,31,2.35355e-09
2,32,4.71482e-10
2,33,6.44605e-11
2,34,5.67739e-12
2,35,2.89015e-13
2,36,6.44125e-15
2,37,0
2,38,0
2,39,0
2,40,0
2,41,0
2,42,0
2,43,0
2,44,0
2,45,0
2,46,0
2,47,0
2,48,0
2,49,0
2,50,0
2,51,0
2,52,0
2,53,0
2,54,0
2,55,0
2,56,0
2,57,0
2,58,0
2,59,0
2,60,0
2,61,0
2,62,0
2,63,0
2,64,0
2,65,0
2,66,0
2,67,0
2,68,0
2,69,0
2,70,0
2,71,0
2,72,0
2,73,0
2,74,0
2,75,0
2,76,0
2,77,0
2,78,0
2,79,0
2,80,0
2,81,0
2,82,0
2,83,0
2,84,0
2,85,0
2,86,0
2,87,0
2,88,0
2,89,0
2,90,0
2,91,0
2,92,0
2,93,0
2,94,0
2,95,0
2,96,0
2,97,0
2,98,0
2,99,0
3,0,0
3,1,0
3,2,0
3,3,0
3,4,0
3,5,0
3,6,0
3,7,0
3,8,0
3,9,0
3,10,0
3,11,0
3,12,0
3,13,1.23457e-14
3,14,6.04304e-13
3,15,1.30461e-11
3,16,1.64114e-10
3,17,1.34132e-09
3,18,7.54291e-09
3,19,3.03108e-08
3,20,8.99624e-08
3,21,2.04498e-07
3,22,3.7048e-07
3,23,5.5391e-07
3,24,6.99194e-07
3,25,7.54603e-07
3,26,6.99194e-07
3,27,5.5391e-07
3,28,3.7048e-07
3,29,2.04498e-07
3,30,8.99624e-08
3,31,3.03108e-08
3,32,7.54291e-09
3,33,1.34132e-09
3,34,1.64114e-10
3,35,1.30461e-11
3,36,6.04304e-13
3,37,1.23457e-14
3,38,0
3,39,0
3,40,0
3,41,0
3,42,0
3,43,0
3,44,0
3,45,0
3,46,0
3,47,0
3,48,0
3,49,0
3,50,0
3,51,0
3,52,0
3,53,0
3,54,0
3,55,0
3,56,0
3,57,0
3,58,0
3,59,0
3,60,0
3,61,0
3,62,0
3,63,0
3,64,0
3,65,0
3,66,0
3,67,0
3,68,0
3,69,0
3,70,0
3,71,0
3,72,0
3,73,0
3,74,0
3,75,0
3,76,0
3,77,0
3,78,0
3,79,0
3,80,0
3,81,0
3,82,0
3,83,0
3,84,0
3,85,0
3,86,0
3,87,0
3,88,0
3,89,0
3,90,0
3,91,0
3,92,0
3,93,0
3,94,0
3,95,0
3,96,0
3,97,0
3,98,0
3,99,0
4,0,0
4,1,0
4,2,0
4,3,0
4,4,0
4,5,0
4,6,0
4,7,0
4,8,0
4,9,0
4,10,0
4,11,0
4,12,2.08928e-14
4,13,1.10789e-12
4,14,2.6074e-11
4,15,3.60011e-10
4,16,3.25257e-09
4,17,2.03562e-08
4,18,9.15184e-08
4,19,3.04558e-07
4,20,7.74767e-07
4,21,1.56462e-06
4,22,2.60593e-06
4,23,3.68541e-06
4,24,4.50636e-06
4,25,4.81387e-06
4,26,4.50636e-06
4,27,3.68541e-06
4,28,2.60593e-06
4,29,1.56462e-06
4,30,7.74767e-07
4,31,3.04558e-07
4,32,9.15184e-08
4,33,2.03562e-08
4,34,3.25257e-09
4,35,3.60011e-10
4,36,2.6074e-11
4,37,1.10789e-12
4,38,2.08928e-14
4,39,0
4,40,0
4,41,0
4,42,0
4,43,0
4,44,0
4,45,0
4,46,0
4,47,0
4,48,0
4,49,0
4,50,0
4,51,0
4,52,0
4,53,0
4,54,0
4,55,0
4,56,0
4,57,0
4,58,0
4,59,0
4,60,0
4,61,0
4,62,0
4,63,0
4,64,0
4,65,0
4,66,0
4,67,0
4,68,0
4,69,0
4,70,0
4,71,0
4,72,0
4,73,0
4,74,0
4,75,0
4,76,0
4,77,0
4,78,0
4,79,0
4,80,0
4,81,0
4,82,0
4,83,0
4,84,0
4,85,0
4,86,0
4,87,0
4,88,0
4,89,0
4,90,0
4,91,0
4,92,0
4,93,0
4,94,0
4,95,0
4,96,0
4,97,0
4,98,0
4,99,0
5,0,0
5,1,0
5,2,0
5,3,0
5,4,0
5,5,0
5,6,0
5,7,0
5,8,0
5,9,0
5,10,0
5,11,3.13392e-14
5,12,1.78967e-12
5,13,4.56053e-11
5,14,6.85782e-10
5,15,6.78869e-09
5,16,4.68218e-08
5,17,2.33039e-07
5,18,8.60149e-07
5,19,2.42168e-06
5,20,5.38223e-06
5,21,9.81813e-06
5,22,1.5216e-05
5,23,2.05084e-05
5,24,2.43967e-05
5,25,2.5829e-05
5,26,2.43967e-05
5,27,2.05084e-05
5,28,1.5216e-05
5,29,9.81813e-06
5,30,5.38223e-06
5,31,2.42168e-06
5,32,8.60149e-07
5,33,2.33039e-07
5,34,4.68218e-08
5,35,6.78869e-09
5,36,6.85782e-10
5,37,4.56053e-11
5,38,1.78967e-12
5,39,3.13392e-14
5,40,0
5,41,0
5,42,0
5,43,0
5,44,0
5,45,0
5,46,0
5,47,0
5,48,0
5,49,0
5,50,0
5,51,0
5,52,0
5,53,0
5,54,0
5,55,0
5,56,0
5,57,0
5,58,0
5,59,0
5,60,0
5,61,0
5,62,0
5,63,0
5,64,0
5,65,0
5,66,0
5,67,0
5,68,0
5,69,0
5,70,0
5,71,0
5,72,0
5,73,0
5,74,0
5,75,0
5,76,0
5,77,0
5,78,0
5,79,0
5,80,0
5,81,0
5,82,0
5,83,0
5,84,0
5,85,0
5,86,0
5,87,0
5,88,0
5,89,0
5,90,0
5,91,0
5,92,0
5,93,0
5,94,0
5,95,0
5,96,0
5,97,0
5,98,0
5,99,0
6,0,0
6,1,0
6,2,0
6,3,0
6,4,0
6,5,0
6,6,0
6,7,0
6,8,0
6,9,0
6,10,4.17856e-14
6,11,2.55667e-12
6,12,7.01347e-11
6,13,1.1411e-09
6,14,1.22862e-08
6,15,9.2632e-08
6,16,5.06031e-07
6,17,2.05368e-06
6,18,6.34478e-06
6,19,1.53782e-05
6,20,3.03606e-05
6,21,5.07335e-05
6,22,7.38745e-05
6,23,9.54928e-05
6,24,0.000110918
6,25,0.00011651
6,26,0.000110918
6,27,9.54928e-05
6,28,7.38745e-05
6,29,5.07335e-05
6,30,3.03606e-05
6,31,1.53782e-05
6,32,6.34478e-06
6,33,2.05368e-06
6,34,5.06031e-07
6,35,9.2632e-08
6,36,1.22862e-08
6,37,1.1411e-09
6,38,7.01347e-11
6,39,2.55667e-12
6,40,4.17856e-14
6,41,0
6,42,0
6,43,0
6,44,0
6,45,0
6,46,0
6,47,0
6,48,0
6,49,0
6,50,0
6,51,0
6,52,0
6,53,0
6,54,0
6,55,0
6,56,0
6,57,0
6,58,0
6,59,0
6,60,0
6,61,0
6,62,0
6,63,0
6,64,0
6,65,0
6,66,0
6,67,0
6,68,0
6,69,0
6,70,0
6,71,0
6,72,0
6,73,0
6,74,0
6,75,0
6,76,0
6,77,0
6,78,0
6,79,0
6,80,0
6,81,0
6,82,0
6,83,0
6,84,0
6,85,0
6,86,0
6,87,0
6,88,0
6,89,0
6,90,0
6,91,0
6,92,0
6,93,0
6,94,0
6,95,0
6,96,0
6,97,0
6,98,0
6,99,0
7,0,0
7,1,0
7,2,0
7,3,0
7,4,0
7,5,0
7,6,0
7,7,0
7,8,0
7,9,4.96203e-14
7,10,3.23845e-12
7,11,9.51575e-11
7,12,1.66581e-09
7,13,1.93878e-08
7,14,1.58716e-07
7,15,9.44904e-07
7,16,4.1868e-06
7,17,1.41001e-05
7,18,3.70266e-05
7,19,7.84716e-05
7,20,0.000139732
7,21,0.000216509
7,22,0.000298692
7,23,0.000372422
7,24,0.000423722
7,25,0.000442078
7,26,0.000423722
7,27,0.000372422
7,28,0.000298692
7,29,0.000216509
7,30,0.000139732
7,31,7.84716e-05
7,32,3.70266e-05
7,33,1.41001e-05
7,34,4.1868e-06
7,35,9.44904e-07
7,36,1.58716e-07
7,37,1.93878e-08
7,38,1.66581e-09
7,39,9.51575e-11
7,40,3.23845e-12
7,41,4.96203e-14
7,42,0
7,43,0
7,44,0
7,45,0
7,46,0
7,47,0
7,48,0
7,49,0
7,50,0
7,51,0
7,52,0
7,53,0
7,54,0
7,55,0
7,56,0
7,57,0
7,58,0
7,59,0
7,60,0
7,61,0
7,62,0
7,63,0
7,64,0
7,65,0
7,66,0
7,67,0
7,68,0
7,69,0
7,70,0
7,71,0
7,72,0
7,73,0
7,74,0
7,75,0
7,76,0
7,77,0
7,78,0
7,79,0
7,80,0
7,81,0
7,82,0
7,83,0
7,84,0
7,85,0
7,86,0
7,87,0
7,88,0
7,89,0
7,90,0
7,91,0
7,92,0
7,93,0
7,94,0
7,95,0
7,96,0
7,97,0
7,98,0
7,99,0
8,0,0
8,1,0
8,2,0
8,3,0
8,4,0
8,5,0
8,6,0
8,7,0
8,8,5.25392e-14
8,9,3.64325e-12
8,10,1.14171e-10
8,11,2.14015e-09
8,12,2.6783e-08
8,13,2.36716e-07
8,14,1.52677e-06
8,15,7.34319e-06
8,16,2.68164e-05
8,17,7.59433e-05
8,18,0.000171872
8,19,0.000323495
8,20,0.000527296
8,21,0.00076605
8,22,0.00100935
8,23,0.00122077
8,24,0.00136473
8,25,0.00141585
8,26,0.00136473
8,27,0.00122077
8,28,0.00100935
8,29,0.000766049
8,30,0.000527296
8,31,0.000323495
8,32,0.000171872
8,33,7.59433e-05
8,34,2.68164e-05
8,35,7.34319e-06
8,36,1.52677e-06
8,37,2.36716e-07
8,38,2.6783e-08
8,39,2.14015e-09
8,40,1.14171e-10
8,41,3.64326e-12
8,42,5.25392e-14
8,43,0
8,44,0
8,45,0
8,46,0
8,47,0
8,48,0
8,49,0
8,50,0
8,51,0
8,52,0
8,53,0
8,54,0
8,55,0
8,56,0
8,57,0
8,58,0
8,59,0
8,60,0
8,61,0
8,62,0
8,63,0
8,64,0
8,65,0
8,66,0
8,67,0
8,68,0
8,69,0
8,70,0
8,71,0
8,72,0
8,73,0
8,74,0
8,75,0
8,76,0
8,77,0
8,78,0
8,79,0
8,80,0
8,81,0
8,82,0
8,83,0
8,84,0
8,85,0
8,86,0
8,87,0
8,88,0
8,89,0
8,90,0
8,91,0
8,92,0
8,93,0
8,94,0
8,95,0
8,96,0
8,97,0
8,98,0
8,99,0
9,0,0
9,1,0
9,2,0
9,3,0
9,4,0
9,5,0
9,6,0
9,7,4.96203e-14
9,8,3.64325e-12
9,9,1.21301e-10
9,10,2.42461e-09
9,11,3.24787e-08
9,12,3.08418e-07
9,13,2.14437e-06
9,14,1.11414e-05
9,15,4.39372e-05
9,16,0.000133765
9,17,0.000322343
9,18,0.000638225
9,19,0.00108551
9,20,0.00164442
9,21,0.00226524
9,22,0.00287544
9,23,0.00339316
9,24,0.00374001
9,25,0.00386265
9,26,0.00374001
9,27,0.00339316
9,28,0.00287544
9,29,0.00226524
9,30,0.00164442
9,31,0.00108551
9,32,0.000638225
9,33,0.000322343
9,34,0.000133765
9,35,4.39372e-05
9,36,1.11414e-05
9,37,2.14437e-06
9,38,3.08418e-07
9,39,3.24787e-08
9,40,2.42461e-09
9,41,1.21301e-10
9,42,3.64326e-12
9,43,4.96203e-14
9,44,0
9,45,0
9,46,0
9,47,0
9,48,0
9,49,0
9,50,0
9,51,0
9,52,0
9,53,0
9,54,0
9,55,0
9,56,0
9,57,0
9,58,0
9,59,0
9,60,0
9,61,0
9,62,0
9,63,0
9,64,0
9,65,0
9,66,0
9,67,0
9,68,0
9,69,0
9,70,0
9,71,0
9,72,0
9,73,0
9,74,0
9,75,0
9,76,0
9,77,0
9,78,0
9,79,0
9,80,0
9,81,0
9,82,0
9,83,0
9,84,0
9,85,0
9,86,0
9,87,0
9,88,0
9,89,0
9,90,0
9,91,0
9,92,0
9,93,0
9,94,0
9,95,0
9,96,0
9,97,0
9,98,0
9,99,0
10,0,0
10,1,0
10,2,0
10,3,0
10,4,0
10,5,0
10,6,4.17856e-14
10,7,3.23845e-12
10,8,1.14171e-10
10,9,2.42461e-09
10,10,3.46287e-08
10,11,3.51847e-07
10,12,2.62603e-06
10,13,1.46808e-05
10,14,6.23164e-05
10,15,0.00020354
10,16,0.000521759
10,17,0.00108486
10,18,0.00191625
10,19,0.00300667
10,20,0.00430244
10,21,0.00569016
10,22,0.00702495
10,23,0.00813733
10,24,0.00887652
10,25,0.00913567
10,26,0.00887652
10,27,0.00813733
10,28,0.00702495
10,29,0.00569016
10,30,0.00430244
10,31,0.00300667
10,32,0.00191625
10,33,0.00108486
10,34,0.000521759
10,35,0.00020354
10,36,6.23164e-05
10,37,1.46808e-05
10,38,2.62603e-06
10,39,3.51847e-07
10,40,3.46287e-08
10,41,2.42461e-09
10,42,1.14171e-10
10,43,3.23845e-12
10,44,4.17856e-14
10,45,0
10,46,0
10,47,0
10,48,0
10,49,0
10,50,0
10,51,0
10,52,0
10,53,0
10,54,0
10,55,0
10,56,0
10,57,0
10,58,0
10,59,0
10,60,0
10,61,0
10,62,0
10,63,0
10,64,0
10,65,0
10,66,0
10,67,0
10,68,0
10,69,0
10,70,0
10,71,0
10,72,0
10,73,0
10,74,0
10,75,0
10,76,0
10,77,0
10,78,0
10,79,0
10,80,0
10,81,0
10,82,0
10,83,0
10,84,0
10,85,0
10,86,0
10,87,0
10,88,0
10,89,0
10,90,0
10,91,0
10,92,0
10,93,0
10,94,0
10,95,0
10,96,0
10,97,0
10,98,0
10,99,0
11,0,0
11,1,0
11,2,0
11,3,0
11,4,0
11,5,3.13392e-14
11,6,2.55667e-12
11,7,9.51575e-11
11,8,2.14015e-09
11,9,3.24787e-08
11,10,3.51847e-07
11,11,2.80898e-06
11,12,1.68418e-05
11,13,7.67573e-05
11,14,0.000268677
11,15,0.000733102
11,16,0.00160264
11,17,0.00293701
11,18,0.00475639
11,19,0.007051
11,20,0.00969488
11,21,0.0124746
11,22,0.0151113
11,23,0.0172799
11,24,0.0187152
11,25,0.0192118
11,26,0.0187152
11,27,0.0172799
11,28,0.0151113
11,29,0.0124746
11,30,0.00969488
11,31,0.00705099
11,32,0.00475639
11,33,0.00293701
11,34,0.00160264
11,35,0.000733101
11,36,0.000268677
11,37,7.67573e-05
11,38,1.68418e-05
11,39,2.80898e-06
11,40,3.51847e-07
11,41,3.24787e-08
11,42,2.14015e-09
11,43,9.51575e-11
11,44,2.55667e-12
11,45,3.13392e-14
11,46,0
11,47,0
11,48,0
11,49,0
11,50,0
11,51,0
11,52,0
11,53,0
11,54,0
11,55,0
11,56,0
11,57,0
11,58,0
11,59,0
11,60,0
11,61,0
11,62,0
11,63,0
11,64,0
11,65,0
11,66,0
11,67,0
11,68,0
11,69,0
11,70,0
11,71,0
11,72,0
11,73,0
11,74,0
11,75,0
11,76,0
11,77,0
11,78,0
11,79,0
11,80,0
11,81,0
11,82,0
11,83,0
11,84,0
11,85,0
11,86,0
11,87,0
11,88,0
11,89,0
11,90,0
11,91,0
11,92,0
11,93,0
11,94,0
11,95,0
11,96,0
11,97,0
11,98,0
11,99,0
12,0,0
12,1,0
12,2,0
12,3,0
12,4,2.08928e-14
12,5,1.78967e-12
12,6,7.01347e-11
12,7,1.66581e-09
12,8,2.6783e-08
12,9,3.08418e-07
12,10,2.62603e-06
12,11,1.68418e-05
12,12,8.22627e-05
12,13,0.000308489
12,14,0.000897664
12,15,0.00207108
12,16,0.00395006
12,17,0.00660394
12,18,0.0101442
12,19,0.0145298
12,20,0.0194886
12,21,0.0246476
12,22,0.0294497
12,23,0.0333648
12,24,0.0359231
12,25,0.0368092
12,26,0.0359232
12,27,0.0333648
12,28,0.0294497
12,29,0.0246476
12,30,0.0194886
12,31,0.0145298
12,32,0.0101442
12,33,0.00660394
12,34,0.00395006
12,35,0.00207108
12,36,0.000897663
12,37,0.000308489
12,38,8.22627e-05
12,39,1.68418e-05
12,40,2.62603e-06
12,41,3.08418e-07
12,42,2.6783e-08
12,43,1.66581e-09
12,44,7.01347e-11
12,45,1.78967e-12
12,46,2.08928e-14
12,47,0
12,48,0
12,49,0
12,50,0
12,51,0
12,52,0
12,53,0
12,54,0
12,55,0
12,56,0
12,57,0
12,58,0
12,59,0
12,60,0
12,61,0
12,62,0
12,63,0
12,64,0
12,65,0
12,66,0
12,67,0
12,68,0
12,69,0
12,70,0
12,71,0
12,72,0
12,73,0
12,74,0
12,75,0
12,76,0
12,77,0
12,78,0
12,79,0
12,80,0
12,81,0
12,82,0
12,83,0
12,84,0
12,85,0
12,86,0
12,87,0
12,88,0
12,89,0
12,90,0
12,91,0
12,92,0
12,93,0
12,94,0
12,95,0
12,96,0
12,97,0
12,98,0
12,99,0
13,0,0
13,1,0
13,2,0
13,3,1.23457e-14
13,4,1.10789e-12
13,5,4.56053e-11
13,6,1.14109e-09
13,7,1.93878e-08
13,8,2.36716e-07
13,9,2.14437e-06
13,10,1.46808e-05
13,11,7.67573e-05
13,12,0.000308489
13,13,0.000960108
13,14,0.00235174
13,15,0.00470121
13,16,0.00815009
13,17,0.0130025
13,18,0.0194759
13,19,0.0272972
13,20,0.0360011
13,21,0.0448481
13,22,0.0528857
13,23,0.0593572
13,24,0.0634923
13,25,0.0649484
13,26,0.0634923
13,27,0.0593572
13,28,0.0528857
13,29,0.0448481
13,30,0.0360011
13,31,0.0272972
13,32,0.0194759
13,33,0.0130025
13,34,0.00815009
13,35,0.00470121
13,36,0.00235174
13,37,0.000960108
13,38,0.000308489
13,39,7.67573e-05
13,40,1.46808e-05
13,41,2.14437e-06
13,42,2.36716e-07
13,43,1.93878e-08
13,44,1.1411e-09
13,45,4.56053e-11
13,46,1.10789e-12
13,47,1.23457e-14
13,48,0
13,49,0
13,50,0
13,51,0
13,52,0
13,53,0
13,54,0
13,55,0
13,56,0
13,57,0
13,58,0
13,59,0
13,60,0
13,61,0
13,62,0
13,63,0
13,64,0
13,65,0
13,66,0
13,67,0
13,68,0
13,69,0
13,70,0
13,71,0
13,72,0
13,73,0
13,74,0
13,75,0
13,76,0
13,77,0
13,78,0
13,79,0
13,80,0
13,81,0
13,82,0
13,83,0
13,84,0
13,85,0
13,86,0
13,87,0
13,88,0
13,89,0
13,90,0
13,91,0
13,92,0
13,93,0
13,94,0
13,95,0
13,96,0
13,97,0
13,98,0
13,99,0
14,0,0
14,1,0
14,2,6.44125e-15
14,3,6.04304e-13
14,4,2.6074e-11
14,5,6.85782e-10
14,6,1.22862e-08
14,7,1.58716e-07
14,8,1.52677e-06
14,9,1.11414e-05
14,10,6.23164e-05
14,11,0.000268677
14,12,0.000897663
14,13,0.00235174
14,14,0.00497887
14,15,0.00902911
14,16,0.0150185
14,17,0.0235926
14,18,0.0346494
14,19,0.0475803
14,20,0.0616108
14,21,0.0753015
14,22,0.087486
14,23,0.0970043
14,24,0.103017
14,25,0.105101
14,26,0.103017
14,27,0.0970043
14,28,0.087486
14,29,0.0753015
14,30,0.0616108
14,31,0.0475803
14,32,0.0346494
14,33,0.0235926
14,34,0.0150185
14,35,0.0090291
14,36,0.00497887
14,37,0.00235174
14,38,0.000897664
14,39,0.000268677
14,40,6.23164e-05
14,41,1.11414e-05
14,42,1.52677e-06
14,43,1.58716e-07
14,44,1.22862e-08
14,45,6.85782e-10
14,46,2.6074e-11
14,47,6.04304e-13
14,48,6.44125e-15
14,49,0
14,50,0
14,51,0
14,52,0
14,53,0
14,54,0
14,55,0
14,56,0
14,57,0
14,58,0
14,59,0
14,60,0
14,61,0
14,62,0
14,63,0
14,64,0
14,65,0
14,66,0
14,67,0
14,68,0
14,69,0
14,70,0
14,71,0
14,72,0
14,73,0
14,74,0
14,75,0
14,76,0
14,77,0
14,78,0
14,79,0
14,80,0
14,81,0
14,82,0
14,83,0
14,84,0
14,85,0
14,86,0
14,87,0
14,88,0
14,89,0
14,90,0
14,91,0
14,92,0
14,93,0
14,94,0
14,95,0
14,96,0
14,97,0
14,98,0
14,99,0
15,0,0
15,1,2.95224e-15
15,2,2.89015e-13
15,3,1.30461e-11
15,4,3.60011e-10
15,5,6.78869e-09
15,6,9.2632e-08
15,7,9.44904e-07
15,8,7.34319e-06
15,9,4.39372e-05
15,10,0.00020354
15,11,0.000733101
15,12,0.00207108
15,13,0.00470121
15,14,0.0090291
15,15,0.0157448
15,16,0.0259499
15,17,0.0399951
15,18,0.0571708
15,19,0.0767265
15,20,0.0969878
15,21,0.116005
15,22,0.132463
15,23,0.144778
15,24,0.152557
15,25,0.155078
15,26,0.152557
15,27,0.144778
15,28,0.132463
15,29,0.116005
15,30,0.0969878
15,31,0.0767265
15,32,0.0571708
15,33,0.0399951
15,34,0.0259499
15,35,0.0157448
15,36,0.0090291
15,37,0.00470121
15,38,0.00207108
15,39,0.000733101
15,40,0.000203541
15,41,4.39372e-05
15,42,7.34319e-06
15,43,9.44904e-07
15,44,9.2632e-08
15,45,6.78869e-09
15,46,3.60011e-10
15,47,1.30461e-11
15,48,2.89015e-13
15,49,2.95224e-15
15,50,0
15,51,0
15,52,0
15,53,0
15,54,0
15,55,0
15,56,0
15,57,0
15,58,0
15,59,0
15,60,0
15,61,0
15,62,0
15,63,0
15,64,0
15,65,0
15,66,0
15,67,0
15,68,0
15,69,0
15,70,0
15,71,0
15,72,0
15,73,0
15,74,0
15,75,0
15,76,0
15,77,0
15,78,0
15,79,0
15,80,0
15,81,0
15,82,0
15,83,0
15,84,0
15,85,0
15,86,0
15,87,0
15,88,0
15,89,0
15,90,0
15,91,0
15,92,0
15,93,0
15,94,0
15,95,0
15,96,0
15,97,0
15,98,0
15,99,0
16,0,0
16,1,1.20423e-13
16,2,5.67739e-12
16,3,1.64114e-10
16,4,3.25257e-09
16,5,4.68218e-08
16,6,5.06031e-07
16,7,4.1868e-06
16,8,2.68164e-05
16,9,0.000133765
16,10,0.000521759
16,11,0.00160264
16,12,0.00395006
16,13,0.00815009
16,14,0.0150185
16,15,0.0259499
16,16,0.0419633
16,17,0.0626187
16,18,0.0871228
16,19,0.113942
16,20,0.140168
16,21,0.163989
16,22,0.183397
16,23,0.197474
16,24,0.206014
16,25,0.208748
16,26,0.206014
16,27,0.197474
16,28,0.183397
16,29,0.163989
16,30,0.140168
16,31,0.113942
16,32,0.0871228
16,33,0.0626187
16,34,0.0419633
16,35,0.0259499
16,36,0.0150185
16,37,0.00815009
16,38,0.00395006
16,39,0.00160264
16,40,0.000521759
16,41,0.000133765
16,42,2.68164e-05
16,43,4.1868e-06
16,44,5.06031e-07
16,45,4.68218e-08
16,46,3.25257e-09
16,47,1.64114e-10
16,48,5.67739e-12
16,49,1.20423e-13
16,50,1.1809e-15
16,51,0
16,52,0
16,53,0
16,54,0
16,55,0
16,56,0
16,57,0
16,58,0
16,59,0
16,60,0
16,61,0
16,62,0
16,63,0
16,64,0
16,65,0
16,66,0
16,67,0
16,68,0
16,69,0
16,70,0
16,71,0
16,72,0
16,73,0
16,74,0
16,75,0
16,76,0
16,77,0
16,78,0
16,79,0
16,80,0
16,81,0
16,82,0
16,83,0
16,84,0
16,85,0
16,86,0
16,87,0
16,88,0
16,89,0
16,90,0
16,91,0
16,92,0
16,93,0
16,94,0
16,95,0
16,96,0
16,97,0
16,98,0
16,99,0
17,0,0
17,1,2.13112e-12
17,2,6.44605e-11
17,3,1.34132e-09
17,4,2.03562e-08
17,5,2.33039e-07
17,6,2.05368e-06
17,7,1.41001e-05
17,8,7.59433e-05
17,9,0.000322343
17,10,0.00108486
17,11,0.00293701
17,12,0.00660394
17,13,0.0130025
17,14,0.0235926
17,15,0.0399951
17,16,0.0626187
17,17,0.0907996
17,18,0.123158
17,19,0.156294
17,20,0.187072
17,21,0.213271
17,22,0.23292
17,23,0.246553
17,24,0.254023
17,25,0.256623
17,26,0.254023
17,27,0.246553
17,28,0.23292
17,29,0.213271
17,30,0.187072
17,31,0.156294
17,32,0.123158
17,33,0.0907996
17,34,0.0626187
17,35,0.0399951
17,36,0.0235926
17,37,0.0130025
17,38,0.00660394
17,39,0.00293701
17,40,0.00108486
17,41,0.000322343
17,42,7.59433e-05
17,43,1.41001e-05
17,44,2.05368e-06
17,45,2.33039e-07
17,46,2.03562e-08
17,47,1.34132e-09
17,48,6.44605e-11
17,49,2.13153e-12
17,50,4.33522e-14
17,51,4.08772e-16
17,52,0
17,53,0
17,54,0
17,55,0
17,56,0
17,57,0
17,58,0
17,59,0
17,60,0
17,61,0
17,62,0
17,63,0
17,64,0
17,65,0
17,66,0
17,67,0
17,68,0
17,69,0
17,70,0
17,71,0
17,72,0
17,73,0
17,74,0
17,75,0
17,76,0
17,77,0
17,78,0
17,79,0
17,80,0
17,81,0
17,82,0
17,83,0
17,84,0
17,85,0
17,86,0
17,87,0
17,88,0
17,89,0
17,90,0
17,91,0
17,92,0
17,93,0
17,94,0
17,95,0
17,96,0
17,97,0
17,98,0
17,99,0
18,0,0
18,1,2.15795e-11
18,2,4.71482e-10
18,3,7.54291e-09
18,4,9.15184e-08
18,5,8.6015e-07
18,6,6.34478e-06
18,7,3.70266e-05
18,8,0.000171872
18,9,0.000638225
18,10,0.00191625
18,11,0.00475639
18,12,0.0101442
18,13,0.0194759
18,14,0.0346494
18,15,0.0571708
18,16,0.0871228
18,17,0.123158
18,18,0.161973
18,19,0.199161
18,20,0.231331
18,21,0.255684
18,22,0.272149
18,23,0.281888
18,24,0.286572
18,25,0.288057
18,26,0.286572
18,27,0.281888
18,28,0.272149
18,29,0.255684
18,30,0.231331
18,31,0.199161
18,32,0.161973
18,33,0.123158
18,34,0.0871228
18,35,0.0571708
18,36,0.0346494
18,37,0.0194759
18,38,0.0101442
18,39,0.00475639
18,40,0.00191625
18,41,0.000638225
18,42,0.000171872
18,43,3.70266e-05
18,44,6.34478e-06
18,45,8.6015e-07
18,46,9.15184e-08
18,47,7.54291e-09
18,48,4.71482e-10
18,49,2.15928e-11
18,50,6.8314e-13
18,51,1.33391e-14
18,52,1.21118e-16
18,53,0
18,54,0
18,55,0
18,56,0
18,57,0
18,58,0
18,59,0
18,60,0
18,61,0
18,62,0
18,63,0
18,64,0
18,65,0
18,66,0
18,67,0
18,68,0
18,69,0
18,70,0
18,71,0
18,72,0
18,73,0
18,74,0
18,75,0
18,76,0
18,77,0
18,78,0
18,79,0
18,80,0
18,81,0
18,82,0
18,83,0
18,84,0
18,85,0
18,86,0
18,87,0
18,88,0
18,89,0
18,90,0
18,91,0
18,92,0
18,93,0
18,94,0
18,95,0
18,96,0
18,97,0
18,98,0
18,99,0
19,0,0
19,1,1.39264e-10
19,2,2.35355e-09
19,3,3.03108e-08
19,4,3.04558e-07
19,5,2.42168e-06
19,6,1.53782e-05
19,7,7.84716e-05
19,8,0.000323495
19,9,0.00108551
19,10,0.00300667
19,11,0.007051
19,12,0.0145298
19,13,0.0272972
19,14,0.0475803
19,15,0.0767265
19,16,0.113942
19,17,0.156294
19,18,0.199161
19,19,0.237212
19,20,0.266205
19,21,0.284701
19,22,0.294061
19,23,0.297032
19,24,0.297208
19,25,0.296878
19,26,0.297208
19,27,0.297033
19,28,0.294061
19,29,0.284701
19,30,0.266205
19,31,0.237212
19,32,0.199161
19,33,0.156294
19,34,0.113942
19,35,0.0767265
19,36,0.0475803
19,37,0.0272972
19,38,0.0145298
19,39,0.007051
19,40,0.00300667
19,41,0.00108551
19,42,0.000323495
19,43,7.84716e-05
19,44,1.53782e-05
19,45,2.42168e-06
19,46,3.04558e-07
19,47,3.03108e-08
19,48,2.35356e-09
19,49,1.39448e-10
19,50,6.0856e-12
19,51,1.84299e-13
19,52,3.4583e-15
19,53,3.02794e-17
19,54,0
19,55,0
19,56,0
19,57,0
19,58,0
19,59,0
19,60,0
19,61,0
19,62,0
19,63,0
19,64,0
19,65,0
19,66,0
19,67,0
19,68,0
19,69,0
19,70,0
19,71,0
19,72,0
19,73,0
19,74,0
19,75,0
19,76,0
19,77,0
19,78,0
19,79,0
19,80,0
19,81,0
19,82,0
19,83,0
19,84,0
19,85,0
19,86,0
19,87,0
19,88,0
19,89,0
19,90,0
19,91,0
19,92,0
19,93,0
19,94,0
19,95,0
19,96,0
19,97,0
19,98,0
19,99,0
20,0,0
20,1,6.07044e-10
20,2,8.34223e-09
20,3,8.99624e-08
20,4,7.74767e-07
20,5,5.38223e-06
20,6,3.03606e-05
20,7,0.000139732
20,8,0.000527296
20,9,0.00164442
20,10,0.00430244
20,11,0.00969488
20,12,0.0194886
20,13,0.0360011
20,14,0.0616108
20,15,0.0969878
20,16,0.140168
20,17,0.187072
20,18,0.231331
20,19,0.266205
20,20,0.288319
20,21,0.297469
20,22,0.296811
20,23,0.291328
20,24,0.285642
20,25,0.283387
20,26,0.285642
20,27,0.291328
20,28,0.296811
20,29,0.297469
20,30,0.288319
20,31,0.266205
20,32,0.231331
20,33,0.187072
20,34,0.140168
20,35,0.0969878
20,36,0.0616108
20,37,0.0360011
20,38,0.0194886
20,39,0.00969488
20,40,0.00430244
20,41,0.00164442
20,42,0.000527296
20,43,0.000139732
20,44,3.03606e-05
20,45,5.38223e-06
20,46,7.74767e-07
20,47,8.99624e-08
20,48,8.34227e-09
20,49,6.08461e-10
20,50,3.41064e-11
20,51,1.41691e-12
20,52,4.10696e-14
20,53,7.41064e-16
20,54,6.2647e-18
20,55,0
20,56,0
20,57,0
20,58,0
20,59,0
20,60,0
20,61,0
20,62,0
20,63,0
20,64,0
20,65,0
20,66,0
20,67,0
20,68,0
20,69,0
20,70,0
20,71,0
20,72,0
20,73,0
20,74,0
20,75,0
20,76,0
20,77,0
20,78,0
20,79,0
20,80,0
20,81,0
20,82,0
20,83,0
20,84,0
20,85,0
20,86,0
20,87,0
20,88,0
20,89,0
20,90,0
20,91,0
20,92,0
20,93,0
20,94,0
20,95,0
20,96,0
20,97,0
20,98,0
20,99,0
21,0,0
21,1,1.86358e-09
21,2,2.17781e-08
21,3,2.04498e-07
21,4,1.56462e-06
21,5,9.81813e-06
21,6,5.07335e-05
21,7,0.000216509
21,8,0.00076605
21,9,0.00226524
21,10,0.00569016
21,11,0.0124746
21,12,0.0246476
21,13,0.0448481
21,14,0.0753015
21,15,0.116005
21,16,0.163989
21,17,0.213271
21,18,0.255684
21,19,0.284701
21,20,0.297469
21,21,0.295316
21,22,0.283826
21,23,0.26911
21,24,0.257505
21,25,0.252913
21,26,0.257505
21,27,0.26911
21,28,0.283826
21,29,0.295316
21,30,0.297469
21,31,0.284701
21,32,0.255684
21,33,0.213271
21,34,0.163989
21,35,0.116005
21,36,0.0753015
21,37,0.0448482
21,38,0.0246476
21,39,0.0124746
21,40,0.00569016
21,41,0.00226524
21,42,0.00076605
21,43,0.000216509
21,44,5.07335e-05
21,45,9.81813e-06
21,46,1.56462e-06
21,47,2.04498e-07
21,48,2.17783e-08
21,49,1.87031e-09
21,50,1.27494e-10
21,51,6.73533e-12
21,52,2.65712e-13
21,53,7.36302e-15
21,54,1.2777e-16
21,55,1.04412e-18
21,56,0
21,57,0
21,58,0
21,59,0
21,60,0
21,61,0
21,62,0
21,63,0
21,64,0
21,65,0
21,66,0
21,67,0
21,68,0
21,69,0
21,70,0
21,71,0
21,72,0
21,73,0
21,74,0
21,75,0
21,76,0
21,77,0
21,78,0
21,79,0
21,80,0
21,81,0
21,82,0
21,83,0
21,84,0
21,85,0
21,86,0
21,87,0
21,88,0
21,89,0
21,90,0
21,91,0
21,92,0
21,93,0
21,94,0
21,95,0
21,96,0
21,97,0
21,98,0
21,99,0
22,0,0
22,1,4.19594e-09
22,2,4.35809e-08
22,3,3.7048e-07
22,4,2.60593e-06
22,5,1.5216e-05
22,6,7.38745e-05
22,7,0.000298692
22,8,0.00100935
22,9,0.00287544
22,10,0.00702495
22,11,0.0151113
22,12,0.0294497
22,13,0.0528857
22,14,0.087486
22,15,0.132463
22,16,0.183397
22,17,0.23292
22,18,0.272149
22,19,0.294061
22,20,0.296811
22,21,0.283826
22,22,0.261869
22,23,0.238686
22,24,0.220854
22,25,0.213742
22,26,0.220854
22,27,0.238686
22,28,0.261869
22,29,0.283826
22,30,0.296811
22,31,0.294061
22,32,0.272149
22,33,0.23292
22,34,0.183397
22,35,0.132463
22,36,0.087486
22,37,0.0528857
22,38,0.0294497
22,39,0.0151113
22,40,0.00702495
22,41,0.00287544
22,42,0.00100935
22,43,0.000298692
22,44,7.38745e-05
22,45,1.5216e-05
22,46,2.60593e-06
22,47,3.7048e-07
22,48,4.35819e-08
22,49,4.21693e-09
22,50,3.32279e-10
22,51,2.09906e-11
22,52,1.03781e-12
22,53,3.86816e-14
22,54,1.02171e-15
22,55,1.7036e-17
22,56,1.34725e-19
22,57,0
22,58,0
22,59,0
22,60,0
22,61,0
22,62,0
22,63,0
22,64,0
22,65,0
22,66,0
22,67,0
22,68,0
22,69,0
22,70,0
22,71,0
22,72,0
22,73,0
22,74,0
22,75,0
22,76,0
22,77,0
22,78,0
22,79,0
22,80,0
22,81,0
22,82,0
22,83,0
22,84,0
22,85,0
22,86,0
22,87,0
22,88,0
22,89,0
22,90,0
22,91,0
22,92,0
22,93,0
22,94,0
22,95,0
22,96,0
22,97,0
22,98,0
22,99,0
23,0,0
23,1,7.23156e-09
23,2,6.95491e-08
23,3,5.5391e-07
23,4,3.68541e-06
23,5,2.05084e-05
23,6,9.54928e-05
23,7,0.000372422
23,8,0.00122077
23,9,0.00339316
23,10,0.00813733
23,11,0.0172799
23,12,0.0333648
23,13,0.0593572
23,14,0.0970043
23,15,0.144778
23,16,0.197474
23,17,0.246553
23,18,0.281888
23,19,0.297033
23,20,0.291328
23,21,0.26911
23,22,0.238686
23,23,0.207587
23,24,0.182674
23,25,0.170895
23,26,0.182674
23,27,0.207587
23,28,0.238686
23,29,0.26911
23,30,0.291328
23,31,0.297033
23,32,0.281888
23,33,0.246553
23,34,0.197474
23,35,0.144778
23,36,0.0970043
23,37,0.0593572
23,38,0.0333648
23,39,0.0172799
23,40,0.00813733
23,41,0.00339316
23,42,0.00122077
23,43,0.000372422
23,44,9.54928e-05
23,45,2.05084e-05
23,46,3.68541e-06
23,47,5.5391e-07
23,48,6.95517e-08
23,49,7.27652e-09
23,50,6.31007e-10
23,51,4.49555e-11
23,52,2.5937e-12
23,53,1.18447e-13
23,54,4.12756e-15
23,55,1.03202e-16
23,56,1.64864e-18
23,57,1.26304e-20
23,58,0
23,59,0
23,60,0
23,61,0
23,62,0
23,63,0
23,64,0
23,65,0
23,66,0
23,67,0
23,68,0
23,69,0
23,70,0
23,71,0
23,72,0
23,73,0
23,74,0
23,75,0
23,76,0
23,77,0
23,78,0
23,79,0
23,80,0
23,81,0
23,82,0
23,83,0
23,84,0
23,85,0
23,86,0
23,87,0
23,88,0
23,89,0
23,90,0
23,91,0
23,92,0
23,93,0
23,94,0
23,95,0
23,96,0
23,97,0
23,98,0
23,99,0
24,0,0
24,1,9.89099e-09
24,2,9.11109e-08
24,3,6.99194e-07
24,4,4.50636e-06
24,5,2.43967e-05
24,6,0.000110918
24,7,0.000423722
24,8,0.00136473
24,9,0.00374001
24,10,0.00887652
24,11,0.0187152
24,12,0.0359231
24,13,0.0634923
24,14,0.103017
24,15,0.152557
24,16,0.206014
24,17,0.254023
24,18,0.286572
24,19,0.297208
24,20,0.285642
24,21,0.257505
24,22,0.220854
24,23,0.182674
24,24,0.14747
24,25,0.122125
24,26,0.14747
24,27,0.182674
24,28,0.220854
24,29,0.257505
24,30,0.285642
24,31,0.297208
24,32,0.286572
24,33,0.254023
24,34,0.206014
24,35,0.152557
24,36,0.103017
24,37,0.0634923
24,38,0.0359231
24,39,0.0187152
24,40,0.00887652
24,41,0.00374001
24,42,0.00136473
24,43,0.000423722
24,44,0.000110918
24,45,2.43967e-05
24,46,4.50636e-06
24,47,6.99194e-07
24,48,9.11152e-08
24,49,9.96033e-09
24,50,9.10804e-10
24,51,6.93301e-11
24,52,4.35907e-12
24,53,2.23651e-13
24,54,9.18335e-15
24,55,2.92096e-16
24,56,6.79208e-18
24,57,1.0304e-19
24,58,7.65482e-22
24,59,0
24,60,0
24,61,0
24,62,0
24,63,0
24,64,0
24,65,0
24,66,0
24,67,0
24,68,0
24,69,0
24,70,0
24,71,0
24,72,0
24,73,0
24,74,0
24,75,0
24,76,0
24,77,0
24,78,0
24,79,0
24,80,0
24,81,0
24,82,0
24,83,0
24,84,0
24,85,0
24,86,0
24,87,0
24,88,0
24,89,0
24,90,0
24,91,0
24,92,0
24,93,0
24,94,0
24,95,0
24,96,0
24,97,0
24,98,0
24,99,0
25,0,0
25,1,1.09552e-08
25,2,9.95133e-08
25,3,7.54603e-07
25,4,4.81387e-06
25,5,2.5829e-05
25,6,0.00011651
25,7,0.000442078
25,8,0.00141585
25,9,0.00386265
25,10,0.00913567
25,11,0.0192118
25,12,0.0368092
25,13,0.0649484
25,14,0.105101
25,15,0.155078
25,16,0.208748
25,17,0.256623
25,18,0.288057
25,19,0.296878
25,20,0.283387
25,21,0.252913
25,22,0.213742
25,23,0.170895
25,24,0.122125
25,25,0.0439369
25,26,0.122125
25,27,0.170895
25,28,0.213742
25,29,0.252913
25,30,0.283387
25,31,0.296878
25,32,0.288057
25,33,0.256623
25,34,0.208748
25,35,0.155078
25,36,0.105101
25,37,0.0649484
25,38,0.0368092
25,39,0.0192118
25,40,0.00913567
25,41,0.00386265
25,42,0.00141585
25,43,0.000442078
25,44,0.00011651
25,45,2.5829e-05
25,46,4.81387e-06
25,47,7.54603e-07
25,48,9.95184e-08
25,49,1.1035e-08
25,50,1.02665e-09
25,51,7.98187e-11
25,52,5.15319e-12
25,53,2.738e-13
25,54,1.18296e-14
25,55,4.09087e-16
25,56,1.10678e-17
25,57,2.24859e-19
25,58,3.12243e-21
25,59,2.25142e-23
25,60,0
25,61,0
25,62,0
25,63,0
25,64,0
25,65,0
25,66,0
25,67,0
25,68,0
25,69,0
25,70,0
25,71,0
25,72,0
25,73,0
25,74,0
25,75,0
25,76,0
25,77,0
25,78,0
25,79,0
25,80,0
25,81,0
25,82,0
25,83,0
25,84,0
25,85,0
25,86,0
25,87,0
25,88,0
25,89,0
25,90,0
25,91,0
25,92,0
25,93,0
25,94,0
25,95,0
25,96,0
25,97,0
25,98,0
25,99,0
26,0,0
26,1,9.89099e-09
26,2,9.11109e-08
26,3,6.99194e-07
26,4,4.50636e-06
26,5,2.43967e-05
26,6,0.000110918
26,7,0.000423722
26,8,0.00136473
26,9,0.00374001
26,10,0.00887652
26,11,0.0187152
26,12,0.0359231
26,13,0.0634923
26,14,0.103017
26,15,0.152557
26,16,0.206014
26,17,0.254023
26,18,0.286572
26,19,0.297208
26,20,0.285642
26,21,0.257505
26,22,0.220854
26,23,0.182674
26,24,0.14747
26,25,0.122125
26,26,0.14747
26,27,0.182674
26,28,0.220854
26,29,0.257505
26,30,0.285642
26,31,0.297208
26,32,0.286572
26,33,0.254023
26,34,0.206014
26,35,0.152557
26,36,0.103017
26,37,0.0634923
26,38,0.0359231
26,39,0.0187152
26,40,0.00887652
26,41,0.00374001
26,42,0.00136473
26,43,0.000423722
26,44,0.000110918
26,45,2.43967e-05
26,46,4.50636e-06
26,47,6.99194e-07
26,48,9.11152e-08
26,49,9.96033e-09
26,50,9.10804e-10
26,51,6.93301e-11
26,52,4.35907e-12
26,53,2.23651e-13
26,54,9.18335e-15
26,55,2.92096e-16
26,56,6.79208e-18
26,57,1.0304e-19
26,58,7.65482e-22
26,59,0
26,60,0
26,61,0
26,62,0
26,63,0
26,64,0
26,65,0
26,66,0
26,67,0
26,68,0
26,69,0
26,70,0
26,71,0
26,72,0
26,73,0
26,74,0
26,75,0
26,76,0
26,77,0
26,78,0
26,79,0
26,80,0
26,81,0
26,82,0
26,83,0
26,84,0
26,85,0
26,86,0
26,87,0
26,88,0
26,89,0
26,90,0
26,91,0
26,92,0
26,93,0
26,94,0
26,95,0
26,96,0
26,97,0
26,98,0
26,99,0
27,0,0
27,1,7.23156e-09
27,2,6.95491e-08
27,3,5.5391e-07
27,4,3.68541e-06
27,5,2.05084e-05
27,6,9.54928e-05
27,7,0.000372422
27,8,0.00122077
27,9,0.00339316
27,10,0.00813733
27,11,0.0172799
27,12,0.0333648
27,13,0.0593572
27,14,0.0970043
27,15,0.144778
27,16,0.197474
27,17,0.246553
27,18,0.281888
27,19,0.297033
27,20,0.291328
27,21,0.26911
27,22,0.238686
27,23,0.207587
27,24,0.182674
27,25,0.170895
27,26,0.182674
27,27,0.207587
27,28,0.238686
27,29,0.26911
27,30,0.291328
27,31,0.297033
27,32,0.281888
27,33,0.246553
27,34,0.197474
27,35,0.144778
27,36,0.0970043
27,37,0.0593572
27,38,0.0333648
27,39,0.0172799
27,40,0.00813733
27,41,0.00339316
27,42,0.00122077
27,43,0.000372422
27,44,9.54928e-05
27,45,2.05084e-05
27,46,3.68541e-06
27,47,5.5391e-07
27,48,6.95517e-08
27,49,7.27652e-09
27,50,6.31007e-10
27,51,4.49555e-11
27,52,2.5937e-12
27,53,1.18447e-13
27,54,4.12756e-15
27,55,1.03202e-16
27,56,1.64864e-18
27,57,1.26304e-20
27,58,0
27,59,0
27,60,0
27,61,0
27,62,0
27,63,0
27,64,0
27,65,0
27,66,0
27,67,0
27,68,0
27,69,0
27,70,0
27,71,0
27,72,0
27,73,0
27,74,0
27,75,0
27,76,0
27,77,0
27,78,0
27,79,0
27,80,0
27,81,0
27,82,0
27,83,0
27,84,0
27,85,0
27,86,0
27,87,0
27,88,0
27,89,0
27,90,0
27,91,0
27,92,0
27,93,0
27,94,0
27,95,0
27,96,0
27,97,0
27,98,0
27,99,0
28,0,0
28,1,4.19594e-09
28,2,4.35809e-08
28,3,3.7048e-07
28,4,2.60593e-06
28,5,1.5216e-05
28,6,7.38745e-05
28,7,0.000298692
28,8,0.00100935
28,9,0.00287544
28,10,0.00702495
28,11,0.0151113
28,12,0.0294497
28,13,0.0528857
28,14,0.087486
28,15,0.132463
28,16,0.183397
28,17,0.23292
28,18,0.272149
28,19,0.294061
28,20,0.296811
28,21,0.283826
28,22,0.261869
28,23,0.238686
28,24,0.220854
28,25,0.213742
28,26,0.220854
28,27,0.238686
28,28,0.261869
28,29,0.283826
28,30,0.296811
28,31,0.294061
28,32,0.272149
28,33,0.23292
28,34,0.183397
28,35,0.132463
28,36,0.087486
28,37,0.0528857
28,38,0.0294497
28,39,0.0151113
28,40,0.00702495
28,41,0.00287544
28,42,0.00100935
28,43,0.000298692
28,44,7.38745e-05
28,45,1.5216e-05
28,46,2.60593e-06
28,47,3.7048e-07
28,48,4.35819e-08
28,49,4.21693e-09
28,50,3.32279e-10
28,51,2.09906e-11
28,52,1.03781e-12
28,53,3.86816e-14
28,54,1.02171e-15
28,55,1.7036e-17
28,56,1.34725e-19
28,57,0
28,58,0
28,59,0
28,60,0
28,61,0
28,62,0
28,63,0
28,64,0
28,65,0
28,66,0
28,67,0
28,68,0
28,69,0
28,70,0
28,71,0
28,72,0
28,73,0
28,74,0
28,75,0
28,76,0
28,77,0
28,78,0
28,79,0
28,80,0
28,81,0
28,82,0
28,83,0
28,84,0
28,85,0
28,86,0
28,87,0
28,88,0
28,89,0
28,90,0
28,91,0
28,92,0
28,93,0
28,94,0
28,95,0
28,96,0
28,97,0
28,98,0
28,99,0
29,0,0
29,1,1.86358e-09
29,2,2.17781e-08
29,3,2.04498e-07
29,4,1.56462e-06
29,5,9.81813e-06
29,6,5.07335e-05
29,7,0.000216509
29,8,0.00076605
29,9,0.00226524
29,10,0.00569016
29,11,0.0124746
29,12,0.0246476
29,13,0.0448481
29,14,0.0753015
29,15,0.116005
29,16,0.163989
29,17,0.213271
29,18,0.255684
29,19,0.284701
29,20,0.297469
29,21,0.295316
29,22,0.283826
29,23,0.26911
29,24,0.257505
29,25,0.252913
29,26,0.257505
29,27,0.26911
29,28,0.283826
29,29,0.295316
29,30,0.297469
29,31,0.284701
29,32,0.255684
29,33,0.213271
29,34,0.163989
29,35,0.116005
29,36,0.0753015
29,37,0.0448482
29,38,0.0246476
29,39,0.0124746
29,40,0.00569016
29,41,0.00226524
29,42,0.00076605
29,43,0.000216509
29,44,5.07335e-05
29,45,9.81813e-06
29,46,1.56462e-06
29,47,2.04498e-07
29,48,2.17783e-08
29,49,1.87031e-09
29,50,1.27494e-10
29,51,6.73533e-12
29,52,2.65712e-13
29,53,7.36302e-15
29,54,1.2777e-16
29,55,1.04412e-18
29,56,0
29,57,0
29,58,0
29,59,0
29,60,0
29,61,0
29,62,0
29,63,0
29,64,0
29,65,0
29,66,0
29,67,0
29,68,0
29,69,0
29,70,0
29,71,0
29,72,0
29,73,0
29,74,0
29,75,0
29,76,0
29,77,0
29,78,0
29,79,0
29,80,0
29,81,0
29,82,0
29,83,0
29,84,0
29,85,0
29,86,0
29,87,0
29,88,0
29,89,0
29,90,0
29,91,0
29,92,0
29,93,0
29,94,0
29,95,0
29,96,0
29,97,0
29,98,0
29,99,0
30,0,0
30,1,6.07044e-10
30,2,8.34223e-09
30,3,8.99624e-08
30,4,7.74767e-07
30,5,5.38223e-06
30,6,3.03606e-05
30,7,0.000139732
30,8,0.000527296
30,9,0.00164442
30,10,0.00430244
30,11,0.00969488
30,12,0.0194886
30,13,0.0360011
30,14,0.0616108
30,15,0.0969878
30,16,0.140168
30,17,0.187072
30,18,0.231331
30,19,0.266205
30,20,0.288319
30,21,0.297469
30,22,0.296811
30,23,0.291328
30,24,0.285642
30,25,0.283387
30,26,0.285642
30,27,0.291328
30,28,0.296811
30,29,0.297469
30,30,0.288319
30,31,0.266205
30,32,0.231331
30,33,0.187072
30,34,0.140168
30,35,0.0969878
30,36,0.0616108
30,37,0.0360011
30,38,0.0194886
30,39,0.00969488
30,40,0.00430244
30,41,0.00164442
30,42,0.000527296
30,43,0.000139732
30,44,3.03606e-05
30,45,5.38223e-06
30,46,7.74767e-07
30,47,8.99624e-08
30,48,8.34227e-09
30,49,6.08461e-10
30,50,3.41064e-11
30,51,1.41691e-12
30,52,4.10696e-14
30,53,7.41064e-16
30,54,6.2647e-18
30,55,0
30,56,0
30,57,0
30,58,0
30,59,0
30,60,0
30,61,0
30,62,0
30,63,0
30,64,0
30,65,0
30,66,0
30,67,0
30,68,0
30,69,0
30,70,0
30,71,0
30,72,0
30,73,0
30,74,0
30,75,0
30,76,0
30,77,0
30,78,0
30,79,0
30,80,0
30,81,0
30,82,0
30,83,0
30,84,0
30,85,0
30,86,0
30,87,0
30,88,0
30,89,0
30,90,0
30,91,0
30,92,0
30,93,0
30,94,0
30,95,0
30,96,0
30,97,0
30,98,0
30,99,0
31,0,0
31,1,1.39264e-10
31,2,2.35355e-09
31,3,3.03108e-08
31,4,3.04558e-07
31,5,2.42168e-06
31,6,1.53782e-05
31,7,7.84716e-05
31,8,0.000323495
31,9,0.00108551
31,10,0.00300667
31,11,0.007051
31,12,0.0145298
31,13,0.0272972
31,14,0.0475803
31,15,0.0767265
31,16,0.113942
31,17,0.156294
31,18,0.199161
31,19,0.237212
31,20,0.266205
31,21,0.284701
31,22,0.294061
31,23,0.297032
31,24,0.297208
31,25,0.296878
31,26,0.297208
31,27,0.297033
31,28,0.294061
31,29,0.284701
31,30,0.266205
31,31,0.237212
31,32,0.199161
31,33,0.156294
31,34,0.113942
31,35,0.0767265
31,36,0.0475803
31,37,0.0272972
31,38,0.0145298
31,39,0.007051
31,40,0.00300667
31,41,0.00108551
31,42,0.000323495
31,43,7.84716e-05
31,44,1.53782e-05
31,45,2.42168e-06
31,46,3.04558e-07
31,47,3.03108e-08
31,48,2.35356e-09
31,49,1.39448e-10
31,50,6.0856e-12
31,51,1.84299e-13
31,52,3.4583e-15
31,53,3.02794e-17
31,54,0
31,55,0
31,56,0
31,57,0
31,58,0
31,59,0
31,60,0
31,61,0
31,62,0
31,63,0
31,64,0
31,65,0
31,66,0
31,67,0
31,68,0
31,69,0
31,70,0
31,71,0
31,72,0
31,73,0
31,74,0
31,75,0
31,76,0
31,77,0
31,78,0
31,79,0
31,80,0
31,81,0
31,82,0
31,83,0
31,84,0
31,85,0
31,86,0
31,87,0
31,88,0
31,89,0
31,90,0
31,91,0
31,92,0
31,93,0
31,94,0
31,95,0
31,96,0
31,97,0
31,98,0
31,99,0
32,0,0
32,1,2.15795e-11
32,2,4.71482e-10
32,3,7.54291e-09
32,4,9.15184e-08
32,5,8.6015e-07
32,6,6.34478e-06
32,7,3.70266e-05
32,8,0.000171872
32,9,0.000638225
32,10,0.00191625
32,11,0.00475639
32,12,0.0101442
32,13,0.0194759
32,14,0.0346494
32,15,0.0571708
32,16,0.0871228
32,17,0.123158
32,18,0.161973
32,19,0.199161
32,20,0.231331
32,21,0.255684
32,22,0.272149
32,23,0.281888
32,24,0.286572
32,25,0.288057
32,26,0.286572
32,27,0.281888
32,28,0.272149
32,29,0.255684
32,30,0.231331
32,31,0.199161
32,32,0.161973
32,33,0.123158
32,34,0.0871228
32,35,0.0571708
32,36,0.0346494
32,37,0.0194759
32,38,0.0101442
32,39,0.00475639
32,40,0.00191625
32,41,0.000638225
32,42,0.000171872
32,43,3.70266e-05
32,44,6.34478e-06
32,45,8.6015e-07
32,46,9.15184e-08
32,47,7.54291e-09
32,48,4.71482e-10
32,49,2.15928e-11
32,50,6.8314e-13
32,51,1.33391e-14
32,52,1.21118e-16
32,53,0
32,54,0
32,55,0
32,56,0
32,57,0
32,58,0
32,59,0
32,60,0
32,61,0
32,62,0
32,63,0
32,64,0
32,65,0
32,66,0
32,67,0
32,68,0
32,69,0
32,70,0
32,71,0
32,72,0
32,73,0
32,74,0
32,75,0
32,76,0
32,77,0
32,78,0
32,79,0
32,80,0
32,81,0
32,82,0
32,83,0
32,84,0
32,85,0
32,86,0
32,87,0
32,88,0
32,89,0
32,90,0
32,91,0
32,92,0
32,93,0
32,94,0
32,95,0
32,96,0
32,97,0
32,98,0
32,99,0
33,0,0
33,1,2.13112e-12
33,2,6.44605e-11
33,3,1.34132e-09
33,4,2.03562e-08
33,5,2.33039e-07
33,6,2.05368e-06
33,7,1.41001e-05
33,8,7.59433e-05
33,9,0.000322343
33,10,0.00108486
33,11,0.00293701
33,12,0.00660394
33,13,0.0130025
33,14,0.0235926
33,15,0.0399951
33,16,0.0626187
33,17,0.0907996
33,18,0.123158
33,19,0.156294
33,20,0.187072
33,21,0.213271
33,22,0.23292
33,23,0.246553
33,24,0.254023
33,25,0.256623
33,26,0.254023
33,27,0.246553
33,28,0.23292
33,29,0.213271
33,30,0.187072
33,31,0.156294
33,32,0.123158
33,33,0.0907996
33,34,0.0626187
33,35,0.0399951
33,36,0.0235926
33,37,0.0130025
33,38,0.00660394
33,39,0.00293701
33,40,0.00108486
33,41,0.000322343
33,42,7.59433e-05
33,43,1.41001e-05
33,44,2.05368e-06
33,45,2.33039e-07
33,46,2.03562e-08
33,47,1.34132e-09
33,48,6.44605e-11
33,49,2.13153e-12
33,50,4.33522e-14
33,51,4.08772e-16
33,52,0
33,53,0
33,54,0
33,55,0
33,56,0
33,57,0
33,58,0
33,59,0
33,60,0
33,61,0
33,62,0
33,63,0
33,64,0
33,65,0
33,66,0
33,67,0
33,68,0
33,69,0
33,70,0
33,71,0
33,72,0
33,73,0
33,74,0
33,75,0
33,76,0
33,77,0
33,78,0
33,79,0
33,80,0
33,81,0
33,82,0
33,83,0
33,84,0
33,85,0
33,86,0
33,87,0
33,88,0
33,89,0
33,90,0
33,91,0
33,92,0
33,93,0
33,94,0
33,95,0
33,96,0
33,97,0
33,98,0
33,99,0
34,0,0
34,1,1.20423e-13
34,2,5.67739e-12
34,3,1.64114e-10
34,4,3.25257e-09
34,5,4.68218e-08
34,6,5.06031e-07
34,7,4.1868e-06
34,8,2.68164e-05
34,9,0.000133765
34,10,0.000521759
34,11,0.00160264
34,12,0.00395006
34,13,0.00815009
34,14,0.0150185
34,15,0.0259499
34,16,0.0419633
34,17,0.0626187
34,18,0.0871228
34,19,0.113942
34,20,0.140168
34,21,0.163989
34,22,0.183397
34,23,0.197474
34,24,0.206014
34,25,0.208748
34,26,0.206014
34,27,0.197474
34,28,0.183397
34,29,0.163989
34,30,0.140168
34,31,0.113942
34,32,0.0871228
34,33,0.0626187
34,34,0.0419633
34,35,0.0259499
34,36,0.0150185
34,37,0.00815009
34,38,0.00395006
34,39,0.00160264
34,40,0.000521759
34,41,0.000133765
34,42,2.68164e-05
34,43,4.1868e-06
34,44,5.06031e-07
34,45,4.68218e-08
34,46,3.25257e-09
34,47,1.64114e-10
34,48,5.67739e-12
34,49,1.20423e-13
34,50,1.1809e-15
34,51,0
34,52,0
34,53,0
34,54,0
34,55,0
34,56,0
