0,0,0
0,1,0
0,2,0
0,3,0
0,4,0
0,5,0
0,6,0
0,7,0
0,8,0
0,9,0
0,10,0
0,11,0
0,12,0
0,13,0
0,14,0
0,15,0
0,16,0
0,17,0
0,18,0
0,19,0
0,20,0
0,21,0
0,22,0
0,23,0
0,24,0
0,25,0
0,26,0
0,27,0
0,28,0
0,29,0
0,30,0
0,31,0
0,32,0
0,33,0
0,34,0
0,35,0
0,36,0
0,37,0
0,38,0
0,39,0
0,40,0
0,41,0
0,42,0
0,43,0
0,44,0
0,45,0
0,46,0
0,47,0
0,48,0
0,49,0
0,50,0
0,51,0
0,52,0
0,53,0
0,54,0
0,55,0
0,56,0
0,57,0
0,58,0
0,59,0
0,60,0
0,61,0
0,62,0
0,63,0
0,64,0
0,65,0
0,66,0
0,67,0
0,68,0
0,69,0
0,70,0
0,71,0
0,72,0
0,73,0
0,74,0
0,75,0
0,76,0
0,77,0
0,78,0
0,79,0
0,80,0
0,81,0
0,82,0
0,83,0
0,84,0
0,85,0
0,86,0
0,87,0
0,88,0
0,89,0
0,90,0
0,91,0
0,92,0
0,93,0
0,94,0
0,95,0
0,96,0
0,97,0
0,98,0
0,99,0
1,0,0
1,1,0
1,2,0
1,3,0
1,4,0
1,5,0
1,6,0
1,7,1.21509e-16
1,8,8.88856e-15
1,9,2.97042e-13
1,10,6.01403e-12
1,11,8.25235e-11
1,12,8.13985e-10
1,13,5.97998e-09
1,14,3.35131e-08
1,15,1.4596e-07
1,16,5.02784e-07
1,17,1.39725e-06
1,18,3.20815e-06
1,19,6.24958e-06
1,20,1.05924e-05
1,21,1.59381e-05
1,22,2.16071e-05
1,23,2.66716e-05
1,24,3.01845e-05
1,25,3.14423e-05
1,26,3.01845e-05
1,27,2.66716e-05
1,28,2.16071e-05
1,29,1.59381e-05
1,30,1.05924e-05
1,31,6.24958e-06
1,32,3.20815e-06
1,33,1.39725e-06
1,34,5.02784e-07
1,35,1.4596e-07
1,36,3.35131e-08
1,37,5.97998e-09
1,38,8.13985e-10
1,39,8.25235e-11
1,40,6.01403e-12
1,41,2.97042e-13
1,42,8.88856e-15
1,43,1.21509e-16
1,44,0
1,45,0
1,46,0
1,47,0
1,48,0
1,49,0
1,50,0
1,51,0
1,52,0
1,53,0
1,54,0
1,55,0
1,56,0
1,57,0
1,58,0
1,59,0
1,60,0
1,61,0
1,62,0
1,63,0
1,64,0
1,65,0
1,66,0
1,67,0
1,68,0
1,69,0
1,70,0
1,71,0
1,72,0
1,73,0
1,74,0
1,75,0
1,76,0
1,77,0
1,78,0
1,79,0
1,80,0
1,81,0
1,82,0
1,83,0
1,84,0
1,85,0
1,86,0
1,87,0
1,88,0
1,89,0
1,90,0
1,91,0
1,92,0
1,93,0
1,94,0
1,95,0
1,96,0
1,97,0
1,98,0
1,99,0
2,0,0
2,1,0
2,2,0
2,3,0
2,4,0
2,5,0
2,6,1.53485e-16
2,7,1.18514e-14
2,8,4.1935e-13
2,9,9.01933e-12
2,10,1.31928e-10
2,11,1.39204e-09
2,12,1.09767e-08
2,13,6.62174e-08
2,14,3.11e-07
2,15,1.15527e-06
2,16,3.45375e-06
2,17,8.48937e-06
2,18,1.76008e-05
2,19,3.16053e-05
2,20,5.02869e-05
2,21,7.21203e-05
2,22,9.44045e-05
2,23,0.00011378
2,24,0.00012699
2,25,0.00013168
2,26,0.00012699
2,27,0.00011378
2,28,9.44045e-05
2,29,7.21203e-05
2,30,5.02869e-05
2,31,3.16053e-05
2,32,1.76008e-05
2,33,8.48937e-06
2,34,3.45375e-06
2,35,1.15527e-06
2,36,3.11e-07
2,37,6.62174e-08
2,38,1.09767e-08
2,39,1.39204e-09
2,40,1.31928e-10
2,41,9.01933e-12
2,42,4.1935e-13
2,43,1.18514e-14
2,44,1.53485e-16
2,45,0
2,46,0
2,47,0
2,48,0
2,49,0
2,50,0
2,51,0
2,52,0
2,53,0
2,54,0
2,55,0
2,56,0
2,57,0
2,58,0
2,59,0
2,60,0
2,61,0
2,62,0
2,63,0
2,64,0
2,65,0
2,66,0
2,67,0
2,68,0
2,69,0
2,70,0
2,71,0
2,72,0
2,73,0
2,74,0
2,75,0
2,76,0
2,77,0
2,78,0
2,79,0
2,80,0
2,81,0
2,82,0
2,83,0
2,84,0
2,85,0
2,86,0
2,87,0
2,88,0
2,89,0
2,90,0
2,91,0
2,92,0
2,93,0
2,94,0
2,95,0
2,96,0
2,97,0
2,98,0
2,99,0
3,0,0
3,1,0
3,2,0
3,3,0
3,4,0
3,5,1.76507e-16
3,6,1.43465e-14
3,7,5.35762e-13
3,8,1.21955e-11
3,9,1.89341e-10
3,10,2.12665e-09
3,11,1.78992e-08
3,12,1.15509e-07
3,13,5.81067e-07
3,14,2.31099e-06
3,15,7.37661e-06
3,16,1.92565e-05
3,17,4.21109e-05
3,18,7.92812e-05
3,19,0.000131834
3,20,0.000197534
3,21,0.000270589
3,22,0.000342448
3,23,0.000403299
3,24,0.000444093
3,25,0.000458455
3,26,0.000444093
3,27,0.000403299
3,28,0.000342448
3,29,0.000270589
3,30,0.000197534
3,31,0.000131834
3,32,7.92812e-05
3,33,4.21109e-05
3,34,1.92565e-05
3,35,7.37661e-06
3,36,2.31099e-06
3,37,5.81067e-07
3,38,1.15509e-07
3,39,1.78992e-08
3,40,2.12665e-09
3,41,1.89341e-10
3,42,1.21955e-11
3,43,5.35762e-13
3,44,1.43465e-14
3,45,1.76507e-16
3,46,0
3,47,0
3,48,0
3,49,0
3,50,0
3,51,0
3,52,0
3,53,0
3,54,0
3,55,0
3,56,0
3,57,0
3,58,0
3,59,0
3,60,0
3,61,0
3,62,0
3,63,0
3,64,0
3,65,0
3,66,0
3,67,0
3,68,0
3,69,0
3,70,0
3,71,0
3,72,0
3,73,0
3,74,0
3,75,0
3,76,0
3,77,0
3,78,0
3,79,0
3,80,0
3,81,0
3,82,0
3,83,0
3,84,0
3,85,0
3,86,0
3,87,0
3,88,0
3,89,0
3,90,0
3,91,0
3,92,0
3,93,0
3,94,0
3,95,0
3,96,0
3,97,0
3,98,0
3,99,0
4,0,0
4,1,0
4,2,0
4,3,0
4,4,1.84912e-16
4,5,1.57811e-14
4,6,6.20305e-13
4,7,1.48999e-11
4,8,2.44755e-10
4,9,2.9164e-09
4,10,2.61064e-08
4,11,1.79564e-07
4,12,9.6403e-07
4,13,4.09128e-06
4,14,1.39021e-05
4,15,3.84356e-05
4,16,8.83607e-05
4,17,0.000173561
4,18,0.0002996
4,19,0.000465233
4,20,0.000660882
4,21,0.000869279
4,22,0.00106782
4,23,0.00123216
4,24,0.00134077
4,25,0.00137872
4,26,0.00134077
4,27,0.00123216
4,28,0.00106782
4,29,0.000869279
4,30,0.000660882
4,31,0.000465233
4,32,0.000299601
4,33,0.000173561
4,34,8.83607e-05
4,35,3.84356e-05
4,36,1.39021e-05
4,37,4.09128e-06
4,38,9.6403e-07
4,39,1.79564e-07
4,40,2.61064e-08
4,41,2.9164e-09
4,42,2.44755e-10
4,43,1.48999e-11
4,44,6.20305e-13
4,45,1.57811e-14
4,46,1.84912e-16
4,47,0
4,48,0
4,49,0
4,50,0
4,51,0
4,52,0
4,53,0
4,54,0
4,55,0
4,56,0
4,57,0
4,58,0
4,59,0
4,60,0
4,61,0
4,62,0
4,63,0
4,64,0
4,65,0
4,66,0
4,67,0
4,68,0
4,69,0
4,70,0
4,71,0
4,72,0
4,73,0
4,74,0
4,75,0
4,76,0
4,77,0
4,78,0
4,79,0
4,80,0
4,81,0
4,82,0
4,83,0
4,84,0
4,85,0
4,86,0
4,87,0
4,88,0
4,89,0
4,90,0
4,91,0
4,92,0
4,93,0
4,94,0
4,95,0
4,96,0
4,97,0
4,98,0
4,99,0
5,0,0
5,1,0
5,2,0
5,3,1.76507e-16
5,4,1.57811e-14
5,5,6.51303e-13
5,6,1.64652e-11
5,7,2.8536e-10
5,8,3.5964e-09
5,9,3.41327e-08
5,10,2.49433e-07
5,11,1.42479e-06
5,12,6.43443e-06
5,13,2.32227e-05
5,14,6.78774e-05
5,15,0.00016374
5,16,0.000334549
5,17,0.000596616
5,18,0.000954299
5,19,0.00139632
5,20,0.00189454
5,21,0.00240702
5,22,0.00288265
5,23,0.00326929
5,24,0.00352176
5,25,0.00360951
5,26,0.00352176
5,27,0.00326929
5,28,0.00288265
5,29,0.00240702
5,30,0.00189454
5,31,0.00139632
5,32,0.000954299
5,33,0.000596616
5,34,0.000334549
5,35,0.00016374
5,36,6.78774e-05
5,37,2.32227e-05
5,38,6.43443e-06
5,39,1.42479e-06
5,40,2.49433e-07
5,41,3.41328e-08
5,42,3.5964e-09
5,43,2.8536e-10
5,44,1.64652e-11
5,45,6.51303e-13
5,46,1.57811e-14
5,47,1.76507e-16
5,48,0
5,49,0
5,50,0
5,51,0
5,52,0
5,53,0
5,54,0
5,55,0
5,56,0
5,57,0
5,58,0
5,59,0
5,60,0
5,61,0
5,62,0
5,63,0
5,64,0
5,65,0
5,66,0
5,67,0
5,68,0
5,69,0
5,70,0
5,71,0
5,72,0
5,73,0
5,74,0
5,75,0
5,76,0
5,77,0
5,78,0
5,79,0
5,80,0
5,81,0
5,82,0
5,83,0
5,84,0
5,85,0
5,86,0
5,87,0
5,88,0
5,89,0
5,90,0
5,91,0
5,92,0
5,93,0
5,94,0
5,95,0
5,96,0
5,97,0
5,98,0
5,99,0
6,0,0
6,1,0
6,2,1.53485e-16
6,3,1.43465e-14
6,4,6.20305e-13
6,5,1.64652e-11
6,6,3.00314e-10
6,7,3.99261e-09
6,8,4.00652e-08
6,9,3.10212e-07
6,10,1.88031e-06
6,11,9.01527e-06
6,12,3.44993e-05
6,13,0.000106496
6,14,0.000269388
6,15,0.000571779
6,16,0.00105031
6,17,0.00172294
6,18,0.00258448
6,19,0.00359935
6,20,0.00470365
6,21,0.00580986
6,22,0.00681631
6,23,0.00762324
6,24,0.00814511
6,25,0.00832589
6,26,0.00814511
6,27,0.00762324
6,28,0.00681631
6,29,0.00580986
6,30,0.00470365
6,31,0.00359935
6,32,0.00258448
6,33,0.00172294
6,34,0.00105031
6,35,0.000571779
6,36,0.000269388
6,37,0.000106496
6,38,3.44993e-05
6,39,9.01527e-06
6,40,1.88031e-06
6,41,3.10212e-07
6,42,4.00652e-08
6,43,3.99261e-09
6,44,3.00314e-10
6,45,1.64652e-11
6,46,6.20305e-13
6,47,1.43465e-14
6,48,1.53485e-16
6,49,0
6,50,0
6,51,0
6,52,0
6,53,0
6,54,0
6,55,0
6,56,0
6,57,0
6,58,0
6,59,0
6,60,0
6,61,0
6,62,0
6,63,0
6,64,0
6,65,0
6,66,0
6,67,0
6,68,0
6,69,0
6,70,0
6,71,0
6,72,0
6,73,0
6,74,0
6,75,0
6,76,0
6,77,0
6,78,0
6,79,0
6,80,0
6,81,0
6,82,0
6,83,0
6,84,0
6,85,0
6,86,0
6,87,0
6,88,0
6,89,0
6,90,0
6,91,0
6,92,0
6,93,0
6,94,0
6,95,0
6,96,0
6,97,0
6,98,0
6,99,0
7,0,0
7,1,1.21509e-16
7,2,1.18514e-14
7,3,5.35762e-13
7,4,1.48999e-11
7,5,2.8536e-10
7,6,3.9926e-09
7,7,4.22594e-08
7,8,3.45842e-07
7,9,2.21942e-06
7,10,1.12758e-05
7,11,4.56934e-05
7,12,0.000148907
7,13,0.000395129
7,14,0.000871547
7,15,0.00164749
7,16,0.00276477
7,17,0.00424028
7,18,0.00604743
7,19,0.00810704
7,20,0.0102945
7,21,0.0124421
7,22,0.0143674
7,23,0.0158928
7,24,0.0168721
7,25,0.0172099
7,26,0.0168721
7,27,0.0158928
7,28,0.0143674
7,29,0.0124421
7,30,0.0102945
7,31,0.00810704
7,32,0.00604743
7,33,0.00424028
7,34,0.00276477
7,35,0.00164749
7,36,0.000871547
7,37,0.000395129
7,38,0.000148907
7,39,4.56934e-05
7,40,1.12758e-05
7,41,2.21942e-06
7,42,3.45842e-07
7,43,4.22594e-08
7,44,3.99261e-09
7,45,2.8536e-10
7,46,1.48999e-11
7,47,5.35762e-13
7,48,1.18514e-14
7,49,1.21509e-16
7,50,0
7,51,0
7,52,0
7,53,0
7,54,0
7,55,0
7,56,0
7,57,0
7,58,0
7,59,0
7,60,0
7,61,0
7,62,0
7,63,0
7,64,0
7,65,0
7,66,0
7,67,0
7,68,0
7,69,0
7,70,0
7,71,0
7,72,0
7,73,0
7,74,0
7,75,0
7,76,0
7,77,0
7,78,0
7,79,0
7,80,0
7,81,0
7,82,0
7,83,0
7,84,0
7,85,0
7,86,0
7,87,0
7,88,0
7,89,0
7,90,0
7,91,0
7,92,0
7,93,0
7,94,0
7,95,0
7,96,0
7,97,0
7,98,0
7,99,0
8,0,0
8,1,8.88856e-15
8,2,4.1935e-13
8,3,1.21955e-11
8,4,2.44755e-10
8,5,3.5964e-09
8,6,4.00652e-08
8,7,3.45842e-07
8,8,2.3453e-06
8,9,1.26065e-05
8,10,5.40491e-05
8,11,0.000185969
8,12,0.000518334
8,13,0.00119046
8,14,0.0023187
8,15,0.00397959
8,16,0.00623589
8,17,0.00910892
8,18,0.0125276
8,19,0.0163405
8,20,0.02031
8,21,0.024138
8,22,0.0275204
8,23,0.0301656
8,24,0.0318522
8,25,0.0324293
8,26,0.0318522
8,27,0.0301656
8,28,0.0275204
8,29,0.024138
8,30,0.02031
8,31,0.0163405
8,32,0.0125276
8,33,0.00910892
8,34,0.00623589
8,35,0.00397959
8,36,0.0023187
8,37,0.00119046
8,38,0.000518334
8,39,0.000185969
8,40,5.40491e-05
8,41,1.26065e-05
8,42,2.3453e-06
8,43,3.45842e-07
8,44,4.00652e-08
8,45,3.5964e-09
8,46,2.44755e-10
8,47,1.21955e-11
8,48,4.1935e-13
8,49,8.88856e-15
8,50,8.74863e-17
8,51,0
8,52,0
8,53,0
8,54,0
8,55,0
8,56,0
8,57,0
8,58,0
8,59,0
8,60,0
8,61,0
8,62,0
8,63,0
8,64,0
8,65,0
8,66,0
8,67,0
8,68,0
8,69,0
8,70,0
8,71,0
8,72,0
8,73,0
8,74,0
8,75,0
8,76,0
8,77,0
8,78,0
8,79,0
8,80,0
8,81,0
8,82,0
8,83,0
8,84,0
8,85,0
8,86,0
8,87,0
8,88,0
8,89,0
8,90,0
8,91,0
8,92,0
8,93,0
8,94,0
8,95,0
8,96,0
8,97,0
8,98,0
8,99,0
9,0,0
9,1,2.97042e-13
9,2,9.01933e-12
9,3,1.89341e-10
9,4,2.9164e-09
9,5,3.41327e-08
9,6,3.10212e-07
9,7,2.21942e-06
9,8,1.26065e-05
9,9,5.71547e-05
9,10,0.000207754
9,11,0.000609468
9,12,0.00146247
9,13,0.00294565
9,14,0.00518202
9,15,0.0083067
9,16,0.0124535
9,17,0.0176102
9,18,0.0236097
9,19,0.0301572
9,20,0.036806
9,21,0.0430864
9,22,0.0485241
9,23,0.0527132
9,24,0.0553548
9,25,0.0562531
9,26,0.0553548
9,27,0.0527132
9,28,0.0485241
9,29,0.0430864
9,30,0.036806
9,31,0.0301572
9,32,0.0236097
9,33,0.0176102
9,34,0.0124535
9,35,0.0083067
9,36,0.00518202
9,37,0.00294565
9,38,0.00146247
9,39,0.000609468
9,40,0.000207754
9,41,5.71547e-05
9,42,1.26065e-05
9,43,2.21942e-06
9,44,3.10212e-07
9,45,3.41328e-08
9,46,2.9164e-09
9,47,1.89341e-10
9,48,9.01933e-12
9,49,2.97099e-13
9,50,6.04422e-15
9,51,5.72026e-17
9,52,0
9,53,0
9,54,0
9,55,0
9,56,0
9,57,0
9,58,0
9,59,0
9,60,0
9,61,0
9,62,0
9,63,0
9,64,0
9,65,0
9,66,0
9,67,0
9,68,0
9,69,0
9,70,0
9,71,0
9,72,0
9,73,0
9,74,0
9,75,0
9,76,0
9,77,0
9,78,0
9,79,0
9,80,0
9,81,0
9,82,0
9,83,0
9,84,0
9,85,0
9,86,0
9,87,0
9,88,0
9,89,0
9,90,0
9,91,0
9,92,0
9,93,0
9,94,0
9,95,0
9,96,0
9,97,0
9,98,0
9,99,0
10,0,0
10,1,6.01403e-12
10,2,1.31928e-10
10,3,2.12665e-09
10,4,2.61064e-08
10,5,2.49433e-07
10,6,1.88031e-06
10,7,1.12758e-05
10,8,5.40491e-05
10,9,0.000207754
10,10,0.000643183
10,11,0.00161993
10,12,0.00339363
10,13,0.00614986
10,14,0.0101166
10,15,0.015614
10,16,0.0227753
10,17,0.0314213
10,18,0.0412067
10,19,0.0515306
10,20,0.0616834
10,21,0.0710101
10,22,0.0788631
10,23,0.0848115
10,24,0.0884912
10,25,0.0897483
10,26,0.0884912
10,27,0.0848115
10,28,0.0788631
10,29,0.0710101
10,30,0.0616834
10,31,0.0515306
10,32,0.0412066
10,33,0.0314213
10,34,0.0227753
10,35,0.015614
10,36,0.0101166
10,37,0.00614986
10,38,0.00339363
10,39,0.00161993
10,40,0.000643183
10,41,0.000207754
10,42,5.40491e-05
10,43,1.12758e-05
10,44,1.88031e-06
10,45,2.49433e-07
10,46,2.61064e-08
10,47,2.12665e-09
10,48,1.31928e-10
10,49,6.01775e-12
10,50,1.90194e-13
10,51,3.71952e-15
10,52,3.38978e-17
10,53,0
10,54,0
10,55,0
10,56,0
10,57,0
10,58,0
10,59,0
10,60,0
10,61,0
10,62,0
10,63,0
10,64,0
10,65,0
10,66,0
10,67,0
10,68,0
10,69,0
10,70,0
10,71,0
10,72,0
10,73,0
10,74,0
10,75,0
10,76,0
10,77,0
10,78,0
10,79,0
10,80,0
10,81,0
10,82,0
10,83,0
10,84,0
10,85,0
10,86,0
10,87,0
10,88,0
10,89,0
10,90,0
10,91,0
10,92,0
10,93,0
10,94,0
10,95,0
10,96,0
10,97,0
10,98,0
10,99,0
11,0,0
11,1,8.25235e-11
11,2,1.39204e-09
11,3,1.78992e-08
11,4,1.79564e-07
11,5,1.42479e-06
11,6,9.01527e-06
11,7,4.56934e-05
11,8,0.000185969
11,9,0.000609468
11,10,0.00161993
11,11,0.00355638
11,12,0.00668931
11,13,0.0113494
11,14,0.0180877
11,15,0.0272948
11,16,0.0387991
11,17,0.0521688
11,18,0.066701
11,19,0.0813492
11,20,0.0952446
11,21,0.10751
11,22,0.117531
11,23,0.124923
11,24,0.129407
11,25,0.130934
11,26,0.129407
11,27,0.124923
11,28,0.117531
11,29,0.10751
11,30,0.0952446
11,31,0.0813492
11,32,0.066701
11,33,0.0521688
11,34,0.0387991
11,35,0.0272948
11,36,0.0180877
11,37,0.0113494
11,38,0.00668931
11,39,0.00355638
11,40,0.00161993
11,41,0.000609468
11,42,0.000185969
11,43,4.56934e-05
11,44,9.01527e-06
11,45,1.42479e-06
11,46,1.79564e-07
11,47,1.78992e-08
11,48,1.39204e-09
11,49,8.26333e-11
11,50,3.61446e-12
11,51,1.09765e-13
11,52,2.0664e-15
11,53,1.81595e-17
11,54,0
11,55,0
11,56,0
11,57,0
11,58,0
11,59,0
11,60,0
11,61,0
11,62,0
11,63,0
11,64,0
11,65,0
11,66,0
11,67,0
11,68,0
11,69,0
11,70,0
11,71,0
11,72,0
11,73,0
11,74,0
11,75,0
11,76,0
11,77,0
11,78,0
11,79,0
11,80,0
11,81,0
11,82,0
11,83,0
11,84,0
11,85,0
11,86,0
11,87,0
11,88,0
11,89,0
11,90,0
11,91,0
11,92,0
11,93,0
11,94,0
11,95,0
11,96,0
11,97,0
11,98,0
11,99,0
12,0,0
12,1,8.13985e-10
12,2,1.09767e-08
12,3,1.15509e-07
12,4,9.6403e-07
12,5,6.43443e-06
12,6,3.44993e-05
12,7,0.000148907
12,8,0.000518334
12,9,0.00146247
12,10,0.00339363
12,11,0.00668931
12,12,0.0117861
12,13,0.0194479
12,14,0.0304108
12,15,0.04461
12,16,0.0614683
12,17,0.0802497
12,18,0.0995674
12,19,0.118132
12,20,0.134935
12,21,0.149013
12,22,0.160124
12,23,0.167945
12,24,0.172646
12,25,0.174162
12,26,0.172646
12,27,0.167945
12,28,0.160124
12,29,0.149013
12,30,0.134935
12,31,0.118132
12,32,0.0995674
12,33,0.0802497
12,34,0.0614683
12,35,0.04461
12,36,0.0304108
12,37,0.0194479
12,38,0.0117861
12,39,0.00668931
12,40,0.00339363
12,41,0.00146247
12,42,0.000518334
12,43,0.000148907
12,44,3.44993e-05
12,45,6.43443e-06
12,46,9.6403e-07
12,47,1.15509e-07
12,48,1.09768e-08
12,49,8.15934e-10
12,50,4.64034e-11
12,51,1.94886e-12
12,52,5.69398e-14
12,53,1.0332e-15
12,54,8.76668e-18
12,55,0
12,56,0
12,57,0
12,58,0
12,59,0
12,60,0
12,61,0
12,62,0
12,63,0
12,64,0
12,65,0
12,66,0
12,67,0
12,68,0
12,69,0
12,70,0
12,71,0
12,72,0
12,73,0
12,74,0
12,75,0
12,76,0
12,77,0
12,78,0
12,79,0
12,80,0
12,81,0
12,82,0
12,83,0
12,84,0
12,85,0
12,86,0
12,87,0
12,88,0
12,89,0
12,90,0
12,91,0
12,92,0
12,93,0
12,94,0
12,95,0
12,96,0
12,97,0
12,98,0
12,99,0
13,0,0
13,1,5.97998e-09
13,2,6.62174e-08
13,3,5.81067e-07
13,4,4.09128e-06
13,5,2.32227e-05
13,6,0.000106496
13,7,0.000395129
13,8,0.00119046
13,9,0.00294565
13,10,0.00614986
13,11,0.0113494
13,12,0.0194479
13,13,0.0315262
13,14,0.0478246
13,15,0.0676695
13,16,0.0902786
13,17,0.11408
13,18,0.137054
13,19,0.157978
13,20,0.175534
13,21,0.189378
13,22,0.19957
13,23,0.206311
13,24,0.210232
13,25,0.211409
13,26,0.210232
13,27,0.206311
13,28,0.19957
13,29,0.189378
13,30,0.175534
13,31,0.157978
13,32,0.137054
13,33,0.11408
13,34,0.0902786
13,35,0.0676695
13,36,0.0478246
13,37,0.0315262
13,38,0.0194479
13,39,0.0113494
13,40,0.00614986
13,41,0.00294565
13,42,0.00119046
13,43,0.000395129
13,44,0.000106496
13,45,2.32227e-05
13,46,4.09128e-06
13,47,5.81067e-07
13,48,6.62183e-08
13,49,6.00326e-09
13,50,4.26887e-10
13,51,2.3283e-11
13,52,9.39907e-13
13,53,2.64504e-14
13,54,4.63159e-16
13,55,3.79889e-18
13,56,0
13,57,0
13,58,0
13,59,0
13,60,0
13,61,0
13,62,0
13,63,0
13,64,0
13,65,0
13,66,0
13,67,0
13,68,0
13,69,0
13,70,0
13,71,0
13,72,0
13,73,0
13,74,0
13,75,0
13,76,0
13,77,0
13,78,0
13,79,0
13,80,0
13,81,0
13,82,0
13,83,0
13,84,0
13,85,0
13,86,0
13,87,0
13,88,0
13,89,0
13,90,0
13,91,0
13,92,0
13,93,0
13,94,0
13,95,0
13,96,0
13,97,0
13,98,0
13,99,0
14,0,0
14,1,3.35131e-08
14,2,3.11e-07
14,3,2.31099e-06
14,4,1.39021e-05
14,5,6.78774e-05
14,6,0.000269388
14,7,0.000871547
14,8,0.0023187
14,9,0.00518202
14,10,0.0101166
14,11,0.0180877
14,12,0.0304108
14,13,0.0478246
14,14,0.0698399
14,15,0.0955548
14,16,0.123349
14,17,0.150413
14,18,0.174821
14,19,0.195091
14,20,0.210294
14,21,0.221122
14,22,0.227859
14,23,0.231918
14,24,0.233823
14,25,0.234476
14,26,0.233823
14,27,0.231918
14,28,0.227859
14,29,0.221122
14,30,0.210294
14,31,0.195091
14,32,0.174821
14,33,0.150413
14,34,0.123349
14,35,0.0955548
14,36,0.0698399
14,37,0.0478246
14,38,0.0304108
14,39,0.0180877
14,40,0.0101166
14,41,0.00518202
14,42,0.0023187
14,43,0.000871547
14,44,0.000269388
14,45,6.78774e-05
14,46,1.39021e-05
14,47,2.311e-06
14,48,3.1101e-07
14,49,3.37117e-08
14,50,2.91679e-09
14,51,1.9854e-10
14,52,1.03932e-11
14,53,4.03652e-13
14,54,1.09522e-14
14,55,1.85263e-16
14,56,1.47054e-18
14,57,0
14,58,0
14,59,0
14,60,0
14,61,0
14,62,0
14,63,0
14,64,0
14,65,0
14,66,0
14,67,0
14,68,0
14,69,0
14,70,0
14,71,0
14,72,0
14,73,0
14,74,0
14,75,0
14,76,0
14,77,0
14,78,0
14,79,0
14,80,0
14,81,0
14,82,0
14,83,0
14,84,0
14,85,0
14,86,0
14,87,0
14,88,0
14,89,0
14,90,0
14,91,0
14,92,0
14,93,0
14,94,0
14,95,0
14,96,0
14,97,0
14,98,0
14,99,0
15,0,0
15,1,1.4596e-07
15,2,1.15527e-06
15,3,7.37661e-06
15,4,3.84356e-05
15,5,0.00016374
15,6,0.000571779
15,7,0.00164749
15,8,0.00397959
15,9,0.0083067
15,10,0.015614
15,11,0.0272948
15,12,0.04461
15,13,0.0676695
15,14,0.0955548
15,15,0.126529
15,16,0.157328
15,17,0.184854
15,18,0.207263
15,19,0.223011
15,20,0.232801
15,21,0.237682
15,22,0.239159
15,23,0.239117
15,24,0.23837
15,25,0.238212
15,26,0.23837
15,27,0.239117
15,28,0.239159
15,29,0.237682
15,30,0.232801
15,31,0.223011
15,32,0.207263
15,33,0.184854
15,34,0.157328
15,35,0.126529
15,36,0.0955548
15,37,0.0676695
15,38,0.04461
15,39,0.0272948
15,40,0.015614
15,41,0.0083067
15,42,0.00397959
15,43,0.00164749
15,44,0.000571779
15,45,0.00016374
15,46,3.84356e-05
15,47,7.37661e-06
15,48,1.15535e-06
15,49,1.47213e-07
15,50,1.51727e-08
15,51,1.25291e-09
15,52,8.1662e-11
15,53,4.10518e-12
15,54,1.53502e-13
15,55,4.01906e-15
15,56,6.57387e-17
15,57,5.05498e-19
15,58,0
15,59,0
15,60,0
15,61,0
15,62,0
15,63,0
15,64,0
15,65,0
15,66,0
15,67,0
15,68,0
15,69,0
15,70,0
15,71,0
15,72,0
15,73,0
15,74,0
15,75,0
15,76,0
15,77,0
15,78,0
15,79,0
15,80,0
15,81,0
15,82,0
15,83,0
15,84,0
15,85,0
15,86,0
15,87,0
15,88,0
15,89,0
15,90,0
15,91,0
15,92,0
15,93,0
15,94,0
15,95,0
15,96,0
15,97,0
15,98,0
15,99,0
16,0,0
16,1,5.02784e-07
16,2,3.45375e-06
16,3,1.92565e-05
16,4,8.83607e-05
16,5,0.000334549
16,6,0.00105031
16,7,0.00276477
16,8,0.00623589
16,9,0.0124535
16,10,0.0227754
16,11,0.0387991
16,12,0.0614683
16,13,0.0902786
16,14,0.123349
16,15,0.157328
16,16,0.188154
16,17,0.212832
16,18,0.22933
16,19,0.237655
16,20,0.239636
16,21,0.237017
16,22,0.232641
16,23,0.227973
16,24,0.224775
16,25,0.223533
16,26,0.224775
16,27,0.227973
16,28,0.232641
16,29,0.237017
16,30,0.239636
16,31,0.237655
16,32,0.22933
16,33,0.212832
16,34,0.188154
16,35,0.157328
16,36,0.123349
16,37,0.0902787
16,38,0.0614683
16,39,0.0387991
16,40,0.0227753
16,41,0.0124535
16,42,0.00623589
16,43,0.00276477
16,44,0.00105031
16,45,0.000334549
16,46,8.83607e-05
16,47,1.92566e-05
16,48,3.45423e-06
16,49,5.08787e-07
16,50,6.13007e-08
16,51,6.00277e-09
16,52,4.72915e-10
16,53,2.95138e-11
16,54,1.42515e-12
16,55,5.13308e-14
16,56,1.29778e-15
16,57,2.05433e-17
16,58,1.53181e-19
16,59,0
16,60,0
16,61,0
16,62,0
16,63,0
16,64,0
16,65,0
16,66,0
16,67,0
16,68,0
16,69,0
16,70,0
16,71,0
16,72,0
16,73,0
16,74,0
16,75,0
16,76,0
16,77,0
16,78,0
16,79,0
16,80,0
16,81,0
16,82,0
16,83,0
16,84,0
16,85,0
16,86,0
16,87,0
16,88,0
16,89,0
16,90,0
16,91,0
16,92,0
16,93,0
16,94,0
16,95,0
16,96,0
16,97,0
16,98,0
16,99,0
17,0,0
17,1,1.39725e-06
17,2,8.48937e-06
17,3,4.21109e-05
17,4,0.000173561
17,5,0.000596616
17,6,0.00172294
17,7,0.00424028
17,8,0.00910892
17,9,0.0176102
17,10,0.0314213
17,11,0.0521688
17,12,0.0802497
17,13,0.11408
17,14,0.150413
17,15,0.184854
17,16,0.212832
17,17,0.231177
17,18,0.239178
17,19,0.23847
17,20,0.231652
17,21,0.221942
17,22,0.212027
17,23,0.203721
17,24,0.198412
17,25,0.196498
17,26,0.198412
17,27,0.203721
17,28,0.212027
17,29,0.221942
17,30,0.231652
17,31,0.23847
17,32,0.239178
17,33,0.231177
17,34,0.212832
17,35,0.184854
17,36,0.150413
17,37,0.11408
17,38,0.0802497
17,39,0.0521688
17,40,0.0314213
17,41,0.0176102
17,42,0.00910893
17,43,0.00424028
17,44,0.00172294
17,45,0.000596616
17,46,0.000173561
17,47,4.21111e-05
17,48,8.49144e-06
17,49,1.41956e-06
17,50,1.96175e-07
17,51,2.23087e-08
17,52,2.07275e-09
17,53,1.55656e-10
17,54,9.29704e-12
17,55,4.31173e-13
17,56,1.49623e-14
17,57,3.65463e-16
17,58,5.60273e-18
17,59,4.0548e-20
17,60,0
17,61,0
17,62,0
17,63,0
17,64,0
17,65,0
17,66,0
17,67,0
17,68,0
17,69,0
17,70,0
17,71,0
17,72,0
17,73,0
17,74,0
17,75,0
17,76,0
17,77,0
17,78,0
17,79,0
17,80,0
17,81,0
17,82,0
17,83,0
17,84,0
17,85,0
17,86,0
17,87,0
17,88,0
17,89,0
17,90,0
17,91,0
17,92,0
17,93,0
17,94,0
17,95,0
17,96,0
17,97,0
17,98,0
17,99,0
18,0,0
18,1,3.20815e-06
18,2,1.76008e-05
18,3,7.92812e-05
18,4,0.000299601
18,5,0.000954299
18,6,0.00258448
18,7,0.00604743
18,8,0.0125276
18,9,0.0236097
18,10,0.0412067
18,11,0.066701
18,12,0.0995674
18,13,0.137054
18,14,0.174821
18,15,0.207263
18,16,0.22933
18,17,0.239178
18,18,0.237665
18,19,0.22762
18,20,0.213191
18,21,0.197766
18,22,0.184052
18,23,0.173515
18,24,0.166989
18,25,0.164779
18,26,0.166989
18,27,0.173515
18,28,0.184052
18,29,0.197766
18,30,0.213191
18,31,0.22762
18,32,0.237665
18,33,0.239178
18,34,0.22933
18,35,0.207263
18,36,0.174821
18,37,0.137054
18,38,0.0995674
18,39,0.066701
18,40,0.0412067
18,41,0.0236097
18,42,0.0125276
18,43,0.00604743
18,44,0.00258448
18,45,0.000954299
18,46,0.000299601
18,47,7.92818e-05
18,48,1.76078e-05
18,49,3.27387e-06
18,50,5.08421e-07
18,51,6.57266e-08
18,52,7.03678e-09
18,53,6.19071e-10
18,54,4.42457e-11
18,55,2.52655e-12
18,56,1.12474e-13
18,57,3.75971e-15
18,58,8.87405e-17
18,59,1.31829e-18
18,60,9.2681e-21
18,61,0
18,62,0
18,63,0
18,64,0
18,65,0
18,66,0
18,67,0
18,68,0
18,69,0
18,70,0
18,71,0
18,72,0
18,73,0
18,74,0
18,75,0
18,76,0
18,77,0
18,78,0
18,79,0
18,80,0
18,81,0
18,82,0
18,83,0
18,84,0
18,85,0
18,86,0
18,87,0
18,88,0
18,89,0
18,90,0
18,91,0
18,92,0
18,93,0
18,94,0
18,95,0
18,96,0
18,97,0
18,98,0
18,99,0
19,0,0
19,1,6.24958e-06
19,2,3.16053e-05
19,3,0.000131834
19,4,0.000465233
19,5,0.00139632
19,6,0.00359936
19,7,0.00810704
19,8,0.0163405
19,9,0.0301572
19,10,0.0515306
19,11,0.0813492
19,12,0.118132
19,13,0.157978
19,14,0.195091
19,15,0.223011
19,16,0.237655
19,17,0.23847
19,18,0.22762
19,19,0.209918
19,20,0.189856
19,21,0.170948
19,22,0.155441
19,23,0.144001
19,24,0.137262
19,25,0.134884
19,26,0.137262
19,27,0.144001
19,28,0.155441
19,29,0.170948
19,30,0.189856
19,31,0.209918
19,32,0.22762
19,33,0.23847
19,34,0.237655
19,35,0.223011
19,36,0.195091
19,37,0.157978
19,38,0.118132
19,39,0.0813492
19,40,0.0515306
19,41,0.0301572
19,42,0.0163405
19,43,0.00810704
19,44,0.00359936
19,45,0.00139632
19,46,0.000465233
19,47,0.000131836
19,48,3.16243e-05
19,49,6.40688e-06
19,50,1.09446e-06
19,51,1.57297e-07
19,52,1.89525e-08
19,53,1.90379e-09
19,54,1.58118e-10
19,55,1.07289e-11
19,56,5.84625e-13
19,57,2.49497e-14
19,58,8.02837e-16
19,59,1.83087e-17
19,60,2.63658e-19
19,61,1.80213e-21
19,62,0
19,63,0
19,64,0
19,65,0
19,66,0
19,67,0
19,68,0
19,69,0
19,70,0
19,71,0
19,72,0
19,73,0
19,74,0
19,75,0
19,76,0
19,77,0
19,78,0
19,79,0
19,80,0
19,81,0
19,82,0
19,83,0
19,84,0
19,85,0
19,86,0
19,87,0
19,88,0
19,89,0
19,90,0
19,91,0
19,92,0
19,93,0
19,94,0
19,95,0
19,96,0
19,97,0
19,98,0
19,99,0
20,0,0
20,1,1.05924e-05
20,2,5.02869e-05
20,3,0.000197534
20,4,0.000660882
20,5,0.00189454
20,6,0.00470365
20,7,0.0102945
20,8,0.02031
20,9,0.036806
20,10,0.0616834
20,11,0.0952446
20,12,0.134935
20,13,0.175534
20,14,0.210294
20,15,0.232801
20,16,0.239636
20,17,0.231652
20,18,0.213191
20,19,0.189856
20,20,0.166428
20,21,0.146143
20,22,0.130158
20,23,0.118977
20,24,0.11229
20,25,0.110103
20,26,0.11229
20,27,0.118977
20,28,0.130158
20,29,0.146143
20,30,0.166428
20,31,0.189857
20,32,0.213191
20,33,0.231652
20,34,0.239636
20,35,0.232801
20,36,0.210294
20,37,0.175534
20,38,0.134935
20,39,0.0952446
20,40,0.0616834
20,41,0.036806
20,42,0.02031
20,43,0.0102945
20,44,0.00470365
20,45,0.00189454
20,46,0.000660883
20,47,0.000197539
20,48,5.03285e-05
20,49,1.09063e-05
20,50,2.00832e-06
20,51,3.1392e-07
20,52,4.15686e-08
20,53,4.64643e-09
20,54,4.35913e-10
20,55,3.40333e-11
20,56,2.18421e-12
20,57,1.13226e-13
20,58,4.62173e-15
20,59,1.42949e-16
20,60,3.1476e-18
20,61,4.39429e-20
20,62,2.92238e-22
20,63,0
20,64,0
20,65,0
20,66,0
20,67,0
20,68,0
20,69,0
20,70,0
20,71,0
20,72,0
20,73,0
20,74,0
20,75,0
20,76,0
20,77,0
20,78,0
20,79,0
20,80,0
20,81,0
20,82,0
20,83,0
20,84,0
20,85,0
20,86,0
20,87,0
20,88,0
20,89,0
20,90,0
20,91,0
20,92,0
20,93,0
20,94,0
20,95,0
20,96,0
20,97,0
20,98,0
20,99,0
21,0,0
21,1,1.59381e-05
21,2,7.21204e-05
21,3,0.000270589
21,4,0.000869279
21,5,0.00240702
21,6,0.00580986
21,7,0.0124421
21,8,0.024138
21,9,0.0430864
21,10,0.0710101
21,11,0.10751
21,12,0.149013
21,13,0.189378
21,14,0.221122
21,15,0.237682
21,16,0.237017
21,17,0.221942
21,18,0.197766
21,19,0.170948
21,20,0.146143
21,21,0.125611
21,22,0.110165
21,23,0.0993309
21,24,0.092889
21,25,0.0906316
21,26,0.092889
21,27,0.0993309
21,28,0.110165
21,29,0.125611
21,30,0.146143
21,31,0.170948
21,32,0.197766
21,33,0.221942
21,34,0.237017
21,35,0.237682
21,36,0.221122
21,37,0.189378
21,38,0.149013
21,39,0.10751
21,40,0.0710101
21,41,0.0430864
21,42,0.024138
21,43,0.0124421
21,44,0.00580986
21,45,0.00240702
21,46,0.00086928
21,47,0.000270598
21,48,7.21966e-05
21,49,1.64736e-05
21,50,3.21294e-06
21,51,5.35518e-07
21,52,7.62253e-08
21,53,9.2489e-09
21,54,9.53359e-10
21,55,8.30171e-11
21,56,6.0556e-12
21,57,3.6551e-13
21,58,1.79367e-14
21,59,6.97512e-16
21,60,2.06786e-17
21,61,4.38928e-19
21,62,5.93824e-21
21,63,3.84523e-23
21,64,0
21,65,0
21,66,0
21,67,0
21,68,0
21,69,0
21,70,0
21,71,0
21,72,0
21,73,0
21,74,0
21,75,0
21,76,0
21,77,0
21,78,0
21,79,0
21,80,0
21,81,0
21,82,0
21,83,0
21,84,0
21,85,0
21,86,0
21,87,0
21,88,0
21,89,0
21,90,0
21,91,0
21,92,0
21,93,0
21,94,0
21,95,0
21,96,0
21,97,0
21,98,0
21,99,0
22,0,0
22,1,2.16071e-05
22,2,9.44045e-05
22,3,0.000342448
22,4,0.00106782
22,5,0.00288265
22,6,0.00681631
22,7,0.0143674
22,8,0.0275204
22,9,0.0485241
22,10,0.0788631
22,11,0.117531
22,12,0.160124
22,13,0.19957
22,14,0.227859
22,15,0.239159
22,16,0.232641
22,17,0.212027
22,18,0.184052
22,19,0.155441
22,20,0.130158
22,21,0.110165
22,22,0.0951181
22,23,0.084425
22,24,0.077493
22,25,0.0748719
22,26,0.077493
22,27,0.0844249
22,28,0.0951181
22,29,0.110165
22,30,0.130158
22,31,0.155441
22,32,0.184052
22,33,0.212027
22,34,0.232641
22,35,0.239159
22,36,0.227859
22,37,0.19957
22,38,0.160124
22,39,0.117531
22,40,0.0788631
22,41,0.0485241
22,42,0.0275204
22,43,0.0143674
22,44,0.00681631
22,45,0.00288265
22,46,0.00106782
22,47,0.000342463
22,48,9.45241e-05
22,49,2.24036e-05
22,50,4.55841e-06
22,51,7.96491e-07
22,52,1.19534e-07
22,53,1.53996e-08
22,54,1.70017e-09
22,55,1.6034e-10
22,56,1.28489e-11
22,57,8.67934e-13
22,58,4.88415e-14
22,59,2.25071e-15
22,60,8.28131e-17
22,61,2.34091e-18
22,62,4.77398e-20
22,63,6.25078e-22
22,64,3.94383e-24
22,65,0
22,66,0
22,67,0
22,68,0
22,69,0
22,70,0
22,71,0
22,72,0
22,73,0
22,74,0
22,75,0
22,76,0
22,77,0
22,78,0
22,79,0
22,80,0
22,81,0
22,82,0
22,83,0
22,84,0
22,85,0
22,86,0
22,87,0
22,88,0
22,89,0
22,90,0
22,91,0
22,92,0
22,93,0
22,94,0
22,95,0
22,96,0
22,97,0
22,98,0
22,99,0
23,0,0
23,1,2.66716e-05
23,2,0.00011378
23,3,0.000403299
23,4,0.00123216
23,5,0.00326929
23,6,0.00762324
23,7,0.0158928
23,8,0.0301656
23,9,0.0527132
23,10,0.0848115
23,11,0.124923
23,12,0.167945
23,13,0.206311
23,14,0.231919
23,15,0.239117
23,16,0.227973
23,17,0.203721
23,18,0.173515
23,19,0.144001
23,20,0.118977
23,21,0.0993309
23,22,0.0844249
23,23,0.0728934
23,24,0.06423
23,25,0.0598089
23,26,0.06423
23,27,0.0728935
23,28,0.0844249
23,29,0.0993309
23,30,0.118977
23,31,0.144001
23,32,0.173515
23,33,0.203721
23,34,0.227973
23,35,0.239117
23,36,0.231919
23,37,0.206311
23,38,0.167945
23,39,0.124923
23,40,0.0848115
23,41,0.0527132
23,42,0.0301656
23,43,0.0158928
23,44,0.00762324
23,45,0.00326929
23,46,0.00123216
23,47,0.00040332
23,48,0.000113943
23,49,2.77193e-05
23,50,5.80579e-06
23,51,1.0477e-06
23,52,1.63013e-07
23,53,2.1874e-08
23,54,2.52983e-09
23,55,2.5175e-10
23,56,2.14884e-11
23,57,1.56552e-12
23,58,9.66352e-14
23,59,4.99975e-15
23,60,2.13396e-16
23,61,7.33604e-18
23,62,1.95691e-19
23,63,3.80707e-21
23,64,4.80829e-23
23,65,2.95787e-25
23,66,0
23,67,0
23,68,0
23,69,0
23,70,0
23,71,0
23,72,0
23,73,0
23,74,0
23,75,0
23,76,0
23,77,0
23,78,0
23,79,0
23,80,0
23,81,0
23,82,0
23,83,0
23,84,0
23,85,0
23,86,0
23,87,0
23,88,0
23,89,0
23,90,0
23,91,0
23,92,0
23,93,0
23,94,0
23,95,0
23,96,0
23,97,0
23,98,0
23,99,0
24,0,0
24,1,3.01845e-05
24,2,0.00012699
24,3,0.000444093
24,4,0.00134077
24,5,0.00352176
24,6,0.00814511
24,7,0.0168721
24,8,0.0318522
24,9,0.0553548
24,10,0.0884912
24,11,0.129407
24,12,0.172646
24,13,0.210232
24,14,0.233823
24,15,0.23837
24,16,0.224775
24,17,0.198412
24,18,0.166989
24,19,0.137262
24,20,0.11229
24,21,0.092889
24,22,0.0774932
24,23,0.0642301
24,24,0.0513238
24,25,0.0401123
24,26,0.0513238
24,27,0.0642302
24,28,0.0774931
24,29,0.0928891
24,30,0.11229
24,31,0.137262
24,32,0.166989
24,33,0.198412
24,34,0.224775
24,35,0.238369
24,36,0.233823
24,37,0.210232
24,38,0.172646
24,39,0.129407
24,40,0.0884912
24,41,0.0553548
24,42,0.0318522
24,43,0.0168721
24,44,0.00814511
24,45,0.00352176
24,46,0.00134077
24,47,0.00044412
24,48,0.000127185
24,49,3.14151e-05
24,50,6.69214e-06
24,51,1.23055e-06
24,52,1.95521e-07
24,53,2.68627e-08
24,54,3.19136e-09
24,55,3.27563e-10
24,56,2.89898e-11
24,57,2.20492e-12
24,58,1.43418e-13
24,59,7.92258e-15
24,60,3.68094e-16
24,61,1.41854e-17
24,62,4.44077e-19
24,63,1.09221e-20
24,64,1.99163e-22
24,65,2.40415e-24
24,66,1.44286e-26
24,67,0
24,68,0
24,69,0
24,70,0
24,71,0
24,72,0
24,73,0
24,74,0
24,75,0
24,76,0
24,77,0
24,78,0
24,79,0
24,80,0
24,81,0
24,82,0
24,83,0
24,84,0
24,85,0
24,86,0
24,87,0
24,88,0
24,89,0
24,90,0
24,91,0
24,92,0
24,93,0
24,94,0
24,95,0
24,96,0
24,97,0
24,98,0
24,99,0
25,0,0
25,1,3.14423e-05
25,2,0.00013168
25,3,0.000458455
25,4,0.00137872
25,5,0.00360951
25,6,0.00832589
25,7,0.0172099
25,8,0.0324293
25,9,0.0562531
25,10,0.0897484
25,11,0.130934
25,12,0.174162
25,13,0.211409
25,14,0.234476
25,15,0.238212
25,16,0.223533
25,17,0.196498
25,18,0.164779
25,19,0.134884
25,20,0.110103
25,21,0.0906317
25,22,0.0748719
25,23,0.0598088
25,24,0.0401121
25,25,0.00064438
25,26,0.0401121
25,27,0.0598087
25,28,0.0748719
25,29,0.0906317
25,30,0.110103
25,31,0.134884
25,32,0.164779
25,33,0.196498
25,34,0.223533
25,35,0.238212
25,36,0.234476
25,37,0.211409
25,38,0.174162
25,39,0.130934
25,40,0.0897484
25,41,0.0562531
25,42,0.0324293
25,43,0.0172099
25,44,0.00832589
25,45,0.00360951
25,46,0.00137872
25,47,0.000458483
25,48,0.000131887
25,49,3.27398e-05
25,50,7.01317e-06
25,51,1.29757e-06
25,52,2.07594e-07
25,53,2.87429e-08
25,54,3.44483e-09
25,55,3.57162e-10
25,56,3.19838e-11
25,57,2.46697e-12
25,58,1.63211e-13
25,59,9.20711e-15
25,60,4.39351e-16
25,61,1.75485e-17
25,62,5.78785e-19
25,63,1.54881e-20
25,64,3.28075e-22
25,65,5.2745e-24
25,66,5.86377e-26
25,67,3.43539e-28
25,68,0
25,69,0
25,70,0
25,71,0
25,72,0
25,73,0
25,74,0
25,75,0
25,76,0
25,77,0
25,78,0
25,79,0
25,80,0
25,81,0
25,82,0
25,83,0
25,84,0
25,85,0
25,86,0
25,87,0
25,88,0
25,89,0
25,90,0
25,91,0
25,92,0
25,93,0
25,94,0
25,95,0
25,96,0
25,97,0
25,98,0
25,99,0
26,0,0
26,1,3.01845e-05
26,2,0.00012699
26,3,0.000444093
26,4,0.00134077
26,5,0.00352176
26,6,0.00814511
26,7,0.0168721
26,8,0.0318522
26,9,0.0553548
26,10,0.0884912
26,11,0.129407
26,12,0.172646
26,13,0.210232
26,14,0.233823
26,15,0.23837
26,16,0.224775
26,17,0.198412
26,18,0.166989
26,19,0.137262
26,20,0.11229
26,21,0.092889
26,22,0.0774932
26,23,0.0642301
26,24,0.0513238
26,25,0.0401123
26,26,0.0513238
26,27,0.0642302
26,28,0.0774931
26,29,0.0928891
26,30,0.11229
26,31,0.137262
26,32,0.166989
26,33,0.198412
26,34,0.224775
26,35,0.238369
26,36,0.233823
26,37,0.210232
26,38,0.172646
26,39,0.129407
26,40,0.0884912
26,41,0.0553548
26,42,0.0318522
26,43,0.0168721
26,44,0.00814511
26,45,0.00352176
26,46,0.00134077
26,47,0.00044412
26,48,0.000127185
26,49,3.14151e-05
26,50,6.69214e-06
26,51,1.23055e-06
26,52,1.95521e-07
26,53,2.68627e-08
26,54,3.19136e-09
26,55,3.27563e-10
26,56,2.89898e-11
26,57,2.20492e-12
26,58,1.43418e-13
26,59,7.92258e-15
26,60,3.68094e-16
26,61,1.41854e-17
26,62,4.44077e-19
26,63,1.09221e-20
26,64,1.99163e-22
26,65,2.40415e-24
26,66,1.44286e-26
26,67,0
26,68,0
26,69,0
26,70,0
26,71,0
26,72,0
26,73,0
26,74,0
26,75,0
26,76,0
26,77,0
26,78,0
26,79,0
26,80,0
26,81,0
26,82,0
26,83,0
26,84,0
26,85,0
26,86,0
26,87,0
26,88,0
26,89,0
26,90,0
26,91,0
26,92,0
26,93,0
26,94,0
26,95,0
26,96,0
26,97,0
26,98,0
26,99,0
27,0,0
27,1,2.66716e-05
27,2,0.00011378
27,3,0.000403299
27,4,0.00123216
27,5,0.00326929
27,6,0.00762324
27,7,0.0158928
27,8,0.0301656
27,9,0.0527132
27,10,0.0848115
27,11,0.124923
27,12,0.167945
27,13,0.206311
27,14,0.231919
27,15,0.239117
27,16,0.227973
27,17,0.203721
27,18,0.173515
27,19,0.144001
27,20,0.118977
27,21,0.0993309
27,22,0.0844249
27,23,0.0728934
27,24,0.06423
27,25,0.0598089
27,26,0.06423
27,27,0.0728935
27,28,0.0844249
27,29,0.0993309
27,30,0.118977
27,31,0.144001
27,32,0.173515
27,33,0.203721
27,34,0.227973
27,35,0.239117
27,36,0.231919
27,37,0.206311
27,38,0.167945
27,39,0.124923
27,40,0.0848115
27,41,0.0527132
27,42,0.0301656
27,43,0.0158928
27,44,0.00762324
27,45,0.00326929
27,46,0.00123216
27,47,0.00040332
27,48,0.000113943
27,49,2.77193e-05
27,50,5.80579e-06
27,51,1.0477e-06
27,52,1.63013e-07
27,53,2.1874e-08
27,54,2.52983e-09
27,55,2.5175e-10
27,56,2.14884e-11
27,57,1.56552e-12
27,58,9.66352e-14
27,59,4.99975e-15
27,60,2.13396e-16
27,61,7.33604e-18
27,62,1.95691e-19
27,63,3.80707e-21
27,64,4.80829e-23
27,65,2.95787e-25
27,66,0
27,67,0
27,68,0
27,69,0
27,70,0
27,71,0
27,72,0
27,73,0
27,74,0
27,75,0
27,76,0
27,77,0
27,78,0
27,79,0
27,80,0
27,81,0
27,82,0
27,83,0
27,84,0
27,85,0
27,86,0
27,87,0
27,88,0
27,89,0
27,90,0
27,91,0
27,92,0
27,93,0
27,94,0
27,95,0
27,96,0
27,97,0
27,98,0
27,99,0
28,0,0
28,1,2.16071e-05
28,2,9.44045e-05
28,3,0.000342448
28,4,0.00106782
28,5,0.00288265
28,6,0.00681631
28,7,0.0143674
28,8,0.0275204
28,9,0.0485241
28,10,0.0788631
28,11,0.117531
28,12,0.160124
28,13,0.19957
28,14,0.227859
28,15,0.239159
28,16,0.232641
28,17,0.212027
28,18,0.184052
28,19,0.155441
28,20,0.130158
28,21,0.110165
28,22,0.0951181
28,23,0.084425
28,24,0.077493
28,25,0.0748719
28,26,0.077493
28,27,0.0844249
28,28,0.0951181
28,29,0.110165
28,30,0.130158
28,31,0.155441
28,32,0.184052
28,33,0.212027
28,34,0.232641
28,35,0.239159
28,36,0.227859
28,37,0.19957
28,38,0.160124
28,39,0.117531
28,40,0.0788631
28,41,0.0485241
28,42,0.0275204
28,43,0.0143674
28,44,0.00681631
28,45,0.00288265
28,46,0.00106782
28,47,0.000342463
28,48,9.45241e-05
28,49,2.24036e-05
28,50,4.55841e-06
28,51,7.96491e-07
28,52,1.19534e-07
28,53,1.53996e-08
28,54,1.70017e-09
28,55,1.6034e-10
28,56,1.28489e-11
28,57,8.67934e-13
28,58,4.88415e-14
28,59,2.25071e-15
28,60,8.28131e-17
28,61,2.34091e-18
28,62,4.77398e-20
28,63,6.25078e-22
28,64,3.94383e-24
28,65,0
28,66,0
28,67,0
28,68,0
28,69,0
28,70,0
28,71,0
28,72,0
28,73,0
28,74,0
28,75,0
28,76,0
28,77,0
28,78,0
28,79,0
28,80,0
28,81,0
28,82,0
28,83,0
28,84,0
28,85,0
28,86,0
28,87,0
28,88,0
28,89,0
28,90,0
28,91,0
28,92,0
28,93,0
28,94,0
28,95,0
28,96,0
28,97,0
28,98,0
28,99,0
29,0,0
29,1,1.59381e-05
29,2,7.21204e-05
29,3,0.000270589
29,4,0.000869279
29,5,0.00240702
29,6,0.00580986
29,7,0.0124421
29,8,0.024138
29,9,0.0430864
29,10,0.0710101
29,11,0.10751
29,12,0.149013
29,13,0.189378
29,14,0.221122
29,15,0.237682
29,16,0.237017
29,17,0.221942
29,18,0.197766
29,19,0.170948
29,20,0.146143
29,21,0.125611
29,22,0.110165
29,23,0.0993309
29,24,0.092889
29,25,0.0906316
29,26,0.092889
29,27,0.0993309
29,28,0.110165
29,29,0.125611
29,30,0.146143
29,31,0.170948
29,32,0.197766
29,33,0.221942
29,34,0.237017
29,35,0.237682
29,36,0.221122
29,37,0.189378
29,38,0.149013
29,39,0.10751
29,40,0.0710101
29,41,0.0430864
29,42,0.024138
29,43,0.0124421
29,44,0.00580986
29,45,0.00240702
29,46,0.00086928
29,47,0.000270598
29,48,7.21966e-05
29,49,1.64736e-05
29,50,3.21294e-06
29,51,5.35518e-07
29,52,7.62253e-08
29,53,9.2489e-09
29,54,9.53359e-10
29,55,8.30171e-11
29,56,6.0556e-12
29,57,3.6551e-13
29,58,1.79367e-14
29,59,6.97512e-16
29,60,2.06786e-17
29,61,4.38928e-19
29,62,5.93824e-21
29,63,3.84523e-23
29,64,0
29,65,0
29,66,0
29,67,0
29,68,0
29,69,0
29,70,0
29,71,0
29,72,0
29,73,0
29,74,0
29,75,0
29,76,0
29,77,0
29,78,0
29,79,0
29,80,0
29,81,0
29,82,0
29,83,0
29,84,0
29,85,0
29,86,0
29,87,0
29,88,0
29,89,0
29,90,0
29,91,0
29,92,0
29,93,0
29,94,0
29,95,0
29,96,0
29,97,0
29,98,0
29,99,0
30,0,0
30,1,1.05924e-05
30,2,5.02869e-05
30,3,0.000197534
30,4,0.000660882
30,5,0.00189454
30,6,0.00470365
30,7,0.0102945
30,8,0.02031
30,9,0.036806
30,10,0.0616834
30,11,0.0952446
30,12,0.134935
30,13,0.175534
30,14,0.210294
30,15,0.232801
30,16,0.239636
30,17,0.231652
30,18,0.213191
30,19,0.189856
30,20,0.166428
30,21,0.146143
30,22,0.130158
30,23,0.118977
30,24,0.11229
30,25,0.110103
30,26,0.11229
30,27,0.118977
30,28,0.130158
30,29,0.146143
30,30,0.166428
30,31,0.189857
30,32,0.213191
30,33,0.231652
30,34,0.239636
30,35,0.232801
30,36,0.210294
30,37,0.175534
30,38,0.134935
30,39,0.0952446
30,40,0.0616834
30,41,0.036806
30,42,0.02031
30,43,0.0102945
30,44,0.00470365
30,45,0.00189454
30,46,0.000660883
30,47,0.000197539
30,48,5.03285e-05
30,49,1.09063e-05
30,50,2.00832e-06
30,51,3.1392e-07
30,52,4.15686e-08
30,53,4.64643e-09
30,54,4.35913e-10
30,55,3.40333e-11
30,56,2.18421e-12
30,57,1.13226e-13
30,58,4.62173e-15
30,59,1.42949e-16
30,60,3.1476e-18
30,61,4.39429e-20
30,62,2.92238e-22
30,63,0
30,64,0
30,65,0
30,66,0
30,67,0
30,68,0
30,69,0
30,70,0
30,71,0
30,72,0
30,73,0
30,74,0
30,75,0
30,76,0
30,77,0
30,78,0
30,79,0
30,80,0
30,81,0
30,82,0
30,83,0
30,84,0
30,85,0
30,86,0
30,87,0
30,88,0
30,89,0
30,90,0
30,91,0
30,92,0
30,93,0
30,94,0
30,95,0
30,96,0
30,97,0
30,98,0
30,99,0
31,0,0
31,1,6.24958e-06
31,2,3.16053e-05
31,3,0.000131834
31,4,0.000465233
31,5,0.00139632
31,6,0.00359936
31,7,0.00810704
31,8,0.0163405
31,9,0.0301572
31,10,0.0515306
31,11,0.0813492
31,12,0.118132
31,13,0.157978
31,14,0.195091
31,15,0.223011
31,16,0.237655
31,17,0.23847
31,18,0.22762
31,19,0.209918
31,20,0.189856
31,21,0.170948
31,22,0.155441
31,23,0.144001
31,24,0.137262
31,25,0.134884
31,26,0.137262
31,27,0.144001
31,28,0.155441
31,29,0.170948
31,30,0.189856
31,31,0.209918
31,32,0.22762
31,33,0.23847
31,34,0.237655
31,35,0.223011
31,36,0.195091
31,37,0.157978
31,38,0.118132
31,39,0.0813492
31,40,0.0515306
31,41,0.0301572
31,42,0.0163405
31,43,0.00810704
31,44,0.00359936
31,45,0.00139632
31,46,0.000465233
31,47,0.000131836
31,48,3.16243e-05
31,49,6.40688e-06
31,50,1.09446e-06
31,51,1.57297e-07
31,52,1.89525e-08
31,53,1.90379e-09
31,54,1.58118e-10
31,55,1.07289e-11
31,56,5.84625e-13
31,57,2.49497e-14
31,58,8.02837e-16
31,59,1.83087e-17
31,60,2.63658e-19
31,61,1.80213e-21
31,62,0
31,63,0
31,64,0
31,65,0
31,66,0
31,67,0
31,68,0
31,69,0
31,70,0
31,71,0
31,72,0
31,73,0
31,74,0
31,75,0
31,76,0
31,77,0
31,78,0
31,79,0
31,80,0
31,81,0
31,82,0
31,83,0
31,84,0
31,85,0
31,86,0
31,87,0
31,88,0
31,89,0
31,90,0
31,91,0
31,92,0
31,93,0
31,94,0
31,95,0
31,96,0
31,97,0
31,98,0
31,99,0
32,0,0
32,1,3.20815e-06
32,2,1.76008e-05
32,3,7.92812e-05
32,4,0.000299601
32,5,0.000954299
32,6,0.00258448
32,7,0.00604743
32,8,0.0125276
32,9,0.0236097
32,10,0.0412067
32,11,0.066701
32,12,0.0995674
32,13,0.137054
32,14,0.174821
32,15,0.207263
32,16,0.22933
32,17,0.239178
32,18,0.237665
32,19,0.22762
32,20,0.213191
32,21,0.197766
32,22,0.184052
32,23,0.173515
32,24,0.166989
32,25,0.164779
32,26,0.166989
32,27,0.173515
32,28,0.184052
32,29,0.197766
32,30,0.213191
32,31,0.22762
32,32,0.237665
32,33,0.239178
32,34,0.22933
32,35,0.207263
32,36,0.174821
32,37,0.137054
32,38,0.0995674
32,39,0.066701
32,40,0.0412067
32,41,0.0236097
32,42,0.0125276
32,43,0.00604743
32,44,0.00258448
32,45,0.000954299
32,46,0.000299601
32,47,7.92818e-05
32,48,1.76078e-05
32,49,3.27387e-06
