0,0,0
0,1,0
0,2,0
0,3,0
0,4,0
0,5,0
0,6,0
0,7,0
0,8,0
0,9,0
0,10,0
0,11,0
0,12,0
0,13,0
0,14,0
0,15,0
0,16,0
0,17,0
0,18,0
0,19,0
0,20,0
0,21,0
0,22,0
0,23,0
0,24,0
0,25,0
0,26,0
0,27,0
0,28,0
0,29,0
0,30,0
0,31,0
0,32,0
0,33,0
0,34,0
0,35,0
0,36,0
0,37,0
0,38,0
0,39,0
0,40,0
0,41,0
0,42,0
0,43,0
0,44,0
0,45,0
0,46,0
0,47,0
0,48,0
0,49,0
1,0,0
1,1,2.70466e-18
1,2,2.63282e-16
1,3,1.19218e-14
1,4,3.33547e-13
1,5,6.46002e-12
1,6,9.19815e-11
1,7,9.98374e-10
1,8,8.45701e-09
1,9,5.68145e-08
1,10,3.06293e-07
1,11,1.33806e-06
1,12,4.78264e-06
1,13,1.41504e-05
1,14,3.51922e-05
1,15,7.50399e-05
1,16,0.000140321
1,17,0.000235194
1,18,0.000359759
1,19,0.000509138
1,20,0.000673605
1,21,0.000839563
1,22,0.000991318
1,23,0.00111332
1,24,0.00119239
1,25,0.00121978
1,26,0.00119239
1,27,0.00111332
1,28,0.000991318
1,29,0.000839563
1,30,0.000673605
1,31,0.000509138
1,32,0.000359759
1,33,0.000235194
1,34,0.000140321
1,35,7.50399e-05
1,36,3.51922e-05
1,37,1.41504e-05
1,38,4.78264e-06
1,39,1.33806e-06
1,40,3.06293e-07
1,41,5.68145e-08
1,42,8.45701e-09
1,43,9.98374e-10
1,44,9.19815e-11
1,45,6.46002e-12
1,46,3.33547e-13
1,47,1.19218e-14
1,48,2.63282e-16
1,49,1.35233e-18
2,0,0
2,1,2.63282e-16
2,2,1.24423e-14
2,3,3.64048e-13
2,4,7.38943e-12
2,5,1.10516e-10
2,6,1.26289e-09
2,7,1.12881e-08
2,8,8.01866e-08
2,9,4.5789e-07
2,10,2.12076e-06
2,11,8.03446e-06
2,12,2.51438e-05
2,13,6.58666e-05
2,14,0.000147057
2,15,0.000286122
2,16,0.000496546
2,17,0.000784237
2,18,0.00114461
2,19,0.00156151
2,20,0.00200812
2,21,0.0024495
2,22,0.00284698
2,23,0.00316304
2,24,0.00336649
2,25,0.00343671
2,26,0.00336649
2,27,0.00316304
2,28,0.00284698
2,29,0.0024495
2,30,0.00200812
2,31,0.00156151
2,32,0.00114461
2,33,0.000784237
2,34,0.000496547
2,35,0.000286122
2,36,0.000147057
2,37,6.58666e-05
2,38,2.51438e-05
2,39,8.03446e-06
2,40,2.12076e-06
2,41,4.5789e-07
2,42,8.01867e-08
2,43,1.12881e-08
2,44,1.26289e-09
2,45,1.10516e-10
2,46,7.38943e-12
2,47,3.64048e-13
2,48,1.24411e-14
2,49,1.36513e-16
3,0,0
3,1,1.19218e-14
3,2,3.64048e-13
3,3,7.72423e-12
3,4,1.20977e-10
3,5,1.4503e-09
3,6,1.36231e-08
3,7,1.01852e-07
3,8,6.12773e-07
3,9,2.99102e-06
3,10,1.19303e-05
3,11,3.92015e-05
3,12,0.000107293
3,13,0.000248565
3,14,0.000498122
3,15,0.000885264
3,16,0.00142782
3,17,0.00212708
3,18,0.00296385
3,19,0.00389846
3,20,0.00487268
3,21,0.00581545
3,22,0.00665105
3,23,0.00730783
3,24,0.00772752
3,25,0.00787178
3,26,0.00772751
3,27,0.00730783
3,28,0.00665105
3,29,0.00581545
3,30,0.00487268
3,31,0.00389846
3,32,0.00296385
3,33,0.00212708
3,34,0.00142782
3,35,0.000885264
3,36,0.000498121
3,37,0.000248565
3,38,0.000107293
3,39,3.92015e-05
3,40,1.19303e-05
3,41,2.99102e-06
3,42,6.12773e-07
3,43,1.01852e-07
3,44,1.36231e-08
3,45,1.4503e-09
3,46,1.20977e-10
3,47,7.72423e-12
3,48,3.63937e-13
3,49,6.424e-15
4,0,0
4,1,3.33547e-13
4,2,7.38943e-12
4,3,1.20977e-10
4,4,1.51866e-09
4,5,1.49628e-08
4,6,1.17518e-07
4,7,7.43582e-07
4,8,3.81911e-06
4,9,1.60196e-05
4,10,5.52299e-05
4,11,0.000157893
4,12,0.000379472
4,13,0.000782478
4,14,0.00142079
4,15,0.00233248
4,16,0.00353467
4,17,0.00501389
4,18,0.00672231
4,19,0.0085782
4,20,0.0104696
4,21,0.0122676
4,22,0.0138385
4,23,0.0150604
4,24,0.0158356
4,25,0.0161012
4,26,0.0158356
4,27,0.0150604
4,28,0.0138385
4,29,0.0122676
4,30,0.0104696
4,31,0.0085782
4,32,0.00672231
4,33,0.00501389
4,34,0.00353467
4,35,0.00233248
4,36,0.00142079
4,37,0.000782478
4,38,0.000379472
4,39,0.000157893
4,40,5.52299e-05
4,41,1.60196e-05
4,42,3.81911e-06
4,43,7.43582e-07
4,44,1.17518e-07
4,45,1.49628e-08
4,46,1.51866e-09
4,47,1.20977e-10
4,48,7.38483e-12
4,49,1.87225e-13
5,0,0
5,1,6.46002e-12
5,2,1.10516e-10
5,3,1.4503e-09
5,4,1.49628e-08
5,5,1.2325e-07
5,6,8.18939e-07
5,7,4.42038e-06
5,8,1.94832e-05
5,9,7.04677e-05
5,10,0.000210554
5,11,0.000525564
5,12,0.00111624
5,13,0.00207089
5,14,0.00345726
5,15,0.00532455
5,16,0.00768482
5,17,0.0104956
5,18,0.0136587
5,19,0.0170174
5,20,0.0203736
5,21,0.0235101
5,22,0.0262112
5,23,0.0282897
5,24,0.0295977
5,25,0.0300446
5,26,0.0295977
5,27,0.0282897
5,28,0.0262112
5,29,0.0235101
5,30,0.0203736
5,31,0.0170174
5,32,0.0136587
5,33,0.0104956
5,34,0.00768482
5,35,0.00532455
5,36,0.00345726
5,37,0.00207089
5,38,0.00111624
5,39,0.000525564
5,40,0.000210554
5,41,7.04677e-05
5,42,1.94832e-05
5,43,4.42038e-06
5,44,8.18939e-07
5,45,1.2325e-07
5,46,1.49628e-08
5,47,1.4503e-09
5,48,1.104e-10
5,49,3.78748e-12
6,0,0
6,1,9.19815e-11
6,2,1.26289e-09
6,3,1.36231e-08
6,4,1.17518e-07
6,5,8.18939e-07
6,6,4.64081e-06
6,7,2.14816e-05
6,8,8.15219e-05
6,9,0.000254858
6,10,0.000662025
6,11,0.00145173
6,12,0.00275689
6,13,0.00468418
6,14,0.00733654
6,15,0.0107876
6,16,0.0150259
6,17,0.0199487
6,18,0.0253565
6,19,0.0309618
6,20,0.0364413
6,21,0.0414573
6,22,0.0457043
6,23,0.0489271
6,24,0.0509365
6,25,0.0516197
6,26,0.0509365
6,27,0.0489271
6,28,0.0457043
6,29,0.0414573
6,30,0.0364413
6,31,0.0309617
6,32,0.0253565
6,33,0.0199487
6,34,0.0150259
6,35,0.0107876
6,36,0.00733654
6,37,0.00468418
6,38,0.00275689
6,39,0.00145173
6,40,0.000662025
6,41,0.000254858
6,42,8.15219e-05
6,43,2.14816e-05
6,44,4.64081e-06
6,45,8.18939e-07
6,46,1.17518e-07
6,47,1.3623e-08
6,48,1.26088e-09
6,49,5.64986e-11
7,0,0
7,1,9.98374e-10
7,2,1.12881e-08
7,3,1.01852e-07
7,4,7.43582e-07
7,5,4.42038e-06
7,6,2.14816e-05
7,7,8.55726e-05
7,8,0.000280315
7,9,0.000759816
7,10,0.00172659
7,11,0.00336859
7,12,0.00584059
7,13,0.009322
7,14,0.0139996
7,15,0.0199343
7,16,0.0270248
7,17,0.0350308
7,18,0.0435514
7,19,0.0521195
7,20,0.060257
7,21,0.0675097
7,22,0.0735201
7,23,0.0779959
7,24,0.0807582
7,25,0.0816873
7,26,0.0807582
7,27,0.0779959
7,28,0.07352
7,29,0.0675097
7,30,0.060257
7,31,0.0521195
7,32,0.0435514
7,33,0.0350308
7,34,0.0270248
7,35,0.0199343
7,36,0.0139996
7,37,0.009322
7,38,0.00584059
7,39,0.00336859
7,40,0.00172659
7,41,0.000759816
7,42,0.000280315
7,43,8.55726e-05
7,44,2.14816e-05
7,45,4.42038e-06
7,46,7.43582e-07
7,47,1.01851e-07
7,48,1.12628e-08
7,49,6.44655e-10
8,0,0
8,1,8.45701e-09
8,2,8.01867e-08
8,3,6.12773e-07
8,4,3.81911e-06
8,5,1.94832e-05
8,6,8.15218e-05
8,7,0.000280315
8,8,0.000795426
8,9,0.00188192
8,10,0.00379256
8,11,0.00674116
8,12,0.0110001
8,13,0.0169226
8,14,0.0247021
8,15,0.0342331
8,16,0.0452189
8,17,0.0571335
8,18,0.0692989
8,19,0.0810785
8,20,0.0918461
8,21,0.101141
8,22,0.108622
8,23,0.11407
8,24,0.117381
8,25,0.118484
8,26,0.117381
8,27,0.11407
8,28,0.108622
8,29,0.101141
8,30,0.0918461
8,31,0.0810785
8,32,0.0692989
8,33,0.0571335
8,34,0.0452189
8,35,0.0342331
8,36,0.0247021
8,37,0.0169226
8,38,0.0110001
8,39,0.00674116
8,40,0.00379256
8,41,0.00188192
8,42,0.000795426
8,43,0.000280315
8,44,8.15219e-05
8,45,1.94832e-05
8,46,3.81911e-06
8,47,6.12756e-07
8,48,7.99501e-08
8,49,5.76233e-09
9,0,0
9,1,5.68145e-08
9,2,4.5789e-07
9,3,2.99102e-06
9,4,1.60196e-05
9,5,7.04677e-05
9,6,0.000254858
9,7,0.000759816
9,8,0.00188192
9,9,0.00394427
9,10,0.00723373
9,11,0.0121206
9,12,0.0191548
9,13,0.0287332
9,14,0.040752
9,15,0.054813
9,16,0.0702811
9,17,0.0862006
9,18,0.101704
9,19,0.116003
9,20,0.12847
9,21,0.138806
9,22,0.146785
9,23,0.15245
9,24,0.155789
9,25,0.156911
9,26,0.155789
9,27,0.15245
9,28,0.146785
9,29,0.138806
9,30,0.12847
9,31,0.116003
9,32,0.101704
9,33,0.0862006
9,34,0.0702811
9,35,0.054813
9,36,0.040752
9,37,0.0287332
9,38,0.0191548
9,39,0.0121206
9,40,0.00723373
9,41,0.00394427
9,42,0.00188192
9,43,0.000759816
9,44,0.000254858
9,45,7.04677e-05
9,46,1.60196e-05
9,47,2.99087e-06
9,48,4.56204e-07
9,49,4.10211e-08
10,0,0
10,1,3.06293e-07
10,2,2.12076e-06
10,3,1.19304e-05
10,4,5.52299e-05
10,5,0.000210554
10,6,0.000662025
10,7,0.00172659
10,8,0.00379256
10,9,0.00723373
10,10,0.0125139
10,11,0.0203653
10,12,0.0314463
10,13,0.0457189
10,14,0.0626363
10,15,0.0814796
10,16,0.101019
10,17,0.119979
10,18,0.137419
10,19,0.152456
10,20,0.164816
10,21,0.174401
10,22,0.181386
10,23,0.186102
10,24,0.188761
10,25,0.189655
10,26,0.188761
10,27,0.186102
10,28,0.181386
10,29,0.174401
10,30,0.164816
10,31,0.152456
10,32,0.137419
10,33,0.119979
10,34,0.101019
10,35,0.0814796
10,36,0.0626363
10,37,0.0457189
10,38,0.0314463
10,39,0.0203653
10,40,0.0125139
10,41,0.00723373
10,42,0.00379256
10,43,0.00172659
10,44,0.000662025
10,45,0.000210554
10,46,5.52298e-05
10,47,1.19294e-05
10,48,2.11158e-06
10,49,2.35401e-07
11,0,0
11,1,1.33806e-06
11,2,8.03446e-06
11,3,3.92015e-05
11,4,0.000157893
11,5,0.000525564
11,6,0.00145173
11,7,0.00336859
11,8,0.00674116
11,9,0.0121206
11,10,0.0203653
11,11,0.0324053
11,12,0.048409
11,13,0.0677206
11,14,0.0895166
11,15,0.112387
11,16,0.134446
11,17,0.154451
11,18,0.171299
11,19,0.184495
11,20,0.194304
11,21,0.200945
11,22,0.205291
11,23,0.207763
11,24,0.209086
11,25,0.209435
11,26,0.209086
11,27,0.207763
11,28,0.205291
11,29,0.200945
11,30,0.194304
11,31,0.184495
11,32,0.171299
11,33,0.154451
11,34,0.134446
11,35,0.112387
11,36,0.0895166
11,37,0.0677206
11,38,0.048409
11,39,0.0324053
11,40,0.0203653
11,41,0.0121206
11,42,0.00674116
11,43,0.00336859
11,44,0.00145173
11,45,0.000525564
11,46,0.000157893
11,47,3.91967e-05
11,48,7.99654e-06
11,49,1.09965e-06
12,0,0
12,1,4.78264e-06
12,2,2.51438e-05
12,3,0.000107293
12,4,0.000379472
12,5,0.00111624
12,6,0.00275689
12,7,0.00584059
12,8,0.0110001
12,9,0.0191548
12,10,0.0314463
12,11,0.048409
12,12,0.0694783
12,13,0.0936778
12,14,0.119485
12,15,0.144381
12,16,0.166451
12,17,0.184471
12,18,0.197509
12,19,0.206135
12,20,0.210875
12,21,0.212855
12,22,0.213203
12,23,0.212665
12,24,0.212176
12,25,0.211865
12,26,0.212176
12,27,0.212665
12,28,0.213203
12,29,0.212855
12,30,0.210875
12,31,0.206135
12,32,0.197509
12,33,0.184471
12,34,0.166451
12,35,0.144381
12,36,0.119485
12,37,0.0936778
12,38,0.0694783
12,39,0.048409
12,40,0.0314463
12,41,0.0191548
12,42,0.0110001
12,43,0.00584059
12,44,0.00275689
12,45,0.00111624
12,46,0.000379469
12,47,0.000107275
12,48,2.50286e-05
12,49,4.22068e-06
13,0,0
13,1,1.41504e-05
13,2,6.58666e-05
13,3,0.000248565
13,4,0.000782478
13,5,0.00207089
13,6,0.00468418
13,7,0.009322
13,8,0.0169226
13,9,0.0287332
13,10,0.0457189
13,11,0.0677206
13,12,0.0936778
13,13,0.121894
13,14,0.149438
13,15,0.173443
13,16,0.192354
13,17,0.204919
13,18,0.211532
13,19,0.213456
13,20,0.211776
13,21,0.20851
13,22,0.204468
13,23,0.201092
13,24,0.19868
13,25,0.197931
13,26,0.19868
13,27,0.201092
13,28,0.204468
13,29,0.20851
13,30,0.211776
13,31,0.213456
13,32,0.211532
13,33,0.204919
13,34,0.192354
13,35,0.173443
13,36,0.149438
13,37,0.121894
13,38,0.0936778
13,39,0.0677206
13,40,0.0457189
13,41,0.0287332
13,42,0.0169226
13,43,0.009322
13,44,0.00468418
13,45,0.00207089
13,46,0.00078247
13,47,0.000248517
13,48,6.56335e-05
13,49,1.34504e-05
14,0,0
14,1,3.51922e-05
14,2,0.000147057
14,3,0.000498122
14,4,0.00142079
14,5,0.00345726
14,6,0.00733654
14,7,0.0139996
14,8,0.0247021
14,9,0.040752
14,10,0.0626363
14,11,0.0895166
14,12,0.119485
14,13,0.149438
14,14,0.17572
14,15,0.19588
14,16,0.208419
14,17,0.213238
14,18,0.212142
14,19,0.206624
14,20,0.199006
14,21,0.190931
14,22,0.183531
14,23,0.177937
14,24,0.17424
14,25,0.173144
14,26,0.17424
14,27,0.177937
14,28,0.183531
14,29,0.190931
14,30,0.199006
14,31,0.206624
14,32,0.212142
14,33,0.213238
14,34,0.208419
14,35,0.19588
14,36,0.17572
14,37,0.149438
14,38,0.119485
14,39,0.0895166
14,40,0.0626363
14,41,0.040752
14,42,0.0247021
14,43,0.0139996
14,44,0.00733654
14,45,0.00345726
14,46,0.00142078
14,47,0.000498042
14,48,0.000146884
14,49,3.60599e-05
15,0,0
15,1,7.50399e-05
15,2,0.000286122
15,3,0.000885264
15,4,0.00233248
15,5,0.00532455
15,6,0.0107876
15,7,0.0199343
15,8,0.0342331
15,9,0.054813
15,10,0.0814796
15,11,0.112387
15,12,0.144381
15,13,0.173443
15,14,0.19588
15,15,0.209412
15,16,0.213569
15,17,0.210038
15,18,0.201139
15,19,0.189373
15,20,0.177252
15,21,0.165954
15,22,0.156823
15,23,0.149991
15,24,0.145955
15,25,0.144532
15,26,0.145955
15,27,0.149991
15,28,0.156823
15,29,0.165954
15,30,0.177252
15,31,0.189373
15,32,0.201139
15,33,0.210038
15,34,0.213569
15,35,0.209412
15,36,0.195879
15,37,0.173443
15,38,0.144381
15,39,0.112387
15,40,0.0814796
15,41,0.054813
15,42,0.0342331
15,43,0.0199343
15,44,0.0107876
15,45,0.00532454
15,46,0.00233246
15,47,0.000885267
15,48,0.000286925
15,49,8.26954e-05
16,0,0
16,1,0.000140321
16,2,0.000496547
16,3,0.00142782
16,4,0.00353467
16,5,0.00768482
16,6,0.0150259
16,7,0.0270248
16,8,0.0452189
16,9,0.0702811
16,10,0.101019
16,11,0.134446
16,12,0.166451
16,13,0.192354
16,14,0.208419
16,15,0.213569
16,16,0.209115
16,17,0.1977
16,18,0.18262
16,19,0.166812
16,20,0.152169
16,21,0.139859
16,22,0.130319
16,23,0.123595
16,24,0.119658
16,25,0.118331
16,26,0.119658
16,27,0.123595
16,28,0.130319
16,29,0.139859
16,30,0.152169
16,31,0.166812
16,32,0.18262
16,33,0.1977
16,34,0.209115
16,35,0.213569
16,36,0.208419
16,37,0.192354
16,38,0.166451
16,39,0.134446
16,40,0.101019
16,41,0.0702811
16,42,0.0452189
16,43,0.0270248
16,44,0.0150259
16,45,0.00768482
16,46,0.0035347
16,47,0.00142833
16,48,0.000500709
16,49,0.000165403
17,0,0
17,1,0.000235194
17,2,0.000784237
17,3,0.00212708
17,4,0.00501389
17,5,0.0104956
17,6,0.0199487
17,7,0.0350308
17,8,0.0571334
17,9,0.0862006
17,10,0.119979
17,11,0.154451
17,12,0.184471
17,13,0.204919
17,14,0.213238
17,15,0.210038
17,16,0.1977
17,17,0.180231
17,18,0.161426
17,19,0.143696
17,20,0.128737
17,21,0.116793
17,22,0.108031
17,23,0.102014
17,24,0.0985731
17,25,0.0974259
17,26,0.0985731
17,27,0.102014
17,28,0.108031
17,29,0.116793
17,30,0.128736
17,31,0.143696
17,32,0.161427
17,33,0.180231
17,34,0.1977
17,35,0.210038
17,36,0.213238
17,37,0.204919
17,38,0.184471
17,39,0.154451
17,40,0.119979
17,41,0.0862006
17,42,0.0571334
17,43,0.0350308
17,44,0.0199487
17,45,0.0104956
17,46,0.00501414
17,47,0.00212903
17,48,0.000796148
17,49,0.000294311
18,0,0
18,1,0.000359759
18,2,0.00114461
18,3,0.00296385
18,4,0.00672231
18,5,0.0136587
18,6,0.0253565
18,7,0.0435514
18,8,0.0692988
18,9,0.101704
18,10,0.137419
18,11,0.171299
18,12,0.197509
18,13,0.211532
18,14,0.212142
18,15,0.201139
18,16,0.18262
18,17,0.161427
18,18,0.140865
18,19,0.123226
18,20,0.109124
18,21,0.0984489
18,22,0.0909083
18,23,0.0857616
18,24,0.0829517
18,25,0.0819189
18,26,0.0829517
18,27,0.0857617
18,28,0.0909083
18,29,0.0984489
18,30,0.109124
18,31,0.123226
18,32,0.140865
18,33,0.161427
18,34,0.18262
18,35,0.201139
18,36,0.212142
18,37,0.211532
18,38,0.197509
18,39,0.171299
18,40,0.137419
18,41,0.101704
18,42,0.0692989
18,43,0.0435514
18,44,0.0253565
18,45,0.0136588
18,46,0.00672311
18,47,0.00296882
18,48,0.00117059
18,49,0.000474075
19,0,0
19,1,0.000509139
19,2,0.00156151
19,3,0.00389846
19,4,0.0085782
19,5,0.0170174
19,6,0.0309617
19,7,0.0521195
19,8,0.0810785
19,9,0.116003
19,10,0.152456
19,11,0.184495
19,12,0.206135
19,13,0.213456
19,14,0.206624
19,15,0.189373
19,16,0.166812
19,17,0.143696
19,18,0.123226
19,19,0.106665
19,20,0.0940493
19,21,0.084916
19,22,0.0784279
19,23,0.0741664
19,24,0.0716732
19,25,0.070882
19,26,0.0716732
19,27,0.0741662
19,28,0.0784279
19,29,0.0849159
19,30,0.0940493
19,31,0.106665
19,32,0.123225
19,33,0.143696
19,34,0.166812
19,35,0.189373
19,36,0.206624
19,37,0.213456
19,38,0.206135
19,39,0.184495
19,40,0.152456
19,41,0.116003
19,42,0.0810785
19,43,0.0521195
19,44,0.0309618
19,45,0.0170177
19,46,0.00858001
19,47,0.0039085
19,48,0.00160893
19,49,0.000700975
20,0,0
20,1,0.000673605
20,2,0.00200812
20,3,0.00487268
20,4,0.0104696
20,5,0.0203736
20,6,0.0364413
20,7,0.060257
20,8,0.0918461
20,9,0.12847
20,10,0.164816
20,11,0.194304
20,12,0.210875
20,13,0.211776
20,14,0.199006
20,15,0.177252
20,16,0.152169
20,17,0.128737
20,18,0.109124
20,19,0.0940493
20,20,0.0830253
20,21,0.0750168
20,22,0.069409
20,23,0.0654976
20,24,0.0632462
20,25,0.0624154
20,26,0.0632461
20,27,0.0654977
20,28,0.069409
20,29,0.0750168
20,30,0.0830252
20,31,0.0940494
20,32,0.109124
20,33,0.128736
20,34,0.152169
20,35,0.177252
20,36,0.199006
20,37,0.211776
20,38,0.210875
20,39,0.194304
20,40,0.164816
20,41,0.12847
20,42,0.0918461
20,43,0.060257
20,44,0.0364414
20,45,0.0203741
20,46,0.010473
20,47,0.0048899
20,48,0.00208385
20,49,0.000961654
21,0,0
21,1,0.000839563
21,2,0.0024495
21,3,0.00581545
21,4,0.0122676
21,5,0.0235101
21,6,0.0414573
21,7,0.0675097
21,8,0.101141
21,9,0.138806
21,10,0.174401
21,11,0.200945
21,12,0.212855
21,13,0.20851
21,14,0.190931
21,15,0.165954
21,16,0.139859
21,17,0.116793
21,18,0.098449
21,19,0.0849159
21,20,0.0750168
21,21,0.0678956
21,22,0.0625627
21,23,0.0587592
21,24,0.0562619
21,25,0.0553862
21,26,0.0562619
21,27,0.0587592
21,28,0.0625627
21,29,0.0678956
21,30,0.0750168
21,31,0.0849159
21,32,0.0984489
21,33,0.116793
21,34,0.139859
21,35,0.165954
21,36,0.190931
21,37,0.20851
21,38,0.212855
21,39,0.200945
21,40,0.174401
21,41,0.138806
21,42,0.101141
21,43,0.0675097
21,44,0.0414575
21,45,0.0235111
21,46,0.012273
21,47,0.00584143
21,48,0.002558
21,49,0.00123396
22,0,0
22,1,0.000991318
22,2,0.00284698
22,3,0.00665105
22,4,0.0138385
22,5,0.0262112
22,6,0.0457043
22,7,0.07352
22,8,0.108622
22,9,0.146785
22,10,0.181386
22,11,0.205291
22,12,0.213203
22,13,0.204468
22,14,0.183531
22,15,0.156823
22,16,0.130319
22,17,0.108031
22,18,0.0909083
22,19,0.0784279
22,20,0.069409
22,21,0.0625626
22,22,0.057227
22,23,0.0528961
22,24,0.0497542
22,25,0.0484094
22,26,0.0497541
22,27,0.0528961
22,28,0.057227
22,29,0.0625627
22,30,0.069409
22,31,0.0784279
22,32,0.0909083
22,33,0.108031
22,34,0.130319
22,35,0.156823
22,36,0.183531
22,37,0.204468
22,38,0.213203
22,39,0.205291
22,40,0.181386
22,41,0.146785
22,42,0.108622
22,43,0.0735201
22,44,0.0457046
22,45,0.0262127
22,46,0.0138462
22,47,0.00668626
22,48,0.00298868
22,49,0.00148982
23,0,0
23,1,0.00111332
23,2,0.00316304
23,3,0.00730783
23,4,0.0150604
23,5,0.0282897
23,6,0.0489271
23,7,0.0779959
23,8,0.11407
23,9,0.15245
23,10,0.186102
23,11,0.207763
23,12,0.212665
23,13,0.201092
23,14,0.177937
23,15,0.149991
23,16,0.123595
23,17,0.102014
23,18,0.0857617
23,19,0.0741663
23,20,0.0654977
23,21,0.0587591
23,22,0.0528961
23,23,0.0475498
23,24,0.0428018
23,25,0.0401112
23,26,0.0428019
23,27,0.04755
23,28,0.052896
23,29,0.0587591
23,30,0.0654976
23,31,0.0741663
23,32,0.0857617
23,33,0.102014
23,34,0.123595
23,35,0.149991
23,36,0.177937
23,37,0.201092
23,38,0.212665
23,39,0.207763
23,40,0.186102
23,41,0.15245
23,42,0.11407
23,43,0.077996
23,44,0.0489274
23,45,0.0282916
23,46,0.0150701
23,47,0.00735124
23,48,0.00333344
23,49,0.00169965
24,0,0
24,1,0.00119239
24,2,0.00336649
24,3,0.00772751
24,4,0.0158356
24,5,0.0295977
24,6,0.0509365
24,7,0.0807582
24,8,0.117381
24,9,0.155789
24,10,0.188761
24,11,0.209086
24,12,0.212176
24,13,0.19868
24,14,0.17424
24,15,0.145955
24,16,0.119658
24,17,0.0985731
24,18,0.0829518
24,19,0.0716732
24,20,0.0632461
24,21,0.0562619
24,22,0.0497542
24,23,0.0428021
24,24,0.0348764
24,25,0.027327
24,26,0.0348764
24,27,0.0428019
24,28,0.0497543
24,29,0.0562619
24,30,0.0632461
24,31,0.0716732
24,32,0.0829517
24,33,0.098573
24,34,0.119658
24,35,0.145955
24,36,0.17424
24,37,0.19868
24,38,0.212176
24,39,0.209086
24,40,0.188761
24,41,0.155789
24,42,0.117381
24,43,0.0807582
24,44,0.0509369
24,45,0.0295999
24,46,0.0158468
24,47,0.0077766
24,48,0.00355639
24,49,0.00183748
25,0,0
25,1,0.00121978
25,2,0.00343671
25,3,0.00787178
25,4,0.0161012
25,5,0.0300446
25,6,0.0516197
25,7,0.0816873
25,8,0.118484
25,9,0.156911
25,10,0.189655
25,11,0.209435
25,12,0.211865
25,13,0.197931
25,14,0.173144
25,15,0.144532
25,16,0.118331
25,17,0.0974258
25,18,0.0819189
25,19,0.070882
25,20,0.0624154
25,21,0.055386
25,22,0.0484094
25,23,0.040111
25,24,0.027327
25,25,8.45666e-06
25,26,0.0273269
25,27,0.040111
25,28,0.0484093
25,29,0.0553862
25,30,0.0624153
25,31,0.0708821
25,32,0.0819188
25,33,0.0974258
25,34,0.118331
25,35,0.144532
25,36,0.173144
25,37,0.197931
25,38,0.211865
25,39,0.209435
25,40,0.189655
25,41,0.156911
25,42,0.118484
25,43,0.0816874
25,44,0.0516201
25,45,0.0300469
25,46,0.0161129
25,47,0.00792289
25,48,0.00363352
25,49,0.00188553
26,0,0
26,1,0.00119239
26,2,0.00336649
26,3,0.00772751
26,4,0.0158356
26,5,0.0295977
26,6,0.0509365
26,7,0.0807582
26,8,0.117381
26,9,0.155789
26,10,0.188761
26,11,0.209086
26,12,0.212176
26,13,0.19868
26,14,0.17424
26,15,0.145955
26,16,0.119658
26,17,0.0985731
26,18,0.0829518
26,19,0.0716732
26,20,0.0632461
26,21,0.0562619
26,22,0.0497542
26,23,0.0428021
26,24,0.0348764
26,25,0.027327
26,26,0.0348764
26,27,0.0428019
26,28,0.0497543
26,29,0.0562619
26,30,0.0632461
26,31,0.0716732
26,32,0.0829517
26,33,0.098573
26,34,0.119658
26,35,0.145955
26,36,0.17424
26,37,0.19868
26,38,0.212176
26,39,0.209086
26,40,0.188761
26,41,0.155789
26,42,0.117381
26,43,0.0807582
26,44,0.0509369
26,45,0.0295999
26,46,0.0158468
26,47,0.0077766
26,48,0.00355639
26,49,0.00183748
27,0,0
27,1,0.00111332
27,2,0.00316304
27,3,0.00730783
27,4,0.0150604
27,5,0.0282897
27,6,0.0489271
27,7,0.0779959
27,8,0.11407
27,9,0.15245
27,10,0.186102
27,11,0.207763
27,12,0.212665
27,13,0.201092
27,14,0.177937
27,15,0.149991
27,16,0.123595
27,17,0.102014
27,18,0.0857617
27,19,0.0741663
27,20,0.0654977
27,21,0.0587591
27,22,0.0528961
27,23,0.0475498
27,24,0.0428018
27,25,0.0401112
27,26,0.0428019
27,27,0.04755
27,28,0.052896
27,29,0.0587591
27,30,0.0654976
27,31,0.0741663
27,32,0.0857617
27,33,0.102014
27,34,0.123595
27,35,0.149991
27,36,0.177937
27,37,0.201092
27,38,0.212665
27,39,0.207763
27,40,0.186102
27,41,0.15245
27,42,0.11407
27,43,0.077996
27,44,0.0489274
27,45,0.0282916
27,46,0.0150701
27,47,0.00735124
27,48,0.00333344
27,49,0.00169965
28,0,0
28,1,0.000991318
28,2,0.00284698
28,3,0.00665105
28,4,0.0138385
28,5,0.0262112
28,6,0.0457043
28,7,0.07352
28,8,0.108622
28,9,0.146785
28,10,0.181386
28,11,0.205291
28,12,0.213203
28,13,0.204468
28,14,0.183531
28,15,0.156823
28,16,0.130319
28,17,0.108031
28,18,0.0909083
28,19,0.0784279
28,20,0.069409
28,21,0.0625626
28,22,0.057227
28,23,0.0528961
28,24,0.0497542
28,25,0.0484094
28,26,0.0497541
28,27,0.0528961
28,28,0.057227
28,29,0.0625627
28,30,0.069409
28,31,0.0784279
28,32,0.0909083
28,33,0.108031
28,34,0.130319
28,35,0.156823
28,36,0.183531
28,37,0.204468
28,38,0.213203
28,39,0.205291
28,40,0.181386
28,41,0.146785
28,42,0.108622
28,43,0.0735201
28,44,0.0457046
28,45,0.0262127
28,46,0.0138462
28,47,0.00668626
28,48,0.00298868
28,49,0.00148982
29,0,0
29,1,0.000839563
29,2,0.0024495
29,3,0.00581545
29,4,0.0122676
29,5,0.0235101
29,6,0.0414573
29,7,0.0675097
29,8,0.101141
29,9,0.138806
29,10,0.174401
29,11,0.200945
29,12,0.212855
29,13,0.20851
29,14,0.190931
29,15,0.165954
29,16,0.139859
29,17,0.116793
29,18,0.098449
29,19,0.0849159
29,20,0.0750168
29,21,0.0678956
29,22,0.0625627
29,23,0.0587592
29,24,0.0562619
29,25,0.0553862
29,26,0.0562619
29,27,0.0587592
29,28,0.0625627
29,29,0.0678956
29,30,0.0750168
29,31,0.0849159
29,32,0.0984489
29,33,0.116793
29,34,0.139859
29,35,0.165954
29,36,0.190931
29,37,0.20851
29,38,0.212855
29,39,0.200945
29,40,0.174401
29,41,0.138806
29,42,0.101141
29,43,0.0675097
29,44,0.0414575
29,45,0.0235111
29,46,0.012273
29,47,0.00584143
29,48,0.002558
29,49,0.00123396
30,0,0
30,1,0.000673605
30,2,0.00200812
30,3,0.00487268
30,4,0.0104696
30,5,0.0203736
30,6,0.0364413
30,7,0.060257
30,8,0.0918461
30,9,0.12847
30,10,0.164816
30,11,0.194304
30,12,0.210875
30,13,0.211776
30,14,0.199006
30,15,0.177252
30,16,0.152169
30,17,0.128737
30,18,0.109124
30,19,0.0940493
30,20,0.0830253
30,21,0.0750168
30,22,0.069409
30,23,0.0654976
30,24,0.0632462
30,25,0.0624154
30,26,0.0632461
30,27,0.0654977
30,28,0.069409
30,29,0.0750168
30,30,0.0830252
30,31,0.0940494
30,32,0.109124
30,33,0.128736
30,34,0.152169
30,35,0.177252
30,36,0.199006
30,37,0.211776
30,38,0.210875
30,39,0.194304
30,40,0.164816
30,41,0.12847
30,42,0.0918461
30,43,0.060257
30,44,0.0364414
30,45,0.0203741
30,46,0.010473
30,47,0.0048899
30,48,0.00208385
30,49,0.000961654
31,0,0
31,1,0.000509139
31,2,0.00156151
31,3,0.00389846
31,4,0.0085782
31,5,0.0170174
31,6,0.0309617
31,7,0.0521195
31,8,0.0810785
31,9,0.116003
31,10,0.152456
31,11,0.184495
31,12,0.206135
31,13,0.213456
31,14,0.206624
31,15,0.189373
31,16,0.166812
31,17,0.143696
31,18,0.123226
31,19,0.106665
31,20,0.0940493
31,21,0.084916
31,22,0.0784279
31,23,0.0741664
31,24,0.0716732
31,25,0.070882
31,26,0.0716732
31,27,0.0741662
31,28,0.0784279
31,29,0.0849159
31,30,0.0940493
31,31,0.106665
31,32,0.123225
31,33,0.143696
31,34,0.166812
31,35,0.189373
31,36,0.206624
31,37,0.213456
31,38,0.206135
31,39,0.184495
31,40,0.152456
31,41,0.116003
31,42,0.0810785
31,43,0.0521195
31,44,0.0309618
31,45,0.0170177
31,46,0.00858001
31,47,0.0039085
31,48,0.00160893
31,49,0.000700975
32,0,0
32,1,0.000359759
32,2,0.00114461
32,3,0.00296385
32,4,0.00672231
32,5,0.0136587
32,6,0.0253565
32,7,0.0435514
32,8,0.0692988
32,9,0.101704
32,10,0.137419
32,11,0.171299
32,12,0.197509
32,13,0.211532
32,14,0.212142
32,15,0.201139
32,16,0.18262
32,17,0.161427
32,18,0.140865
32,19,0.123226
32,20,0.109124
32,21,0.0984489
32,22,0.0909083
32,23,0.0857616
32,24,0.0829517
32,25,0.0819189
32,26,0.0829517
32,27,0.0857617
32,28,0.0909083
32,29,0.0984489
32,30,0.109124
32,31,0.123226
32,32,0.140865
32,33,0.161427
32,34,0.18262
32,35,0.201139
32,36,0.212142
32,37,0.211532
32,38,0.197509
32,39,0.171299
32,40,0.137419
32,41,0.101704
32,42,0.0692989
32,43,0.0435514
32,44,0.0253565
32,45,0.0136588
32,46,0.00672311
32,47,0.00296882
32,48,0.00117059
32,49,0.000474075
33,0,0
33,1,0.000235194
33,2,0.000784237
33,3,0.00212708
33,4,0.00501389
33,5,0.0104956
33,6,0.0199487
33,7,0.0350308
33,8,0.0571334
33,9,0.0862006
33,10,0.119979
33,11,0.154451
33,12,0.184471
33,13,0.204919
33,14,0.213238
33,15,0.210038
33,16,0.1977
33,17,0.180231
33,18,0.161426
33,19,0.143696
33,20,0.128737
33,21,0.116793
33,22,0.108031
33,23,0.102014
33,24,0.0985731
33,25,0.0974259
33,26,0.0985731
33,27,0.102014
33,28,0.108031
33,29,0.116793
33,30,0.128736
33,31,0.143696
33,32,0.161427
33,33,0.180231
33,34,0.1977
33,35,0.210038
33,36,0.213238
33,37,0.204919
33,38,0.184471
33,39,0.154451
33,40,0.119979
33,41,0.0862006
33,42,0.0571334
33,43,0.0350308
33,44,0.0199487
33,45,0.0104956
33,46,0.00501414
33,47,0.00212903
33,48,0.000796148
33,49,0.000294311
34,0,0
34,1,0.000140321
34,2,0.000496547
34,3,0.00142782
34,4,0.00353467
34,5,0.00768482
34,6,0.0150259
34,7,0.0270248
34,8,0.0452189
34,9,0.0702811
34,10,0.101019
34,11,0.134446
34,12,0.166451
34,13,0.192354
34,14,0.208419
34,15,0.213569
34,16,0.209115
34,17,0.1977
34,18,0.18262
34,19,0.166812
34,20,0.152169
34,21,0.139859
34,22,0.130319
34,23,0.123595
34,24,0.119658
34,25,0.118331
34,26,0.119658
34,27,0.123595
34,28,0.130319
34,29,0.139859
34,30,0.152169
34,31,0.166812
34,32,0.18262
34,33,0.1977
34,34,0.209115
34,35,0.213569
34,36,0.208419
34,37,0.192354
34,38,0.166451
34,39,0.134446
34,40,0.101019
34,41,0.0702811
34,42,0.0452189
34,43,0.0270248
34,44,0.0150259
34,45,0.00768482
34,46,0.0035347
34,47,0.00142833
34,48,0.000500709
34,49,0.000165403
35,0,0
35,1,7.50399e-05
35,2,0.000286122
35,3,0.000885264
35,4,0.00233248
35,5,0.00532455
35,6,0.0107876
35,7,0.0199343
35,8,0.0342331
35,9,0.054813
35,10,0.0814796
35,11,0.112387
35,12,0.144381
35,13,0.173443
35,14,0.19588
35,15,0.209412
35,16,0.213569
35,17,0.210038
35,18,0.201139
35,19,0.189373
35,20,0.177252
35,21,0.165954
35,22,0.156823
35,23,0.149991
35,24,0.145955
35,25,0.144532
35,26,0.145955
35,27,0.149991
35,28,0.156823
35,29,0.165954
35,30,0.177252
35,31,0.189373
35,32,0.201139
35,33,0.210038
35,34,0.213569
35,35,0.209412
35,36,0.195879
35,37,0.173443
35,38,0.144381
35,39,0.112387
35,40,0.0814796
35,41,0.054813
35,42,0.0342331
35,43,0.0199343
35,44,0.0107876
35,45,0.00532454
35,46,0.00233246
35,47,0.000885267
35,48,0.000286925
35,49,8.26954e-05
36,0,0
36,1,3.51922e-05
36,2,0.000147057
36,3,0.000498122
36,4,0.00142079
36,5,0.00345726
36,6,0.00733654
36,7,0.0139996
36,8,0.0247021
36,9,0.040752
36,10,0.0626363
36,11,0.0895166
36,12,0.119485
36,13,0.149438
36,14,0.17572
36,15,0.19588
36,16,0.208419
36,17,0.213238
36,18,0.212142
36,19,0.206624
36,20,0.199006
36,21,0.190931
36,22,0.183531
36,23,0.177937
36,24,0.17424
36,25,0.173144
36,26,0.17424
36,27,0.177937
36,28,0.183531
36,29,0.190931
36,30,0.199006
36,31,0.206624
36,32,0.212142
36,33,0.213238
36,34,0.208419
36,35,0.19588
36,36,0.17572
36,37,0.149438
36,38,0.119485
36,39,0.0895166
36,40,0.0626363
36,41,0.040752
36,42,0.0247021
36,43,0.0139996
36,44,0.00733654
36,45,0.00345726
36,46,0.00142078
36,47,0.000498042
36,48,0.000146884
36,49,3.60599e-05
37,0,0
37,1,1.41504e-05
37,2,6.58666e-05
37,3,0.000248565
37,4,0.000782478
37,5,0.00207089
37,6,0.00468418
37,7,0.009322
37,8,0.0169226
37,9,0.0287332
37,10,0.0457189
37,11,0.0677206
37,12,0.0936778
37,13,0.121894
37,14,0.149438
37,15,0.173443
37,16,0.192354
37,17,0.204919
37,18,0.211532
37,19,0.213456
37,20,0.211776
37,21,0.20851
37,22,0.204468
37,23,0.201092
37,24,0.19868
37,25,0.197931
37,26,0.19868
37,27,0.201092
37,28,0.204468
37,29,0.20851
37,30,0.211776
37,31,0.213456
37,32,0.211532
37,33,0.204919
37,34,0.192354
37,35,0.173443
37,36,0.149438
37,37,0.121894
37,38,0.0936778
37,39,0.0677206
37,40,0.0457189
37,41,0.0287332
37,42,0.0169226
37,43,0.009322
37,44,0.00468418
37,45,0.00207089
37,46,0.00078247
37,47,0.000248517
37,48,6.56335e-05
37,49,1.34504e-05
38,0,0
38,1,4.78264e-06
38,2,2.51438e-05
38,3,0.000107293
38,4,0.000379472
38,5,0.00111624
38,6,0.00275689
38,7,0.00584059
38,8,0.0110001
38,9,0.0191548
38,10,0.0314463
38,11,0.048409
38,12,0.0694783
38,13,0.0936778
38,14,0.119485
38,15,0.144381
38,16,0.166451
38,17,0.184471
38,18,0.197509
38,19,0.206135
38,20,0.210875
38,21,0.212855
38,22,0.213203
38,23,0.212665
38,24,0.212176
38,25,0.211865
38,26,0.212176
38,27,0.212665
38,28,0.213203
38,29,0.212855
38,30,0.210875
38,31,0.206135
38,32,0.197509
38,33,0.184471
38,34,0.166451
38,35,0.144381
38,36,0.119485
38,37,0.0936778
38,38,0.0694783
38,39,0.048409
38,40,0.0314463
38,41,0.0191548
38,42,0.0110001
38,43,0.00584059
38,44,0.00275689
38,45,0.00111624
38,46,0.000379469
38,47,0.000107275
38,48,2.50286e-05
38,49,4.22068e-06
39,0,0
39,1,1.33806e-06
39,2,8.03446e-06
39,3,3.92015e-05
39,4,0.000157893
39,5,0.000525564
39,6,0.00145173
39,7,0.00336859
39,8,0.00674116
39,9,0.0121206
39,10,0.0203653
39,11,0.0324053
39,12,0.048409
39,13,0.0677206
39,14,0.0895166
39,15,0.112387
39,16,0.134446
39,17,0.154451
39,18,0.171299
39,19,0.184495
39,20,0.194304
39,21,0.200945
39,22,0.205291
39,23,0.207763
39,24,0.209086
39,25,0.209435
39,26,0.209086
39,27,0.207763
39,28,0.205291
39,29,0.200945
39,30,0.194304
39,31,0.184495
39,32,0.171299
39,33,0.154451
39,34,0.134446
39,35,0.112387
39,36,0.0895166
39,37,0.0677206
39,38,0.048409
39,39,0.0324053
39,40,0.0203653
39,41,0.0121206
39,42,0.00674116
39,43,0.00336859
39,44,0.00145173
39,45,0.000525564
39,46,0.000157893
39,47,3.91967e-05
39,48,7.99654e-06
39,49,1.09965e-06
40,0,0
40,1,3.06293e-07
40,2,2.12076e-06
40,3,1.19304e-05
40,4,5.52299e-05
40,5,0.000210554
40,6,0.000662025
40,7,0.00172659
40,8,0.00379256
40,9,0.00723373
40,10,0.0125139
40,11,0.0203653
40,12,0.0314463
40,13,0.0457189
40,14,0.0626363
40,15,0.0814796
40,16,0.101019
40,17,0.119979
40,18,0.137419
40,19,0.152456
40,20,0.164816
40,21,0.174401
40,22,0.181386
40,23,0.186102
40,24,0.188761
40,25,0.189655
40,26,0.188761
40,27,0.186102
40,28,0.181386
40,29,0.174401
40,30,0.164816
40,31,0.152456
40,32,0.137419
40,33,0.119979
40,34,0.101019
40,35,0.0814796
40,36,0.0626363
40,37,0.0457189
40,38,0.0314463
40,39,0.0203653
40,40,0.0125139
40,41,0.00723373
40,42,0.00379256
40,43,0.00172659
40,44,0.000662025
40,45,0.000210554
40,46,5.52298e-05
40,47,1.19294e-05
40,48,2.11158e-06
40,49,2.35401e-07
41,0,0
41,1,5.68145e-08
41,2,4.5789e-07
41,3,2.99102e-06
41,4,1.60196e-05
41,5,7.04677e-05
41,6,0.000254858
41,7,0.000759816
41,8,0.00188192
41,9,0.00394427
41,10,0.00723373
41,11,0.0121206
41,12,0.0191548
41,13,0.0287332
41,14,0.040752
41,15,0.054813
41,16,0.0702811
41,17,0.0862006
41,18,0.101704
41,19,0.116003
41,20,0.12847
41,21,0.138806
41,22,0.146785
41,23,0.15245
41,24,0.155789
41,25,0.156911
41,26,0.155789
41,27,0.15245
41,28,0.146785
41,29,0.138806
41,30,0.12847
41,31,0.116003
41,32,0.101704
41,33,0.0862006
41,34,0.0702811
41,35,0.054813
41,36,0.040752
41,37,0.0287332
41,38,0.0191548
41,39,0.0121206
41,40,0.00723373
41,41,0.00394427
41,42,0.00188192
41,43,0.000759816
41,44,0.000254858
41,45,7.04677e-05
41,46,1.60196e-05
41,47,2.99087e-06
41,48,4.56204e-07
41,49,4.10211e-08
42,0,0
42,1,8.45701e-09
42,2,8.01867e-08
42,3,6.12773e-07
42,4,3.81911e-06
42,5,1.94832e-05
42,6,8.15218e-05
42,7,0.000280315
42,8,0.000795426
42,9,0.00188192
42,10,0.00379256
42,11,0.00674116
42,12,0.0110001
42,13,0.0169226
42,14,0.0247021
42,15,0.0342331
42,16,0.0452189
42,17,0.0571335
42,18,0.0692989
42,19,0.0810785
42,20,0.0918461
42,21,0.101141
42,22,0.108622
42,23,0.11407
42,24,0.117381
42,25,0.118484
42,26,0.117381
42,27,0.11407
42,28,0.108622
42,29,0.101141
42,30,0.0918461
42,31,0.0810785
42,32,0.0692989
42,33,0.0571335
42,34,0.0452189
42,35,0.0342331
42,36,0.0247021
42,37,0.0169226
42,38,0.0110001
42,39,0.00674116
42,40,0.00379256
42,41,0.00188192
42,42,0.000795426
42,43,0.000280315
42,44,8.15219e-05
42,45,1.94832e-05
42,46,3.81911e-06
42,47,6.12756e-07
42,48,7.99501e-08
42,49,5.76233e-09
43,0,0
43,1,9.98374e-10
43,2,1.12881e-08
43,3,1.01852e-07
43,4,7.43582e-07
43,5,4.42038e-06
43,6,2.14816e-05
43,7,8.55726e-05
43,8,0.000280315
43,9,0.000759816
43,10,0.00172659
43,11,0.00336859
43,12,0.00584059
43,13,0.009322
43,14,0.0139996
43,15,0.0199343
43,16,0.0270248
43,17,0.0350308
43,18,0.0435514
43,19,0.0521195
43,20,0.060257
43,21,0.0675097
43,22,0.0735201
43,23,0.077996
43,24,0.0807583
43,25,0.0816873
43,26,0.0807583
43,27,0.077996
43,28,0.0735201
43,29,0.0675097
43,30,0.060257
43,31,0.0521195
43,32,0.0435514
43,33,0.0350308
43,34,0.0270248
43,35,0.0199343
43,36,0.0139996
43,37,0.009322
43,38,0.00584059
43,39,0.00336859
43,40,0.00172659
43,41,0.000759816
43,42,0.000280315
43,43,8.55726e-05
43,44,2.14816e-05
43,45,4.42038e-06
43,46,7.43582e-07
43,47,1.01851e-07
43,48,1.12628e-08
43,49,6.44655e-10
44,0,0
44,1,9.19815e-11
44,2,1.26289e-09
44,3,1.36231e-08
44,4,1.17518e-07
44,5,8.18939e-07
44,6,4.64081e-06
44,7,2.14816e-05
44,8,8.15219e-05
44,9,0.000254858
44,10,0.000662025
44,11,0.00145173
44,12,0.00275689
44,13,0.00468418
44,14,0.00733654
44,15,0.0107876
44,16,0.0150259
44,17,0.0199487
44,18,0.0253565
44,19,0.0309618
44,20,0.0364414
44,21,0.0414575
44,22,0.0457046
44,23,0.0489274
44,24,0.0509369
44,25,0.0516201
44,26,0.0509369
44,27,0.0489274
44,28,0.0457046
44,29,0.0414575
44,30,0.0364414
44,31,0.0309618
44,32,0.0253565
44,33,0.0199487
44,34,0.0150259
44,35,0.0107876
44,36,0.00733654
44,37,0.00468418
44,38,0.00275689
44,39,0.00145173
44,40,0.000662025
44,41,0.000254858
44,42,8.15219e-05
44,43,2.14816e-05
44,44,4.64081e-06
44,45,8.18939e-07
44,46,1.17518e-07
44,47,1.3623e-08
44,48,1.26088e-09
44,49,5.64986e-11
45,0,0
45,1,6.46002e-12
45,2,1.10516e-10
45,3,1.4503e-09
45,4,1.49628e-08
45,5,1.2325e-07
45,6,8.18939e-07
45,7,4.42038e-06
45,8,1.94832e-05
45,9,7.04677e-05
45,10,0.000210554
45,11,0.000525564
45,12,0.00111624
45,13,0.00207089
45,14,0.00345726
45,15,0.00532454
45,16,0.00768482
45,17,0.0104956
45,18,0.0136588
45,19,0.0170177
45,20,0.0203741
45,21,0.0235111
45,22,0.0262127
45,23,0.0282916
45,24,0.0295999
45,25,0.0300469
45,26,0.0295999
45,27,0.0282916
45,28,0.0262127
45,29,0.0235111
45,30,0.0203741
45,31,0.0170177
45,32,0.0136588
45,33,0.0104956
45,34,0.00768482
45,35,0.00532454
45,36,0.00345726
45,37,0.00207089
45,38,0.00111624
45,39,0.000525564
45,40,0.000210554
45,41,7.04677e-05
45,42,1.94832e-05
45,43,4.42038e-06
45,44,8.18939e-07
45,45,1.2325e-07
45,46,1.49628e-08
45,47,1.4503e-09
45,48,1.104e-10
45,49,3.78748e-12
46,0,0
46,1,3.33547e-13
46,2,7.38943e-12
46,3,1.20977e-10
46,4,1.51866e-09
46,5,1.49628e-08
46,6,1.17518e-07
46,7,7.43582e-07
46,8,3.81911e-06
46,9,1.60196e-05
46,10,5.52298e-05
46,11,0.000157893
46,12,0.000379469
46,13,0.00078247
46,14,0.00142078
46,15,0.00233246
46,16,0.0035347
46,17,0.00501414
46,18,0.00672311
46,19,0.00858001
46,20,0.010473
46,21,0.012273
46,22,0.0138462
46,23,0.0150701
46,24,0.0158468
46,25,0.0161129
46,26,0.0158468
46,27,0.0150701
46,28,0.0138462
46,29,0.012273
46,30,0.010473
46,31,0.00858001
46,32,0.00672311
46,33,0.00501414
46,34,0.0035347
46,35,0.00233246
46,36,0.00142078
46,37,0.00078247
46,38,0.000379469
46,39,0.000157893
46,40,5.52298e-05
46,41,1.60196e-05
46,42,3.81911e-06
46,43,7.43582e-07
46,44,1.17518e-07
46,45,1.49628e-08
46,46,1.51866e-09
46,47,1.20977e-10
46,48,7.38483e-12
46,49,1.87225e-13
47,0,0
47,1,1.19218e-14
47,2,3.64048e-13
47,3,7.72423e-12
47,4,1.20977e-10
47,5,1.4503e-09
47,6,1.3623e-08
47,7,1.01851e-07
47,8,6.12756e-07
47,9,2.99087e-06
47,10,1.19294e-05
47,11,3.91967e-05
47,12,0.000107275
47,13,0.000248517
47,14,0.000498042
47,15,0.000885267
47,16,0.00142833
47,17,0.00212903
47,18,0.00296882
47,19,0.0039085
47,20,0.0048899
47,21,0.00584143
47,22,0.00668626
47,23,0.00735124
47,24,0.0077766
47,25,0.00792289
47,26,0.0077766
47,27,0.00735124
47,28,0.00668626
47,29,0.00584143
47,30,0.0048899
47,31,0.0039085
47,32,0.00296882
47,33,0.00212903
47,34,0.00142833
47,35,0.000885267
47,36,0.000498042
47,37,0.000248517
47,38,0.000107275
47,39,3.91967e-05
47,40,1.19294e-05
47,41,2.99087e-06
47,42,6.12756e-07
47,43,1.01851e-07
47,44,1.3623e-08
47,45,1.4503e-09
47,46,1.20977e-10
47,47,7.72423e-12
47,48,3.63937e-13
47,49,6.424e-15
48,0,0
48,1,2.63282e-16
48,2,1.24411e-14
48,3,3.63937e-13
48,4,7.38483e-12
48,5,1.104e-10
48,6,1.26088e-09
48,7,1.12628e-08
48,8,7.99501e-08
48,9,4.56204e-07
48,10,2.11158e-06
48,11,7.99654e-06
48,12,2.50286e-05
48,13,6.56335e-05
48,14,0.000146884
48,15,0.000286925
48,16,0.000500709
48,17,0.000796148
48,18,0.00117059
48,19,0.00160893
48,20,0.00208385
48,21,0.002558
48,22,0.00298868
48,23,0.00333344
48,24,0.00355639
48,25,0.00363352
48,26,0.00355639
48,27,0.00333344
48,28,0.00298868
48,29,0.002558
48,30,0.00208385
48,31,0.00160893
48,32,0.00117059
48,33,0.000796148
48,34,0.000500709
48,35,0.000286925
48,36,0.000146884
48,37,6.56335e-05
48,38,2.50286e-05
48,39,7.99654e-06
48,40,2.11158e-06
48,41,4.56204e-07
48,42,7.99501e-08
48,43,1.12628e-08
48,44,1.26088e-09
48,45,1.104e-10
48,46,7.38483e-12
48,47,3.63937e-13
48,48,1.24398e-14
48,49,1.36513e-16
49,0,0
49,1,1.35233e-18
49,2,1.36513e-16
49,3,6.424e-15
49,4,1.87225e-13
49,5,3.78748e-12
49,6,5.64986e-11
49,7,6.44655e-10
49,8,5.76233e-09
49,9,4.10211e-08
49,10,2.35401e-07
49,11,1.09965e-06
49,12,4.22068e-06
49,13,1.34504e-05
49,14,3.60598e-05
49,15,8.26954e-05
49,16,0.000165403
49,17,0.000294311
49,18,0.000474075
49,19,0.000700975
49,20,0.000961654
49,21,0.00123396
49,22,0.00148982
49,23,0.00169965
49,24,0.00183748
49,25,0.00188553
49,26,0.00183748
49,27,0.00169965
49,28,0.00148981
49,29,0.00123396
49,30,0.000961654
49,31,0.000700975
49,32,0.000474075
49,33,0.000294311
49,34,0.000165403
49,35,8.26954e-05
49,36,3.60598e-05
49,37,1.34504e-05
49,38,4.22068e-06
49,39,1.09965e-06
49,40,2.35401e-07
49,41,4.10211e-08
49,42,5.76233e-09
49,43,6.44655e-10
49,44,5.64986e-11
49,45,3.78748e-12
49,46,1.87225e-13
49,47,6.424e-15
49,48,1.36513e-16
49,49,0
