0,0,0
0,1,0
0,2,0
0,3,0
0,4,0
0,5,0
0,6,0
0,7,0
0,8,0
0,9,0
0,10,0
0,11,0
0,12,0
0,13,0
0,14,0
0,15,0
0,16,0
0,17,0
0,18,0
0,19,0
0,20,0
0,21,0
0,22,0
0,23,0
0,24,0
0,25,0
0,26,0
0,27,0
0,28,0
0,29,0
0,30,0
0,31,0
0,32,0
0,33,0
0,34,0
0,35,0
0,36,0
0,37,0
0,38,0
0,39,0
0,40,0
0,41,0
0,42,0
0,43,0
0,44,0
0,45,0
0,46,0
0,47,0
0,48,0
0,49,0
1,0,0
1,1,0
1,2,0
1,3,0
1,4,0
1,5,0
1,6,6.87483e-17
1,7,5.3065e-15
1,8,1.87809e-13
1,9,4.04321e-12
1,10,5.92485e-11
1,11,6.26947e-10
1,12,4.96394e-09
1,13,3.01108e-08
1,14,1.4243e-07
1,15,5.33736e-07
1,16,1.61193e-06
1,17,4.00574e-06
1,18,8.39481e-06
1,19,1.52204e-05
1,20,2.44125e-05
1,21,3.52359e-05
1,22,4.63446e-05
1,23,5.60415e-05
1,24,6.26688e-05
1,25,6.50247e-05
1,26,6.26688e-05
1,27,5.60415e-05
1,28,4.63446e-05
1,29,3.52359e-05
1,30,2.44125e-05
1,31,1.52204e-05
1,32,8.39481e-06
1,33,4.00574e-06
1,34,1.61193e-06
1,35,5.33736e-07
1,36,1.4243e-07
1,37,3.01108e-08
1,38,4.96393e-09
1,39,6.26946e-10
1,40,5.92485e-11
1,41,4.04321e-12
1,42,1.87809e-13
1,43,5.3065e-15
1,44,6.87483e-17
1,45,0
1,46,0
1,47,0
1,48,0
1,49,0
2,0,0
2,1,0
2,2,0
2,3,0
2,4,0
2,5,8.2498e-17
2,6,6.70295e-15
2,7,2.50421e-13
2,8,5.70792e-12
2,9,8.88366e-11
2,10,1.00163e-09
2,11,8.47656e-09
2,12,5.51103e-08
2,13,2.79946e-07
2,14,1.12714e-06
2,15,3.65138e-06
2,16,9.69302e-06
2,17,2.15725e-05
2,18,4.13019e-05
2,19,6.97056e-05
2,20,0.000105747
2,21,0.000146303
2,22,0.000186555
2,23,0.000220863
2,24,0.00024396
2,25,0.000252108
2,26,0.00024396
2,27,0.000220863
2,28,0.000186555
2,29,0.000146303
2,30,0.000105747
2,31,6.97056e-05
2,32,4.13019e-05
2,33,2.15725e-05
2,34,9.69302e-06
2,35,3.65138e-06
2,36,1.12714e-06
2,37,2.79946e-07
2,38,5.51103e-08
2,39,8.47656e-09
2,40,1.00163e-09
2,41,8.88366e-11
2,42,5.70792e-12
2,43,2.50421e-13
2,44,6.70295e-15
2,45,8.2498e-17
2,46,0
2,47,0
2,48,0
2,49,0
3,0,0
3,1,0
3,2,0
3,3,0
3,4,9.0355e-17
3,5,7.70839e-15
3,6,3.0311e-13
3,7,7.29019e-12
3,8,1.2004e-10
3,9,1.43568e-09
3,10,1.29206e-08
3,11,8.95225e-08
3,12,4.85292e-07
3,13,2.08516e-06
3,14,7.19405e-06
3,15,2.02471e-05
3,16,4.74585e-05
3,17,9.50364e-05
3,18,0.000166952
3,19,0.000263144
3,20,0.000378392
3,21,0.000502507
3,22,0.000621725
3,23,0.000720995
3,24,0.000786838
3,25,0.000809891
3,26,0.000786838
3,27,0.000720995
3,28,0.000621725
3,29,0.000502507
3,30,0.000378392
3,31,0.000263144
3,32,0.000166952
3,33,9.50364e-05
3,34,4.74585e-05
3,35,2.02471e-05
3,36,7.19405e-06
3,37,2.08516e-06
3,38,4.85292e-07
3,39,8.95225e-08
3,40,1.29206e-08
3,41,1.43568e-09
3,42,1.2004e-10
3,43,7.29019e-12
3,44,3.0311e-13
3,45,7.7084e-15
3,46,9.0355e-17
3,47,0
3,48,0
3,49,0
4,0,0
4,1,0
4,2,0
4,3,9.0355e-17
4,4,8.07546e-15
4,5,3.33404e-13
4,6,8.43905e-12
4,7,1.46595e-10
4,8,1.85421e-09
4,9,1.76896e-08
4,10,1.30196e-07
4,11,7.50775e-07
4,12,3.43235e-06
4,13,1.25794e-05
4,14,3.74511e-05
4,15,9.2234e-05
4,16,0.000192516
4,17,0.000350196
4,18,0.000569687
4,19,0.000845103
4,20,0.00115918
4,21,0.00148504
4,22,0.0017894
4,23,0.00203789
4,24,0.00220062
4,25,0.00225725
4,26,0.00220062
4,27,0.00203789
4,28,0.0017894
4,29,0.00148504
4,30,0.00115918
4,31,0.000845103
4,32,0.000569687
4,33,0.000350196
4,34,0.000192516
4,35,9.2234e-05
4,36,3.74511e-05
4,37,1.25794e-05
4,38,3.43235e-06
4,39,7.50775e-07
4,40,1.30196e-07
4,41,1.76896e-08
4,42,1.85421e-09
4,43,1.46595e-10
4,44,8.43905e-12
4,45,3.33404e-13
4,46,8.07546e-15
4,47,9.0355e-17
4,48,0
4,49,0
5,0,0
5,1,0
5,2,8.2498e-17
5,3,7.70839e-15
5,4,3.33404e-13
5,5,8.86023e-12
5,6,1.61961e-10
5,7,2.16069e-09
5,8,2.17908e-08
5,9,1.69884e-07
5,10,1.03924e-06
5,11,5.04275e-06
5,12,1.9593e-05
5,13,6.1618e-05
5,14,0.000159262
5,15,0.000345883
5,16,0.00064937
5,17,0.00108511
5,18,0.00165168
5,19,0.00232639
5,20,0.00306615
5,21,0.00381119
5,22,0.0044918
5,23,0.00503893
5,24,0.0053935
5,25,0.00551639
5,26,0.0053935
5,27,0.00503893
5,28,0.0044918
5,29,0.00381119
5,30,0.00306615
5,31,0.00232639
5,32,0.00165168
5,33,0.00108511
5,34,0.00064937
5,35,0.000345883
5,36,0.000159262
5,37,6.1618e-05
5,38,1.9593e-05
5,39,5.04276e-06
5,40,1.03924e-06
5,41,1.69884e-07
5,42,2.17908e-08
5,43,2.16069e-09
5,44,1.61961e-10
5,45,8.86023e-12
5,46,3.33404e-13
5,47,7.70839e-15
5,48,8.2498e-17
5,49,0
6,0,0
6,1,6.87483e-17
6,2,6.70295e-15
6,3,3.0311e-13
6,4,8.43905e-12
6,5,1.61961e-10
6,6,2.27353e-09
6,7,2.41786e-08
6,8,1.99176e-07
6,9,1.2895e-06
6,10,6.62736e-06
6,11,2.72561e-05
6,12,9.04712e-05
6,13,0.000245361
6,14,0.000554296
6,15,0.00107245
6,16,0.00183525
6,17,0.00285597
6,18,0.0041162
6,19,0.00556
6,20,0.00709839
6,21,0.00861329
6,22,0.00997436
6,23,0.011055
6,24,0.0117497
6,25,0.0119895
6,26,0.0117497
6,27,0.011055
6,28,0.00997436
6,29,0.00861329
6,30,0.00709839
6,31,0.00556
6,32,0.0041162
6,33,0.00285597
6,34,0.00183525
6,35,0.00107245
6,36,0.000554296
6,37,0.000245361
6,38,9.04711e-05
6,39,2.72561e-05
6,40,6.62736e-06
6,41,1.2895e-06
6,42,1.99176e-07
6,43,2.41786e-08
6,44,2.27353e-09
6,45,1.61961e-10
6,46,8.43905e-12
6,47,3.0311e-13
6,48,6.70295e-15
6,49,3.83712e-17
7,0,0
7,1,5.3065e-15
7,2,2.50421e-13
7,3,7.29019e-12
7,4,1.46595e-10
7,5,2.16069e-09
7,6,2.41786e-08
7,7,2.10002e-07
7,8,1.43597e-06
7,9,7.80335e-06
7,10,3.39303e-05
7,11,0.000118831
7,12,0.000338362
7,13,0.000796007
7,14,0.00158787
7,15,0.00277969
7,16,0.00441457
7,17,0.00650236
7,18,0.0089912
7,19,0.01177
7,20,0.0146687
7,21,0.017472
7,22,0.0199557
7,23,0.0219043
7,24,0.0231486
7,25,0.0235755
7,26,0.0231486
7,27,0.0219043
7,28,0.0199557
7,29,0.017472
7,30,0.0146687
7,31,0.01177
7,32,0.0089912
7,33,0.00650236
7,34,0.00441457
7,35,0.00277969
7,36,0.00158787
7,37,0.000796007
7,38,0.000338362
7,39,0.000118831
7,40,3.39303e-05
7,41,7.80335e-06
7,42,1.43597e-06
7,43,2.10002e-07
7,44,2.41786e-08
7,45,2.16069e-09
7,46,1.46595e-10
7,47,7.29019e-12
7,48,2.50399e-13
7,49,3.08436e-15
8,0,0
8,1,1.87809e-13
8,2,5.70792e-12
8,3,1.2004e-10
8,4,1.85421e-09
8,5,2.17908e-08
8,6,1.99176e-07
8,7,1.43597e-06
8,8,8.23919e-06
8,9,3.78456e-05
8,10,0.00013986
8,11,0.000418668
8,12,0.0010281
8,13,0.00211963
8,14,0.00380033
8,15,0.00616051
8,16,0.00928059
8,17,0.0131534
8,18,0.0176616
8,19,0.0225924
8,20,0.0276257
8,21,0.0324051
8,22,0.036568
8,23,0.0397911
8,24,0.0418308
8,25,0.0425264
8,26,0.0418308
8,27,0.0397911
8,28,0.036568
8,29,0.0324051
8,30,0.0276257
8,31,0.0225924
8,32,0.0176616
8,33,0.0131534
8,34,0.00928059
8,35,0.0061605
8,36,0.00380033
8,37,0.00211963
8,38,0.0010281
8,39,0.000418668
8,40,0.00013986
8,41,3.78456e-05
8,42,8.23919e-06
8,43,1.43597e-06
8,44,1.99176e-07
8,45,2.17908e-08
8,46,1.85421e-09
8,47,1.2004e-10
8,48,5.70641e-12
8,49,1.13972e-13
9,0,0
9,1,4.04321e-12
9,2,8.88366e-11
9,3,1.43568e-09
9,4,1.76896e-08
9,5,1.69884e-07
9,6,1.2895e-06
9,7,7.80335e-06
9,8,3.78456e-05
9,9,0.000147651
9,10,0.000465529
9,11,0.00119741
9,12,0.00256269
9,13,0.00472333
9,14,0.00783287
9,15,0.0120961
9,16,0.0176233
9,17,0.0243119
9,18,0.0319146
9,19,0.0400017
9,20,0.0480319
9,21,0.0554767
9,22,0.0618096
9,23,0.0666387
9,24,0.0696484
9,25,0.0706757
9,26,0.0696484
9,27,0.0666387
9,28,0.0618096
9,29,0.0554767
9,30,0.0480319
9,31,0.0400017
9,32,0.0319146
9,33,0.0243119
9,34,0.0176233
9,35,0.0120961
9,36,0.00783287
9,37,0.00472333
9,38,0.00256269
9,39,0.00119741
9,40,0.000465529
9,41,0.000147651
9,42,3.78456e-05
9,43,7.80335e-06
9,44,1.2895e-06
9,45,1.69884e-07
9,46,1.76896e-08
9,47,1.43568e-09
9,48,8.87897e-11
9,49,2.56909e-12
10,0,0
10,1,5.92485e-11
10,2,1.00163e-09
10,3,1.29206e-08
10,4,1.30196e-07
10,5,1.03924e-06
10,6,6.62736e-06
10,7,3.39303e-05
10,8,0.00013986
10,9,0.000465529
10,10,0.0012596
10,11,0.00281542
10,12,0.00536769
10,13,0.00914653
10,14,0.0145244
10,15,0.0218252
10,16,0.0309975
10,17,0.0417359
10,18,0.0535238
10,19,0.0655721
10,20,0.0771458
10,21,0.0875158
10,22,0.0960986
10,23,0.102501
10,24,0.106422
10,25,0.107759
10,26,0.106422
10,27,0.102501
10,28,0.0960986
10,29,0.0875158
10,30,0.0771458
10,31,0.0655721
10,32,0.0535238
10,33,0.0417358
10,34,0.0309975
10,35,0.0218252
10,36,0.0145244
10,37,0.00914653
10,38,0.0053677
10,39,0.00281542
10,40,0.0012596
10,41,0.000465529
10,42,0.00013986
10,43,3.39303e-05
10,44,6.62736e-06
10,45,1.03924e-06
10,46,1.30196e-07
10,47,1.29205e-08
10,48,1.00075e-09
10,49,3.95445e-11
11,0,0
11,1,6.26946e-10
11,2,8.47656e-09
11,3,8.95226e-08
11,4,7.50775e-07
11,5,5.04276e-06
11,6,2.72561e-05
11,7,0.000118831
11,8,0.000418668
11,9,0.00119741
11,10,0.00281542
11,11,0.00559894
11,12,0.00986781
11,13,0.0161692
11,14,0.025122
11,15,0.0368058
11,16,0.0508077
11,17,0.0665488
11,18,0.0829922
11,19,0.0990565
11,20,0.113863
11,21,0.12655
11,22,0.136738
11,23,0.144067
11,24,0.148506
11,25,0.149969
11,26,0.148506
11,27,0.144067
11,28,0.136738
11,29,0.12655
11,30,0.113863
11,31,0.0990565
11,32,0.0829922
11,33,0.0665488
11,34,0.0508077
11,35,0.0368058
11,36,0.025122
11,37,0.0161692
11,38,0.00986781
11,39,0.00559894
11,40,0.00281542
11,41,0.00119741
11,42,0.000418668
11,43,0.000118831
11,44,2.72561e-05
11,45,5.04276e-06
11,46,7.50775e-07
11,47,8.95221e-08
11,48,8.46569e-09
11,49,4.41085e-10
12,0,0
12,1,4.96394e-09
12,2,5.51103e-08
12,3,4.85292e-07
12,4,3.43235e-06
12,5,1.9593e-05
12,6,9.04711e-05
12,7,0.000338362
12,8,0.0010281
12,9,0.00256269
12,10,0.00536769
12,11,0.00986781
12,12,0.0167511
12,13,0.0269431
12,14,0.0407892
12,15,0.0577851
12,16,0.0772643
12,17,0.0980588
12,18,0.118539
12,19,0.137604
12,20,0.154127
12,21,0.167578
12,22,0.177844
12,23,0.184882
12,24,0.189059
12,25,0.190362
12,26,0.189059
12,27,0.184882
12,28,0.177844
12,29,0.167578
12,30,0.154127
12,31,0.137604
12,32,0.118539
12,33,0.0980588
12,34,0.0772644
12,35,0.0577851
12,36,0.0407892
12,37,0.0269431
12,38,0.0167511
12,39,0.00986781
12,40,0.0053677
12,41,0.00256269
12,42,0.0010281
12,43,0.000338362
12,44,9.04711e-05
12,45,1.9593e-05
12,46,3.43235e-06
12,47,4.85287e-07
12,48,5.50158e-08
12,49,3.69529e-09
13,0,0
13,1,3.01108e-08
13,2,2.79946e-07
13,3,2.08516e-06
13,4,1.25794e-05
13,5,6.1618e-05
13,6,0.000245361
13,7,0.000796007
13,8,0.00211963
13,9,0.00472333
13,10,0.00914653
13,11,0.0161692
13,12,0.0269431
13,13,0.0422105
13,14,0.0615717
13,15,0.0842236
13,16,0.108981
13,17,0.13362
13,18,0.156433
13,19,0.176164
13,20,0.191796
13,21,0.203629
13,22,0.21172
13,23,0.216963
13,24,0.219754
13,25,0.220675
13,26,0.219754
13,27,0.216963
13,28,0.21172
13,29,0.203629
13,30,0.191796
13,31,0.176164
13,32,0.156433
13,33,0.13362
13,34,0.108981
13,35,0.0842236
13,36,0.0615717
13,37,0.0422105
13,38,0.0269431
13,39,0.0161692
13,40,0.00914653
13,41,0.00472333
13,42,0.00211963
13,43,0.000796007
13,44,0.000245361
13,45,6.1618e-05
13,46,1.25794e-05
13,47,2.08512e-06
13,48,2.79358e-07
13,49,2.38106e-08
14,0,0
14,1,1.4243e-07
14,2,1.12714e-06
14,3,7.19405e-06
14,4,3.74511e-05
14,5,0.000159262
14,6,0.000554296
14,7,0.00158787
14,8,0.00380033
14,9,0.00783287
14,10,0.0145244
14,11,0.025122
14,12,0.0407892
14,13,0.0615717
14,14,0.0866216
14,15,0.114676
14,16,0.143127
14,17,0.169237
14,18,0.191471
14,19,0.20833
14,20,0.220044
14,21,0.22735
14,22,0.231178
14,23,0.233084
14,24,0.233607
14,25,0.233877
14,26,0.233607
14,27,0.233084
14,28,0.231178
14,29,0.22735
14,30,0.220044
14,31,0.20833
14,32,0.191471
14,33,0.169237
14,34,0.143127
14,35,0.114676
14,36,0.0866216
14,37,0.0615717
14,38,0.0407892
14,39,0.025122
14,40,0.0145244
14,41,0.00783287
14,42,0.00380033
14,43,0.00158787
14,44,0.000554296
14,45,0.000159262
14,46,3.74511e-05
14,47,7.19381e-06
14,48,1.12451e-06
14,49,1.20081e-07
15,0,0
15,1,5.33736e-07
15,2,3.65138e-06
15,3,2.02471e-05
15,4,9.22341e-05
15,5,0.000345883
15,6,0.00107245
15,7,0.00277969
15,8,0.00616051
15,9,0.0120961
15,10,0.0218252
15,11,0.0368058
15,12,0.0577851
15,13,0.0842236
15,14,0.114676
15,15,0.146379
15,16,0.175666
15,17,0.200094
15,18,0.217865
15,19,0.228548
15,20,0.233641
15,21,0.234248
15,22,0.232742
15,23,0.230323
15,24,0.228484
15,25,0.227741
15,26,0.228484
15,27,0.230323
15,28,0.232742
15,29,0.234248
15,30,0.233641
15,31,0.228548
15,32,0.217865
15,33,0.200094
15,34,0.175666
15,35,0.146379
15,36,0.114676
15,37,0.0842236
15,38,0.0577851
15,39,0.0368058
15,40,0.0218252
15,41,0.0120961
15,42,0.0061605
15,43,0.00277969
15,44,0.00107245
15,45,0.000345883
15,46,9.2234e-05
15,47,2.02461e-05
15,48,3.64323e-06
15,49,4.81119e-07
16,0,0
16,1,1.61193e-06
16,2,9.69302e-06
16,3,4.74585e-05
16,4,0.000192516
16,5,0.000649371
16,6,0.00183525
16,7,0.00441457
16,8,0.00928059
16,9,0.0176233
16,10,0.0309975
16,11,0.0508077
16,12,0.0772643
16,13,0.108981
16,14,0.143127
16,15,0.175666
16,16,0.20281
16,17,0.221985
16,18,0.23212
16,19,0.234624
16,20,0.231444
16,21,0.225103
16,22,0.218095
16,23,0.211795
16,24,0.207791
16,25,0.206223
16,26,0.207791
16,27,0.211795
16,28,0.218095
16,29,0.225103
16,30,0.231444
16,31,0.234624
16,32,0.23212
16,33,0.221985
16,34,0.20281
16,35,0.175667
16,36,0.143127
16,37,0.108981
16,38,0.0772644
16,39,0.0508077
16,40,0.0309975
16,41,0.0176233
16,42,0.00928059
16,43,0.00441457
16,44,0.00183525
16,45,0.00064937
16,46,0.000192515
16,47,4.7456e-05
16,48,9.67756e-06
16,49,1.55514e-06
17,0,0
17,1,4.00574e-06
17,2,2.15725e-05
17,3,9.50364e-05
17,4,0.000350196
17,5,0.00108511
17,6,0.00285597
17,7,0.00650236
17,8,0.0131534
17,9,0.0243119
17,10,0.0417358
17,11,0.0665488
17,12,0.0980588
17,13,0.13362
17,14,0.169237
17,15,0.200094
17,16,0.221985
17,17,0.233068
17,18,0.234115
17,19,0.227534
17,20,0.216503
17,21,0.204214
17,22,0.192817
17,23,0.183951
17,24,0.178338
17,25,0.176452
17,26,0.178338
17,27,0.183951
17,28,0.192817
17,29,0.204214
17,30,0.216503
17,31,0.227534
17,32,0.234115
17,33,0.233068
17,34,0.221985
17,35,0.200094
17,36,0.169237
17,37,0.13362
17,38,0.0980588
17,39,0.0665488
17,40,0.0417359
17,41,0.0243119
17,42,0.0131534
17,43,0.00650236
17,44,0.00285597
17,45,0.00108511
17,46,0.000350196
17,47,9.5033e-05
17,48,2.15675e-05
17,49,4.1286e-06
18,0,0
18,1,8.39481e-06
18,2,4.13019e-05
18,3,0.000166952
18,4,0.000569687
18,5,0.00165168
18,6,0.0041162
18,7,0.0089912
18,8,0.0176616
18,9,0.0319146
18,10,0.0535238
18,11,0.0829922
18,12,0.118539
18,13,0.156433
18,14,0.191471
18,15,0.217865
18,16,0.23212
18,17,0.234115
18,18,0.225795
18,19,0.211141
18,20,0.194132
18,21,0.177731
18,22,0.164061
18,23,0.153878
18,24,0.147795
18,25,0.145685
18,26,0.147795
18,27,0.153878
18,28,0.164061
18,29,0.177731
18,30,0.194132
18,31,0.211141
18,32,0.225795
18,33,0.234115
18,34,0.23212
18,35,0.217865
18,36,0.191471
18,37,0.156433
18,38,0.118539
18,39,0.0829922
18,40,0.0535239
18,41,0.0319146
18,42,0.0176616
18,43,0.0089912
18,44,0.0041162
18,45,0.00165168
18,46,0.000569687
18,47,0.000166956
18,48,4.13799e-05
18,49,9.19525e-06
19,0,0
19,1,1.52204e-05
19,2,6.97056e-05
19,3,0.000263144
19,4,0.000845103
19,5,0.00232639
19,6,0.00556
19,7,0.01177
19,8,0.0225924
19,9,0.0400017
19,10,0.0655721
19,11,0.0990565
19,12,0.137604
19,13,0.176164
19,14,0.20833
19,15,0.228548
19,16,0.234624
19,17,0.227534
19,18,0.211141
19,19,0.190593
19,20,0.169729
19,21,0.15159
19,22,0.137159
19,23,0.127019
19,24,0.120985
19,25,0.119
19,26,0.120985
19,27,0.127018
19,28,0.137159
19,29,0.15159
19,30,0.16973
19,31,0.190593
19,32,0.211141
19,33,0.227534
19,34,0.234624
19,35,0.228548
19,36,0.20833
19,37,0.176164
19,38,0.137604
19,39,0.0990565
19,40,0.0655721
19,41,0.0400017
19,42,0.0225924
19,43,0.01177
19,44,0.00556
19,45,0.00232639
19,46,0.000845106
19,47,0.000263178
19,48,7.00261e-05
19,49,1.75792e-05
20,0,0
20,1,2.44125e-05
20,2,0.000105747
20,3,0.000378392
20,4,0.00115918
20,5,0.00306615
20,6,0.00709839
20,7,0.0146687
20,8,0.0276257
20,9,0.0480319
20,10,0.0771458
20,11,0.113863
20,12,0.154127
20,13,0.191796
20,14,0.220044
20,15,0.233641
20,16,0.231444
20,17,0.216503
20,18,0.194132
20,19,0.169729
20,20,0.147328
20,21,0.128876
20,22,0.114919
20,23,0.105355
20,24,0.0996813
20,25,0.0978596
20,26,0.0996813
20,27,0.105355
20,28,0.114919
20,29,0.128876
20,30,0.147327
20,31,0.16973
20,32,0.194132
20,33,0.216503
20,34,0.231444
20,35,0.233641
20,36,0.220044
20,37,0.191796
20,38,0.154127
20,39,0.113863
20,40,0.0771458
20,41,0.0480319
20,42,0.0276257
20,43,0.0146687
20,44,0.00709839
20,45,0.00306615
20,46,0.00115919
20,47,0.000378498
20,48,0.00010655
20,49,2.94683e-05
21,0,0
21,1,3.52359e-05
21,2,0.000146303
21,3,0.000502507
21,4,0.00148504
21,5,0.00381119
21,6,0.00861329
21,7,0.017472
21,8,0.0324051
21,9,0.0554767
21,10,0.0875158
21,11,0.12655
21,12,0.167578
21,13,0.203629
21,14,0.22735
21,15,0.234248
21,16,0.225103
21,17,0.204214
21,18,0.177731
21,19,0.15159
21,20,0.128876
21,21,0.111079
21,22,0.0979585
21,23,0.0889251
21,24,0.0835058
21,25,0.0816341
21,26,0.0835058
21,27,0.0889251
21,28,0.0979583
21,29,0.111079
21,30,0.128876
21,31,0.15159
21,32,0.177731
21,33,0.204214
21,34,0.225103
21,35,0.234248
21,36,0.22735
21,37,0.203629
21,38,0.167578
21,39,0.12655
21,40,0.0875158
21,41,0.0554767
21,42,0.0324051
21,43,0.017472
21,44,0.00861329
21,45,0.0038112
21,46,0.00148507
21,47,0.000502737
21,48,0.000147845
21,49,4.40659e-05
22,0,0
22,1,4.63446e-05
22,2,0.000186555
22,3,0.000621726
22,4,0.0017894
22,5,0.0044918
22,6,0.00997436
22,7,0.0199557
22,8,0.036568
22,9,0.0618096
22,10,0.0960986
22,11,0.136738
22,12,0.177844
22,13,0.21172
22,14,0.231178
22,15,0.232742
22,16,0.218095
22,17,0.192817
22,18,0.164061
22,19,0.137159
22,20,0.114919
22,21,0.0979583
22,22,0.0853807
22,23,0.0764503
22,24,0.0705171
22,25,0.0683004
22,26,0.070517
22,27,0.0764503
22,28,0.0853807
22,29,0.0979584
22,30,0.114919
22,31,0.137159
22,32,0.164061
22,33,0.192817
22,34,0.218095
22,35,0.232742
22,36,0.231178
22,37,0.21172
22,38,0.177844
22,39,0.136738
22,40,0.0960986
22,41,0.0618096
22,42,0.036568
22,43,0.0199557
22,44,0.00997436
22,45,0.0044918
22,46,0.00178945
22,47,0.000622118
22,48,0.000189008
22,49,5.95446e-05
23,0,0
23,1,5.60415e-05
23,2,0.000220863
23,3,0.000720995
23,4,0.00203789
23,5,0.00503894
23,6,0.011055
23,7,0.0219043
23,8,0.0397911
23,9,0.0666387
23,10,0.102501
23,11,0.144067
23,12,0.184882
23,13,0.216963
23,14,0.233084
23,15,0.230323
23,16,0.211795
23,17,0.183951
23,18,0.153878
23,19,0.127018
23,20,0.105355
23,21,0.0889251
23,22,0.0764504
23,23,0.0666296
23,24,0.0590562
23,25,0.0550689
23,26,0.0590562
23,27,0.0666297
23,28,0.0764503
23,29,0.0889252
23,30,0.105355
23,31,0.127018
23,32,0.153878
23,33,0.183951
23,34,0.211795
23,35,0.230323
23,36,0.233084
23,37,0.216963
23,38,0.184882
23,39,0.144067
23,40,0.102501
23,41,0.0666387
23,42,0.0397911
23,43,0.0219043
23,44,0.011055
23,45,0.00503895
23,46,0.00203798
23,47,0.000721557
23,48,0.000224219
23,49,7.3383e-05
24,0,0
24,1,6.26688e-05
24,2,0.00024396
24,3,0.000786838
24,4,0.00220062
24,5,0.0053935
24,6,0.0117497
24,7,0.0231486
24,8,0.0418308
24,9,0.0696484
24,10,0.106422
24,11,0.148506
24,12,0.189059
24,13,0.219754
24,14,0.233607
24,15,0.228484
24,16,0.207791
24,17,0.178338
24,18,0.147795
24,19,0.120985
24,20,0.0996814
24,21,0.0835058
24,22,0.0705172
24,23,0.0590562
24,24,0.0473951
24,25,0.0370777
24,26,0.0473951
24,27,0.0590562
24,28,0.0705172
24,29,0.0835059
24,30,0.0996814
24,31,0.120985
24,32,0.147795
24,33,0.178338
24,34,0.207791
24,35,0.228484
24,36,0.233607
24,37,0.219754
24,38,0.189059
24,39,0.148506
24,40,0.106422
24,41,0.0696484
24,42,0.0418308
24,43,0.0231486
24,44,0.0117497
24,45,0.00539352
24,46,0.00220072
24,47,0.00078753
24,48,0.000247982
24,49,8.29908e-05
25,0,0
25,1,6.50247e-05
25,2,0.000252108
25,3,0.000809891
25,4,0.00225725
25,5,0.00551639
25,6,0.0119895
25,7,0.0235755
25,8,0.0425264
25,9,0.0706757
25,10,0.107759
25,11,0.149969
25,12,0.190362
25,13,0.220675
25,14,0.233877
25,15,0.227741
25,16,0.206223
25,17,0.176452
25,18,0.145685
25,19,0.119
25,20,0.0978597
25,21,0.0816341
25,22,0.0683005
25,23,0.0550686
25,24,0.0370777
25,25,0.000335463
25,26,0.0370778
25,27,0.0550686
25,28,0.0683003
25,29,0.081634
25,30,0.0978596
25,31,0.119
25,32,0.145685
25,33,0.176452
25,34,0.206223
25,35,0.227741
25,36,0.233877
25,37,0.220675
25,38,0.190362
25,39,0.149969
25,40,0.107759
25,41,0.0706757
25,42,0.0425264
25,43,0.0235755
25,44,0.0119895
25,45,0.0055164
25,46,0.00225736
25,47,0.000810632
25,48,0.000256376
25,49,8.64325e-05
26,0,0
26,1,6.26688e-05
26,2,0.00024396
26,3,0.000786838
26,4,0.00220062
26,5,0.0053935
26,6,0.0117497
26,7,0.0231486
26,8,0.0418308
26,9,0.0696484
26,10,0.106422
26,11,0.148506
26,12,0.189059
26,13,0.219754
26,14,0.233607
26,15,0.228484
26,16,0.207791
26,17,0.178338
26,18,0.147795
26,19,0.120985
26,20,0.0996814
26,21,0.0835058
26,22,0.0705172
26,23,0.0590562
26,24,0.0473951
26,25,0.0370777
26,26,0.0473951
26,27,0.0590562
26,28,0.0705172
26,29,0.0835059
26,30,0.0996814
26,31,0.120985
26,32,0.147795
26,33,0.178338
26,34,0.207791
26,35,0.228484
26,36,0.233607
26,37,0.219754
26,38,0.189059
26,39,0.148506
26,40,0.106422
26,41,0.0696484
26,42,0.0418308
26,43,0.0231486
26,44,0.0117497
26,45,0.00539352
26,46,0.00220072
26,47,0.00078753
26,48,0.000247982
26,49,8.29908e-05
27,0,0
27,1,5.60415e-05
27,2,0.000220863
27,3,0.000720995
27,4,0.00203789
27,5,0.00503894
27,6,0.011055
27,7,0.0219043
27,8,0.0397911
27,9,0.0666387
27,10,0.102501
27,11,0.144067
27,12,0.184882
27,13,0.216963
27,14,0.233084
27,15,0.230323
27,16,0.211795
27,17,0.183951
27,18,0.153878
27,19,0.127018
27,20,0.105355
27,21,0.0889251
27,22,0.0764504
27,23,0.0666296
27,24,0.0590562
27,25,0.0550689
27,26,0.0590562
27,27,0.0666297
27,28,0.0764503
27,29,0.0889252
27,30,0.105355
27,31,0.127018
27,32,0.153878
27,33,0.183951
27,34,0.211795
27,35,0.230323
27,36,0.233084
27,37,0.216963
27,38,0.184882
27,39,0.144067
27,40,0.102501
27,41,0.0666387
27,42,0.0397911
27,43,0.0219043
27,44,0.011055
27,45,0.00503895
27,46,0.00203798
27,47,0.000721557
27,48,0.000224219
27,49,7.3383e-05
28,0,0
28,1,4.63446e-05
28,2,0.000186555
28,3,0.000621726
28,4,0.0017894
28,5,0.0044918
28,6,0.00997436
28,7,0.0199557
28,8,0.036568
28,9,0.0618096
28,10,0.0960986
28,11,0.136738
28,12,0.177844
28,13,0.21172
28,14,0.231178
28,15,0.232742
28,16,0.218095
28,17,0.192817
28,18,0.164061
28,19,0.137159
28,20,0.114919
28,21,0.0979583
28,22,0.0853807
28,23,0.0764503
28,24,0.0705171
28,25,0.0683004
28,26,0.070517
28,27,0.0764503
28,28,0.0853807
28,29,0.0979584
28,30,0.114919
28,31,0.137159
28,32,0.164061
28,33,0.192817
28,34,0.218095
28,35,0.232742
28,36,0.231178
28,37,0.21172
28,38,0.177844
28,39,0.136738
28,40,0.0960986
28,41,0.0618096
28,42,0.036568
28,43,0.0199557
28,44,0.00997436
28,45,0.0044918
28,46,0.00178945
28,47,0.000622118
28,48,0.000189008
28,49,5.95446e-05
29,0,0
29,1,3.52359e-05
29,2,0.000146303
29,3,0.000502507
29,4,0.00148504
29,5,0.00381119
29,6,0.00861329
29,7,0.017472
29,8,0.0324051
29,9,0.0554767
29,10,0.0875158
29,11,0.12655
29,12,0.167578
29,13,0.203629
29,14,0.22735
29,15,0.234248
29,16,0.225103
29,17,0.204214
29,18,0.177731
29,19,0.15159
29,20,0.128876
29,21,0.111079
29,22,0.0979585
29,23,0.0889251
29,24,0.0835058
29,25,0.0816341
29,26,0.0835058
29,27,0.0889251
29,28,0.0979583
29,29,0.111079
29,30,0.128876
29,31,0.15159
29,32,0.177731
29,33,0.204214
29,34,0.225103
29,35,0.234248
29,36,0.22735
29,37,0.203629
29,38,0.167578
29,39,0.12655
29,40,0.0875158
29,41,0.0554767
29,42,0.0324051
29,43,0.017472
29,44,0.00861329
29,45,0.0038112
29,46,0.00148507
29,47,0.000502737
29,48,0.000147845
29,49,4.40659e-05
30,0,0
30,1,2.44125e-05
30,2,0.000105747
30,3,0.000378392
30,4,0.00115918
30,5,0.00306615
30,6,0.00709839
30,7,0.0146687
30,8,0.0276257
30,9,0.0480319
30,10,0.0771458
30,11,0.113863
30,12,0.154127
30,13,0.191796
30,14,0.220044
30,15,0.233641
30,16,0.231444
30,17,0.216503
30,18,0.194132
30,19,0.169729
30,20,0.147328
30,21,0.128876
30,22,0.114919
30,23,0.105355
30,24,0.0996813
30,25,0.0978596
30,26,0.0996813
30,27,0.105355
30,28,0.114919
30,29,0.128876
30,30,0.147327
30,31,0.16973
30,32,0.194132
30,33,0.216503
30,34,0.231444
30,35,0.233641
30,36,0.220044
30,37,0.191796
30,38,0.154127
30,39,0.113863
30,40,0.0771458
30,41,0.0480319
30,42,0.0276257
30,43,0.0146687
30,44,0.00709839
30,45,0.00306615
30,46,0.00115919
30,47,0.000378498
30,48,0.00010655
30,49,2.94683e-05
31,0,0
31,1,1.52204e-05
31,2,6.97056e-05
31,3,0.000263144
31,4,0.000845103
31,5,0.00232639
31,6,0.00556
31,7,0.01177
31,8,0.0225924
31,9,0.0400017
31,10,0.0655721
31,11,0.0990565
31,12,0.137604
31,13,0.176164
31,14,0.20833
31,15,0.228548
31,16,0.234624
31,17,0.227534
31,18,0.211141
31,19,0.190593
31,20,0.169729
31,21,0.15159
31,22,0.137159
31,23,0.127019
31,24,0.120985
31,25,0.119
31,26,0.120985
31,27,0.127018
31,28,0.137159
31,29,0.15159
31,30,0.16973
31,31,0.190593
31,32,0.211141
31,33,0.227534
31,34,0.234624
31,35,0.228548
31,36,0.20833
31,37,0.176164
31,38,0.137604
31,39,0.0990565
31,40,0.0655721
31,41,0.0400017
31,42,0.0225924
31,43,0.01177
31,44,0.00556
31,45,0.00232639
31,46,0.000845106
31,47,0.000263178
31,48,7.00261e-05
31,49,1.75792e-05
32,0,0
32,1,8.39481e-06
32,2,4.13019e-05
32,3,0.000166952
32,4,0.000569687
32,5,0.00165168
32,6,0.0041162
32,7,0.0089912
32,8,0.0176616
32,9,0.0319146
32,10,0.0535238
32,11,0.0829922
32,12,0.118539
32,13,0.156433
32,14,0.191471
32,15,0.217865
32,16,0.23212
32,17,0.234115
32,18,0.225795
32,19,0.211141
32,20,0.194132
32,21,0.177731
32,22,0.164061
32,23,0.153878
32,24,0.147795
32,25,0.145685
32,26,0.147795
32,27,0.153878
32,28,0.164061
32,29,0.177731
32,30,0.194132
32,31,0.211141
32,32,0.225795
32,33,0.234115
32,34,0.23212
32,35,0.217865
32,36,0.191471
32,37,0.156433
32,38,0.118539
32,39,0.0829922
32,40,0.0535239
32,41,0.0319146
32,42,0.0176616
32,43,0.0089912
32,44,0.0041162
32,45,0.00165168
32,46,0.000569687
32,47,0.000166956
32,48,4.13799e-05
32,49,9.19525e-06
33,0,0
33,1,4.00574e-06
33,2,2.15725e-05
33,3,9.50364e-05
33,4,0.000350196
33,5,0.00108511
33,6,0.00285597
33,7,0.00650236
33,8,0.0131534
33,9,0.0243119
33,10,0.0417358
33,11,0.0665488
33,12,0.0980588
33,13,0.13362
33,14,0.169237
33,15,0.200094
33,16,0.221985
33,17,0.233068
33,18,0.234115
33,19,0.227534
33,20,0.216503
33,21,0.204214
33,22,0.192817
33,23,0.183951
33,24,0.178338
33,25,0.176452
33,26,0.178338
33,27,0.183951
33,28,0.192817
33,29,0.204214
33,30,0.216503
33,31,0.227534
33,32,0.234115
33,33,0.233068
33,34,0.221985
33,35,0.200094
33,36,0.169237
33,37,0.13362
33,38,0.0980588
33,39,0.0665488
33,40,0.0417359
33,41,0.0243119
33,42,0.0131534
33,43,0.00650236
33,44,0.00285597
33,45,0.00108511
33,46,0.000350196
33,47,9.5033e-05
33,48,2.15675e-05
33,49,4.1286e-06
34,0,0
34,1,1.61193e-06
34,2,9.69302e-06
34,3,4.74585e-05
34,4,0.000192516
34,5,0.000649371
34,6,0.00183525
34,7,0.00441457
34,8,0.00928059
34,9,0.0176233
34,10,0.0309975
34,11,0.0508077
34,12,0.0772643
34,13,0.108981
34,14,0.143127
34,15,0.175666
34,16,0.20281
34,17,0.221985
34,18,0.23212
34,19,0.234624
34,20,0.231444
34,21,0.225103
34,22,0.218095
34,23,0.211795
34,24,0.207791
34,25,0.206223
34,26,0.207791
34,27,0.211795
34,28,0.218095
34,29,0.225103
34,30,0.231444
34,31,0.234624
34,32,0.23212
34,33,0.221985
34,34,0.20281
34,35,0.175667
34,36,0.143127
34,37,0.108981
34,38,0.0772644
34,39,0.0508077
34,40,0.0309975
34,41,0.0176233
34,42,0.00928059
34,43,0.00441457
34,44,0.00183525
34,45,0.00064937
34,46,0.000192515
34,47,4.7456e-05
34,48,9.67756e-06
34,49,1.55514e-06
35,0,0
35,1,5.33736e-07
35,2,3.65138e-06
35,3,2.02471e-05
35,4,9.22341e-05
35,5,0.000345883
35,6,0.00107245
35,7,0.00277969
35,8,0.00616051
35,9,0.0120961
35,10,0.0218252
35,11,0.0368058
35,12,0.0577851
35,13,0.0842236
35,14,0.114676
35,15,0.146379
35,16,0.175666
35,17,0.200094
35,18,0.217865
35,19,0.228548
35,20,0.233641
35,21,0.234248
35,22,0.232742
35,23,0.230323
35,24,0.228484
35,25,0.227741
35,26,0.228484
35,27,0.230323
35,28,0.232742
35,29,0.234248
35,30,0.233641
35,31,0.228548
35,32,0.217865
35,33,0.200094
35,34,0.175666
35,35,0.146379
35,36,0.114676
35,37,0.0842236
35,38,0.0577851
35,39,0.0368058
35,40,0.0218252
35,41,0.0120961
35,42,0.0061605
35,43,0.00277969
35,44,0.00107245
35,45,0.000345883
35,46,9.2234e-05
35,47,2.02461e-05
35,48,3.64323e-06
35,49,4.81119e-07
36,0,0
36,1,1.4243e-07
36,2,1.12714e-06
36,3,7.19405e-06
36,4,3.74511e-05
36,5,0.000159262
36,6,0.000554296
36,7,0.00158787
36,8,0.00380033
36,9,0.00783287
36,10,0.0145244
36,11,0.025122
36,12,0.0407892
36,13,0.0615717
36,14,0.0866216
36,15,0.114676
36,16,0.143127
36,17,0.169237
36,18,0.191471
36,19,0.20833
36,20,0.220044
36,21,0.22735
36,22,0.231178
36,23,0.233084
36,24,0.233607
36,25,0.233877
36,26,0.233607
36,27,0.233084
36,28,0.231178
36,29,0.22735
36,30,0.220044
36,31,0.20833
36,32,0.191471
36,33,0.169237
36,34,0.143127
36,35,0.114676
36,36,0.0866216
36,37,0.0615717
36,38,0.0407892
36,39,0.025122
36,40,0.0145244
36,41,0.00783287
36,42,0.00380033
36,43,0.00158787
36,44,0.000554296
36,45,0.000159262
36,46,3.74511e-05
36,47,7.19381e-06
36,48,1.12451e-06
36,49,1.20081e-07
37,0,0
37,1,3.01108e-08
37,2,2.79946e-07
37,3,2.08516e-06
37,4,1.25794e-05
37,5,6.1618e-05
37,6,0.000245361
37,7,0.000796007
37,8,0.00211963
37,9,0.00472333
37,10,0.00914653
37,11,0.0161692
37,12,0.0269431
37,13,0.0422105
37,14,0.0615717
37,15,0.0842236
37,16,0.108981
37,17,0.13362
37,18,0.156433
37,19,0.176164
37,20,0.191796
37,21,0.203629
37,22,0.21172
37,23,0.216963
37,24,0.219754
37,25,0.220675
37,26,0.219754
37,27,0.216963
37,28,0.21172
37,29,0.203629
37,30,0.191796
37,31,0.176164
37,32,0.156433
37,33,0.13362
37,34,0.108981
37,35,0.0842236
37,36,0.0615717
37,37,0.0422105
37,38,0.0269431
37,39,0.0161692
37,40,0.00914653
37,41,0.00472333
37,42,0.00211963
37,43,0.000796007
37,44,0.000245361
37,45,6.1618e-05
37,46,1.25794e-05
37,47,2.08512e-06
37,48,2.79358e-07
37,49,2.38106e-08
38,0,0
38,1,4.96394e-09
38,2,5.51103e-08
38,3,4.85292e-07
38,4,3.43235e-06
38,5,1.9593e-05
38,6,9.04711e-05
38,7,0.000338362
38,8,0.0010281
38,9,0.00256269
38,10,0.00536769
38,11,0.00986781
38,12,0.0167511
38,13,0.0269431
38,14,0.0407892
38,15,0.0577851
38,16,0.0772643
38,17,0.0980588
38,18,0.118539
38,19,0.137604
38,20,0.154127
38,21,0.167578
38,22,0.177844
38,23,0.184882
38,24,0.189059
38,25,0.190362
38,26,0.189059
38,27,0.184882
38,28,0.177844
38,29,0.167578
38,30,0.154127
38,31,0.137604
38,32,0.118539
38,33,0.0980588
38,34,0.0772644
38,35,0.0577851
38,36,0.0407892
38,37,0.0269431
38,38,0.0167511
38,39,0.00986781
38,40,0.0053677
38,41,0.00256269
38,42,0.0010281
38,43,0.000338362
38,44,9.04711e-05
38,45,1.9593e-05
38,46,3.43235e-06
38,47,4.85287e-07
38,48,5.50158e-08
38,49,3.69529e-09
39,0,0
39,1,6.26946e-10
39,2,8.47656e-09
39,3,8.95226e-08
39,4,7.50775e-07
39,5,5.04276e-06
39,6,2.72561e-05
39,7,0.000118831
39,8,0.000418668
39,9,0.00119741
39,10,0.00281542
39,11,0.00559894
39,12,0.00986781
39,13,0.0161692
39,14,0.025122
39,15,0.0368058
39,16,0.0508077
39,17,0.0665488
39,18,0.0829922
39,19,0.0990565
39,20,0.113863
39,21,0.12655
39,22,0.136738
39,23,0.144067
39,24,0.148506
39,25,0.149969
39,26,0.148506
39,27,0.144067
39,28,0.136738
39,29,0.12655
39,30,0.113863
39,31,0.0990565
39,32,0.0829922
39,33,0.0665488
39,34,0.0508077
39,35,0.0368058
39,36,0.025122
39,37,0.0161692
39,38,0.00986781
39,39,0.00559894
39,40,0.00281542
39,41,0.00119741
39,42,0.000418668
39,43,0.000118831
39,44,2.72561e-05
39,45,5.04276e-06
39,46,7.50775e-07
39,47,8.95221e-08
39,48,8.46569e-09
39,49,4.41085e-10
40,0,0
40,1,5.92485e-11
40,2,1.00163e-09
40,3,1.29206e-08
40,4,1.30196e-07
40,5,1.03924e-06
40,6,6.62736e-06
40,7,3.39303e-05
40,8,0.00013986
40,9,0.000465529
40,10,0.0012596
40,11,0.00281542
40,12,0.00536769
40,13,0.00914653
40,14,0.0145244
40,15,0.0218252
40,16,0.0309975
40,17,0.0417359
40,18,0.0535238
40,19,0.0655721
40,20,0.0771458
40,21,0.0875158
40,22,0.0960986
40,23,0.102501
40,24,0.106422
40,25,0.107759
40,26,0.106422
40,27,0.102501
40,28,0.0960986
40,29,0.0875158
40,30,0.0771458
40,31,0.0655721
40,32,0.0535238
40,33,0.0417358
40,34,0.0309975
40,35,0.0218252
40,36,0.0145244
40,37,0.00914653
40,38,0.0053677
40,39,0.00281542
40,40,0.0012596
40,41,0.000465529
40,42,0.00013986
40,43,3.39303e-05
40,44,6.62736e-06
40,45,1.03924e-06
40,46,1.30196e-07
40,47,1.29205e-08
40,48,1.00075e-09
40,49,3.95445e-11
41,0,0
41,1,4.04321e-12
41,2,8.88366e-11
41,3,1.43568e-09
41,4,1.76896e-08
41,5,1.69884e-07
41,6,1.2895e-06
41,7,7.80335e-06
41,8,3.78456e-05
41,9,0.000147651
41,10,0.000465529
41,11,0.00119741
41,12,0.00256269
41,13,0.00472333
41,14,0.00783287
41,15,0.0120961
41,16,0.0176233
41,17,0.0243119
41,18,0.0319146
41,19,0.0400017
41,20,0.0480319
41,21,0.0554767
41,22,0.0618096
41,23,0.0666387
41,24,0.0696484
41,25,0.0706757
41,26,0.0696484
41,27,0.0666387
41,28,0.0618096
41,29,0.0554767
41,30,0.0480319
41,31,0.0400017
41,32,0.0319146
41,33,0.0243119
41,34,0.0176233
41,35,0.0120961
41,36,0.00783287
41,37,0.00472333
41,38,0.00256269
41,39,0.00119741
41,40,0.000465529
41,41,0.000147651
41,42,3.78456e-05
41,43,7.80335e-06
41,44,1.2895e-06
41,45,1.69884e-07
41,46,1.76896e-08
41,47,1.43568e-09
41,48,8.87897e-11
41,49,2.56909e-12
42,0,0
42,1,1.87809e-13
42,2,5.70792e-12
42,3,1.2004e-10
42,4,1.85421e-09
42,5,2.17908e-08
42,6,1.99176e-07
42,7,1.43597e-06
42,8,8.23919e-06
42,9,3.78456e-05
42,10,0.00013986
42,11,0.000418668
42,12,0.0010281
42,13,0.00211963
42,14,0.00380033
42,15,0.00616051
42,16,0.00928059
42,17,0.0131534
42,18,0.0176616
42,19,0.0225924
42,20,0.0276257
42,21,0.0324051
42,22,0.036568
42,23,0.0397911
42,24,0.0418308
42,25,0.0425264
42,26,0.0418308
42,27,0.0397911
42,28,0.036568
42,29,0.0324051
42,30,0.0276257
42,31,0.0225924
42,32,0.0176616
42,33,0.0131534
42,34,0.00928059
42,35,0.0061605
42,36,0.00380033
42,37,0.00211963
42,38,0.0010281
42,39,0.000418668
42,40,0.00013986
42,41,3.78456e-05
42,42,8.23919e-06
42,43,1.43597e-06
42,44,1.99176e-07
42,45,2.17908e-08
42,46,1.85421e-09
42,47,1.2004e-10
42,48,5.70641e-12
42,49,1.13972e-13
43,0,0
43,1,5.3065e-15
43,2,2.50421e-13
43,3,7.29019e-12
43,4,1.46595e-10
43,5,2.16069e-09
43,6,2.41786e-08
43,7,2.10002e-07
43,8,1.43597e-06
43,9,7.80335e-06
43,10,3.39303e-05
43,11,0.000118831
43,12,0.000338362
43,13,0.000796007
43,14,0.00158787
43,15,0.00277969
43,16,0.00441457
43,17,0.00650236
43,18,0.0089912
43,19,0.01177
43,20,0.0146687
43,21,0.017472
43,22,0.0199557
43,23,0.0219043
43,24,0.0231486
43,25,0.0235755
43,26,0.0231486
43,27,0.0219043
43,28,0.0199557
43,29,0.017472
43,30,0.0146687
43,31,0.01177
43,32,0.0089912
43,33,0.00650236
43,34,0.00441457
43,35,0.00277969
43,36,0.00158787
43,37,0.000796007
43,38,0.000338362
43,39,0.000118831
43,40,3.39303e-05
43,41,7.80335e-06
43,42,1.43597e-06
43,43,2.10002e-07
43,44,2.41786e-08
43,45,2.16069e-09
43,46,1.46595e-10
43,47,7.29019e-12
43,48,2.50399e-13
43,49,3.08436e-15
44,0,0
44,1,6.87483e-17
44,2,6.70295e-15
44,3,3.0311e-13
44,4,8.43905e-12
44,5,1.61961e-10
44,6,2.27353e-09
44,7,2.41786e-08
44,8,1.99176e-07
44,9,1.2895e-06
44,10,6.62736e-06
44,11,2.72561e-05
44,12,9.04712e-05
44,13,0.000245361
44,14,0.000554296
44,15,0.00107245
44,16,0.00183525
44,17,0.00285597
44,18,0.0041162
44,19,0.00556
44,20,0.00709839
44,21,0.00861329
44,22,0.00997436
44,23,0.011055
44,24,0.0117497
44,25,0.0119895
44,26,0.0117497
44,27,0.011055
44,28,0.00997436
44,29,0.00861329
44,30,0.00709839
44,31,0.00556
44,32,0.0041162
44,33,0.00285597
44,34,0.00183525
44,35,0.00107245
44,36,0.000554296
44,37,0.000245361
44,38,9.04711e-05
44,39,2.72561e-05
44,40,6.62736e-06
44,41,1.2895e-06
44,42,1.99176e-07
44,43,2.41786e-08
44,44,2.27353e-09
44,45,1.61961e-10
44,46,8.43905e-12
44,47,3.0311e-13
44,48,6.70295e-15
44,49,3.83712e-17
45,0,0
45,1,0
45,2,8.2498e-17
45,3,7.70839e-15
45,4,3.33404e-13
45,5,8.86023e-12
45,6,1.61961e-10
45,7,2.16069e-09
45,8,2.17908e-08
45,9,1.69884e-07
45,10,1.03924e-06
45,11,5.04275e-06
45,12,1.9593e-05
45,13,6.1618e-05
45,14,0.000159262
45,15,0.000345883
45,16,0.00064937
45,17,0.00108511
45,18,0.00165168
45,19,0.00232639
45,20,0.00306615
45,21,0.0038112
45,22,0.0044918
45,23,0.00503895
45,24,0.00539352
45,25,0.0055164
45,26,0.00539352
45,27,0.00503895
45,28,0.0044918
45,29,0.0038112
45,30,0.00306615
45,31,0.00232639
45,32,0.00165168
45,33,0.00108511
45,34,0.00064937
45,35,0.000345883
45,36,0.000159262
45,37,6.1618e-05
45,38,1.9593e-05
45,39,5.04276e-06
45,40,1.03924e-06
45,41,1.69884e-07
45,42,2.17908e-08
45,43,2.16069e-09
45,44,1.61961e-10
45,45,8.86023e-12
45,46,3.33404e-13
45,47,7.70839e-15
45,48,8.2498e-17
45,49,0
46,0,0
46,1,0
46,2,0
46,3,9.0355e-17
46,4,8.07546e-15
46,5,3.33404e-13
46,6,8.43905e-12
46,7,1.46595e-10
46,8,1.85421e-09
46,9,1.76896e-08
46,10,1.30196e-07
46,11,7.50775e-07
46,12,3.43235e-06
46,13,1.25794e-05
46,14,3.74511e-05
46,15,9.2234e-05
46,16,0.000192515
46,17,0.000350196
46,18,0.000569687
46,19,0.000845106
46,20,0.00115919
46,21,0.00148507
46,22,0.00178945
46,23,0.00203797
46,24,0.00220072
46,25,0.00225736
46,26,0.00220072
46,27,0.00203797
46,28,0.00178945
46,29,0.00148507
46,30,0.00115919
46,31,0.000845106
46,32,0.000569687
46,33,0.000350196
46,34,0.000192515
46,35,9.2234e-05
46,36,3.74511e-05
46,37,1.25794e-05
46,38,3.43235e-06
46,39,7.50775e-07
46,40,1.30196e-07
46,41,1.76896e-08
46,42,1.85421e-09
46,43,1.46595e-10
46,44,8.43905e-12
46,45,3.33404e-13
46,46,8.07546e-15
46,47,9.0355e-17
46,48,0
46,49,0
47,0,0
47,1,0
47,2,0
47,3,0
47,4,9.0355e-17
47,5,7.70839e-15
47,6,3.0311e-13
47,7,7.29019e-12
47,8,1.2004e-10
47,9,1.43568e-09
47,10,1.29205e-08
47,11,8.95221e-08
47,12,4.85287e-07
47,13,2.08512e-06
47,14,7.19381e-06
47,15,2.02461e-05
47,16,4.7456e-05
47,17,9.50331e-05
47,18,0.000166956
47,19,0.000263178
47,20,0.000378498
47,21,0.000502736
47,22,0.000622118
47,23,0.000721557
47,24,0.00078753
47,25,0.000810632
47,26,0.000787529
47,27,0.000721557
47,28,0.000622118
47,29,0.000502736
47,30,0.000378498
47,31,0.000263178
47,32,0.000166956
47,33,9.5033e-05
47,34,4.7456e-05
47,35,2.02461e-05
47,36,7.19381e-06
47,37,2.08512e-06
47,38,4.85287e-07
47,39,8.95221e-08
47,40,1.29205e-08
47,41,1.43568e-09
47,42,1.2004e-10
47,43,7.29019e-12
47,44,3.0311e-13
47,45,7.7084e-15
47,46,9.0355e-17
47,47,0
47,48,0
47,49,0
48,0,0
48,1,0
48,2,0
48,3,0
48,4,0
48,5,8.2498e-17
48,6,6.70295e-15
48,7,2.50399e-13
48,8,5.70641e-12
48,9,8.87896e-11
48,10,1.00075e-09
48,11,8.46569e-09
48,12,5.50159e-08
48,13,2.79358e-07
48,14,1.12451e-06
48,15,3.64323e-06
48,16,9.67756e-06
48,17,2.15675e-05
48,18,4.13799e-05
48,19,7.00261e-05
48,20,0.00010655
48,21,0.000147845
48,22,0.000189008
48,23,0.000224219
48,24,0.000247982
48,25,0.000256376
48,26,0.000247982
48,27,0.000224219
48,28,0.000189008
48,29,0.000147845
48,30,0.00010655
48,31,7.00261e-05
48,32,4.13799e-05
48,33,2.15675e-05
48,34,9.67756e-06
48,35,3.64323e-06
48,36,1.12451e-06
48,37,2.79358e-07
48,38,5.50158e-08
48,39,8.46569e-09
48,40,1.00075e-09
48,41,8.87897e-11
48,42,5.70641e-12
48,43,2.50399e-13
48,44,6.70295e-15
48,45,8.2498e-17
48,46,0
48,47,0
48,48,0
48,49,0
49,0,0
49,1,0
49,2,0
49,3,0
49,4,0
49,5,0
49,6,3.83712e-17
49,7,3.08436e-15
49,8,1.13972e-13
49,9,2.56909e-12
49,10,3.95445e-11
49,11,4.41085e-10
49,12,3.69529e-09
49,13,2.38106e-08
49,14,1.20081e-07
49,15,4.81119e-07
49,16,1.55514e-06
49,17,4.1286e-06
49,18,9.19525e-06
49,19,1.75792e-05
49,20,2.94683e-05
49,21,4.40659e-05
49,22,5.95446e-05
49,23,7.33829e-05
49,24,8.29908e-05
49,25,8.64325e-05
49,26,8.29908e-05
49,27,7.3383e-05
49,28,5.95446e-05
49,29,4.40659e-05
49,30,2.94683e-05
49,31,1.75792e-05
49,32,9.19525e-06
49,33,4.1286e-06
49,34,1.55514e-06
49,35,4.81119e-07
49,36,1.20081e-07
49,37,2.38106e-08
49,38,3.69529e-09
49,39,4.41085e-10
49,40,3.95445e-11
49,41,2.56909e-12
49,42,1.13972e-13
49,43,3.08436e-15
49,44,3.83712e-17
49,45,0
49,46,0
49,47,0
49,48,0
49,49,0
