0,0,0
0,1,0
0,2,0
0,3,0
0,4,0
0,5,0
0,6,0
0,7,0
0,8,0
0,9,0
0,10,0
0,11,0
0,12,0
0,13,0
0,14,0
0,15,0
0,16,0
0,17,0
0,18,0
0,19,0
0,20,0
0,21,0
0,22,0
0,23,0
0,24,0
0,25,0
0,26,0
0,27,0
0,28,0
0,29,0
0,30,0
0,31,0
0,32,0
0,33,0
0,34,0
0,35,0
0,36,0
0,37,0
0,38,0
0,39,0
0,40,0
0,41,0
0,42,0
0,43,0
0,44,0
0,45,0
0,46,0
0,47,0
0,48,0
0,49,0
1,0,0
1,1,0
1,2,0
1,3,0
1,4,0
1,5,0
1,6,0
1,7,0
1,8,0
1,9,0
1,10,0
1,11,0
1,12,1.25322e-15
1,13,6.63506e-14
1,14,1.5643e-12
1,15,2.17254e-11
1,16,1.9842e-10
1,17,1.26273e-09
1,18,5.81016e-09
1,19,1.99098e-08
1,20,5.23551e-08
1,21,1.09238e-07
1,22,1.87021e-07
1,23,2.69887e-07
1,24,3.34089e-07
1,25,3.58344e-07
1,26,3.34089e-07
1,27,2.69887e-07
1,28,1.87021e-07
1,29,1.09238e-07
1,30,5.23551e-08
1,31,1.99098e-08
1,32,5.81016e-09
1,33,1.26273e-09
1,34,1.9842e-10
1,35,2.17254e-11
1,36,1.5643e-12
1,37,6.63506e-14
1,38,1.25322e-15
1,39,0
1,40,0
1,41,0
1,42,0
1,43,0
1,44,0
1,45,0
1,46,0
1,47,0
1,48,0
1,49,0
2,0,0
2,1,0
2,2,0
2,3,0
2,4,0
2,5,0
2,6,0
2,7,0
2,8,0
2,9,0
2,10,0
2,11,2.14837e-15
2,12,1.22493e-13
2,13,3.12734e-12
2,14,4.73175e-11
2,15,4.73777e-10
2,16,3.3261e-09
2,17,1.69737e-08
2,18,6.47248e-08
2,19,1.89436e-07
2,20,4.38707e-07
2,21,8.31242e-07
2,22,1.32842e-06
2,23,1.83074e-06
2,24,2.2072e-06
2,25,2.34718e-06
2,26,2.20719e-06
2,27,1.83074e-06
2,28,1.32842e-06
2,29,8.31242e-07
2,30,4.38707e-07
2,31,1.89436e-07
2,32,6.47248e-08
2,33,1.69737e-08
2,34,3.3261e-09
2,35,4.73777e-10
2,36,4.73175e-11
2,37,3.12734e-12
2,38,1.22493e-13
2,39,2.14837e-15
2,40,0
2,41,0
2,42,0
2,43,0
2,44,0
2,45,0
2,46,0
2,47,0
2,48,0
2,49,0
3,0,0
3,1,0
3,2,0
3,3,0
3,4,0
3,5,0
3,6,0
3,7,0
3,8,0
3,9,0
3,10,3.29417e-15
3,11,2.01239e-13
3,12,5.53045e-12
3,13,9.05234e-11
3,14,9.85651e-10
3,15,7.56295e-09
3,16,4.23654e-08
3,17,1.7779e-07
3,18,5.72512e-07
3,19,1.45372e-06
3,20,3.00543e-06
3,21,5.22715e-06
3,22,7.85399e-06
3,23,1.03826e-05
3,24,1.22213e-05
3,25,1.28946e-05
3,26,1.22213e-05
3,27,1.03826e-05
3,28,7.85399e-06
3,29,5.22715e-06
3,30,3.00543e-06
3,31,1.45372e-06
3,32,5.72512e-07
3,33,1.7779e-07
3,34,4.23654e-08
3,35,7.56295e-09
3,36,9.85651e-10
3,37,9.05234e-11
3,38,5.53045e-12
3,39,2.01239e-13
3,40,3.29417e-15
3,41,0
3,42,0
3,43,0
3,44,0
3,45,0
3,46,0
3,47,0
3,48,0
3,49,0
4,0,0
4,1,0
4,2,0
4,3,0
4,4,0
4,5,0
4,6,0
4,7,0
4,8,0
4,9,4.52949e-15
4,10,2.95151e-13
4,11,8.68767e-12
4,12,1.52975e-10
4,13,1.80002e-09
4,14,1.49922e-08
4,15,9.15093e-08
4,16,4.19436e-07
4,17,1.47488e-06
4,18,4.07479e-06
4,19,9.11013e-06
4,20,1.70419e-05
4,21,2.74985e-05
4,22,3.91351e-05
4,23,4.98714e-05
4,24,5.74732e-05
4,25,6.02195e-05
4,26,5.74732e-05
4,27,4.98714e-05
4,28,3.91351e-05
4,29,2.74985e-05
4,30,1.70419e-05
4,31,9.11013e-06
4,32,4.07479e-06
4,33,1.47488e-06
4,34,4.19436e-07
4,35,9.15093e-08
4,36,1.49922e-08
4,37,1.80002e-09
4,38,1.52975e-10
4,39,8.68767e-12
4,40,2.95151e-13
4,41,4.52949e-15
4,42,0
4,43,0
4,44,0
4,45,0
4,46,0
4,47,0
4,48,0
4,49,0
5,0,0
5,1,0
5,2,0
5,3,0
5,4,0
5,5,0
5,6,0
5,7,0
5,8,5.59525e-15
5,9,3.87385e-13
5,10,1.21597e-11
5,11,2.29222e-10
5,12,2.89921e-09
5,13,2.60591e-08
5,14,1.72249e-07
5,15,8.56895e-07
5,16,3.27023e-06
5,17,9.77309e-06
5,18,2.34783e-05
5,19,4.68384e-05
5,20,8.02366e-05
5,21,0.000121217
5,22,0.000164464
5,23,0.000202932
5,24,0.000229532
5,25,0.000239038
5,26,0.000229532
5,27,0.000202932
5,28,0.000164464
5,29,0.000121217
5,30,8.02366e-05
5,31,4.68385e-05
5,32,2.34783e-05
5,33,9.77309e-06
5,34,3.27023e-06
5,35,8.56895e-07
5,36,1.72249e-07
5,37,2.60591e-08
5,38,2.89921e-09
5,39,2.29222e-10
5,40,1.21597e-11
5,41,3.87385e-13
5,42,5.59525e-15
5,43,0
5,44,0
5,45,0
5,46,0
5,47,0
5,48,0
5,49,0
6,0,0
6,1,0
6,2,0
6,3,0
6,4,0
6,5,0
6,6,0
6,7,6.21694e-15
6,8,4.55747e-13
6,9,1.51972e-11
6,10,3.05407e-10
6,11,4.13305e-09
6,12,3.98913e-08
6,13,2.84049e-07
6,14,1.5256e-06
6,15,6.28747e-06
6,16,2.02332e-05
6,17,5.1995e-05
6,18,0.000109976
6,19,0.000198304
6,20,0.000314555
6,21,0.000448638
6,22,0.000583903
6,23,0.000700545
6,24,0.000779584
6,25,0.000807591
6,26,0.000779584
6,27,0.000700545
6,28,0.000583903
6,29,0.000448638
6,30,0.000314555
6,31,0.000198304
6,32,0.000109976
6,33,5.1995e-05
6,34,2.02332e-05
6,35,6.28746e-06
6,36,1.5256e-06
6,37,2.84049e-07
6,38,3.98913e-08
6,39,4.13305e-09
6,40,3.05407e-10
6,41,1.51972e-11
6,42,4.55747e-13
6,43,6.21694e-15
6,44,0
6,45,0
6,46,0
6,47,0
6,48,0
6,49,0
7,0,0
7,1,0
7,2,0
7,3,0
7,4,0
7,5,0
7,6,6.21694e-15
7,7,4.81067e-13
7,8,1.69837e-11
7,9,3.62517e-10
7,10,5.22811e-09
7,11,5.39529e-08
7,12,4.12008e-07
7,13,2.37844e-06
7,14,1.05418e-05
7,15,3.64013e-05
7,16,9.97639e-05
7,17,0.000222912
7,18,0.000420604
7,19,0.000694673
7,20,0.0010315
7,21,0.00140062
7,22,0.00175988
7,23,0.0020619
7,24,0.00226339
7,25,0.00233422
7,26,0.00226339
7,27,0.0020619
7,28,0.00175988
7,29,0.00140062
7,30,0.0010315
7,31,0.000694673
7,32,0.000420604
7,33,0.000222912
7,34,9.97639e-05
7,35,3.64013e-05
7,36,1.05418e-05
7,37,2.37844e-06
7,38,4.12008e-07
7,39,5.39529e-08
7,40,5.22811e-09
7,41,3.62517e-10
7,42,1.69837e-11
7,43,4.81067e-13
7,44,6.21694e-15
7,45,0
7,46,0
7,47,0
7,48,0
7,49,0
8,0,0
8,1,0
8,2,0
8,3,0
8,4,0
8,5,5.59525e-15
8,6,4.55747e-13
8,7,1.69837e-11
8,8,3.83788e-10
8,9,5.87771e-09
8,10,6.46139e-08
8,11,5.27136e-07
8,12,3.25841e-06
8,13,1.54787e-05
8,14,5.71994e-05
8,15,0.000166887
8,16,0.000393254
8,17,0.000773885
8,18,0.00132308
8,19,0.002031
8,20,0.00285595
8,21,0.00372634
8,22,0.00455161
8,23,0.00523212
8,24,0.00568139
8,25,0.005838
8,26,0.00568139
8,27,0.00523212
8,28,0.00455161
8,29,0.00372634
8,30,0.00285595
8,31,0.002031
8,32,0.00132308
8,33,0.000773885
8,34,0.000393254
8,35,0.000166887
8,36,5.71994e-05
8,37,1.54787e-05
8,38,3.25841e-06
8,39,5.27136e-07
8,40,6.46139e-08
8,41,5.87771e-09
8,42,3.83788e-10
8,43,1.69837e-11
8,44,4.55747e-13
8,45,5.59525e-15
8,46,0
8,47,0
8,48,0
8,49,0
9,0,0
9,1,0
9,2,0
9,3,0
9,4,4.52949e-15
9,5,3.87385e-13
9,6,1.51971e-11
9,7,3.62517e-10
9,8,5.87771e-09
9,9,6.8607e-08
9,10,5.95987e-07
9,11,3.93213e-06
9,12,1.99641e-05
9,13,7.87949e-05
9,14,0.000244537
9,15,0.000607694
9,16,0.00124632
9,17,0.00219879
9,18,0.0034736
9,19,0.00503783
9,20,0.00679567
9,21,0.00860715
9,22,0.0102926
9,23,0.011665
9,24,0.0125634
9,25,0.012875
9,26,0.0125634
9,27,0.011665
9,28,0.0102926
9,29,0.00860715
9,30,0.00679567
9,31,0.00503783
9,32,0.0034736
9,33,0.00219879
9,34,0.00124632
9,35,0.000607694
9,36,0.000244537
9,37,7.87949e-05
9,38,1.99641e-05
9,39,3.93213e-06
9,40,5.95987e-07
9,41,6.8607e-08
9,42,5.87771e-09
9,43,3.62517e-10
9,44,1.51972e-11
9,45,3.87385e-13
9,46,4.52949e-15
9,47,0
9,48,0
9,49,0
10,0,0
10,1,0
10,2,0
10,3,3.29417e-15
10,4,2.95151e-13
10,5,1.21597e-11
10,6,3.05407e-10
10,7,5.22811e-09
10,8,6.46139e-08
10,9,5.95987e-07
10,10,4.18571e-06
10,11,2.26621e-05
10,12,9.53972e-05
10,13,0.000314909
10,14,0.000826508
10,15,0.00176973
10,16,0.00322186
10,17,0.00522845
10,18,0.00781231
10,19,0.0108899
10,20,0.0142778
10,21,0.0177141
10,22,0.0208602
10,23,0.0233987
10,24,0.025042
10,25,0.0256137
10,26,0.025042
10,27,0.0233987
10,28,0.0208602
10,29,0.0177141
10,30,0.0142778
10,31,0.0108899
10,32,0.00781231
10,33,0.00522845
10,34,0.00322186
10,35,0.00176973
10,36,0.000826508
10,37,0.000314909
10,38,9.53972e-05
10,39,2.26621e-05
10,40,4.18571e-06
10,41,5.95987e-07
10,42,6.46139e-08
10,43,5.22811e-09
10,44,3.05407e-10
10,45,1.21597e-11
10,46,2.95151e-13
10,47,3.29417e-15
10,48,0
10,49,0
11,0,0
11,1,0
11,2,2.14837e-15
11,3,2.01239e-13
11,4,8.68767e-12
11,5,2.29221e-10
11,6,4.13305e-09
11,7,5.39529e-08
11,8,5.27136e-07
11,9,3.93213e-06
11,10,2.26621e-05
11,11,0.000101659
11,12,0.000357172
11,13,0.000992683
11,14,0.00222839
11,15,0.00420072
11,16,0.00701084
11,17,0.0108059
11,18,0.0156052
11,19,0.0212015
11,20,0.0272683
11,21,0.0332911
11,22,0.0387157
11,23,0.0430286
11,24,0.0457881
11,25,0.0467473
11,26,0.0457881
11,27,0.0430286
11,28,0.0387157
11,29,0.0332911
11,30,0.0272683
11,31,0.0212015
11,32,0.0156052
11,33,0.0108059
11,34,0.00701084
11,35,0.00420072
11,36,0.00222839
11,37,0.000992683
11,38,0.000357172
11,39,0.000101659
11,40,2.26621e-05
11,41,3.93213e-06
11,42,5.27136e-07
11,43,5.39529e-08
11,44,4.13305e-09
11,45,2.29222e-10
11,46,8.68767e-12
11,47,2.01239e-13
11,48,2.14837e-15
11,49,0
12,0,0
12,1,1.25322e-15
12,2,1.22493e-13
12,3,5.53044e-12
12,4,1.52975e-10
12,5,2.89921e-09
12,6,3.98913e-08
12,7,4.12008e-07
12,8,3.25841e-06
12,9,1.99641e-05
12,10,9.53972e-05
12,11,0.000357172
12,12,0.00105496
12,13,0.00249799
12,14,0.00490947
12,15,0.00846517
12,16,0.0134966
12,17,0.0202686
12,18,0.0286036
12,19,0.0381038
12,20,0.0481286
12,21,0.0577798
12,22,0.066302
12,23,0.0729054
12,24,0.0771037
12,25,0.0785278
12,26,0.0771037
12,27,0.0729054
12,28,0.066302
12,29,0.0577798
12,30,0.0481286
12,31,0.0381038
12,32,0.0286036
12,33,0.0202686
12,34,0.0134966
12,35,0.00846516
12,36,0.00490947
12,37,0.00249799
12,38,0.00105496
12,39,0.000357172
12,40,9.53972e-05
12,41,1.99641e-05
12,42,3.25841e-06
12,43,4.12008e-07
12,44,3.98913e-08
12,45,2.89921e-09
12,46,1.52975e-10
12,47,5.53045e-12
12,48,1.22493e-13
12,49,8.12898e-16
13,0,0
13,1,6.63505e-14
13,2,3.12734e-12
13,3,9.05234e-11
13,4,1.80002e-09
13,5,2.60591e-08
13,6,2.8405e-07
13,7,2.37844e-06
13,8,1.54787e-05
13,9,7.87949e-05
13,10,0.000314909
13,11,0.000992683
13,12,0.00249799
13,13,0.0051684
13,14,0.0092805
13,15,0.0153639
13,16,0.0240602
13,17,0.0353548
13,18,0.0487278
13,19,0.0635058
13,20,0.0784258
13,21,0.0923546
13,22,0.10426
13,23,0.11324
13,24,0.118878
13,25,0.120739
13,26,0.118878
13,27,0.11324
13,28,0.10426
13,29,0.0923546
13,30,0.0784258
13,31,0.0635058
13,32,0.0487278
13,33,0.0353548
13,34,0.0240602
13,35,0.0153639
13,36,0.0092805
13,37,0.0051684
13,38,0.00249799
13,39,0.000992683
13,40,0.000314909
13,41,7.87949e-05
13,42,1.54787e-05
13,43,2.37844e-06
13,44,2.84049e-07
13,45,2.60591e-08
13,46,1.80002e-09
13,47,9.05234e-11
13,48,3.12713e-12
13,49,4.51143e-14
14,0,0
14,1,1.5643e-12
14,2,4.73175e-11
14,3,9.85651e-10
14,4,1.49922e-08
14,5,1.72249e-07
14,6,1.5256e-06
14,7,1.05418e-05
14,8,5.71994e-05
14,9,0.000244537
14,10,0.000826508
14,11,0.00222839
14,12,0.00490947
14,13,0.0092805
14,14,0.0160319
14,15,0.0262009
14,16,0.040151
14,17,0.0572699
14,18,0.0768625
14,19,0.0974998
14,20,0.117366
14,21,0.135283
14,22,0.149843
14,23,0.160615
14,24,0.167092
14,25,0.169292
14,26,0.167092
14,27,0.160615
14,28,0.149843
14,29,0.135283
14,30,0.117366
14,31,0.0974998
14,32,0.0768625
14,33,0.0572699
14,34,0.040151
14,35,0.0262009
14,36,0.0160319
14,37,0.0092805
14,38,0.00490947
14,39,0.00222839
14,40,0.000826508
14,41,0.000244537
14,42,5.71994e-05
14,43,1.05418e-05
14,44,1.5256e-06
14,45,1.72249e-07
14,46,1.49922e-08
14,47,9.85651e-10
14,48,4.73082e-11
14,49,1.11852e-12
15,0,0
15,1,2.17255e-11
15,2,4.73777e-10
15,3,7.56295e-09
15,4,9.15093e-08
15,5,8.56895e-07
15,6,6.28746e-06
15,7,3.64013e-05
15,8,0.000166887
15,9,0.000607694
15,10,0.00176973
15,11,0.00420072
15,12,0.00846516
15,13,0.0153639
15,14,0.0262009
15,15,0.041895
15,16,0.0620335
15,17,0.0858331
15,18,0.111946
15,19,0.137761
15,20,0.161549
15,21,0.181669
15,22,0.197142
15,23,0.208106
15,24,0.214323
15,25,0.216519
15,26,0.214323
15,27,0.208106
15,28,0.197142
15,29,0.181669
15,30,0.161549
15,31,0.137761
15,32,0.111946
15,33,0.0858331
15,34,0.0620335
15,35,0.041895
15,36,0.0262009
15,37,0.0153639
15,38,0.00846516
15,39,0.00420072
15,40,0.00176973
15,41,0.000607694
15,42,0.000166887
15,43,3.64013e-05
15,44,6.28746e-06
15,45,8.56895e-07
15,46,9.15093e-08
15,47,7.56295e-09
15,48,4.73602e-10
15,49,1.63929e-11
16,0,0
16,1,1.9842e-10
16,2,3.3261e-09
16,3,4.23655e-08
16,4,4.19436e-07
16,5,3.27023e-06
16,6,2.02332e-05
16,7,9.97639e-05
16,8,0.000393254
16,9,0.00124632
16,10,0.00322186
16,11,0.00701084
16,12,0.0134966
16,13,0.0240602
16,14,0.040151
16,15,0.0620335
16,16,0.0889712
16,17,0.119661
16,18,0.151046
16,19,0.180172
16,20,0.205181
16,21,0.224266
16,22,0.237967
16,23,0.246519
16,24,0.251221
16,25,0.252642
16,26,0.251221
16,27,0.246519
16,28,0.237967
16,29,0.224266
16,30,0.205181
16,31,0.180172
16,32,0.151046
16,33,0.119661
16,34,0.0889712
16,35,0.0620335
16,36,0.040151
16,37,0.0240602
16,38,0.0134966
16,39,0.00701084
16,40,0.00322186
16,41,0.00124632
16,42,0.000393254
16,43,9.97639e-05
16,44,2.02332e-05
16,45,3.27023e-06
16,46,4.19436e-07
16,47,4.23654e-08
16,48,3.32423e-09
16,49,1.58556e-10
17,0,0
17,1,1.26273e-09
17,2,1.69737e-08
17,3,1.7779e-07
17,4,1.47488e-06
17,5,9.77309e-06
17,6,5.1995e-05
17,7,0.000222912
17,8,0.000773885
17,9,0.00219879
17,10,0.00522845
17,11,0.0108059
17,12,0.0202686
17,13,0.0353548
17,14,0.0572699
17,15,0.0858331
17,16,0.119661
17,17,0.155667
17,18,0.189746
17,19,0.218964
17,20,0.24092
17,21,0.255437
17,22,0.263902
17,23,0.267751
17,24,0.269422
17,25,0.269607
17,26,0.269422
17,27,0.267751
17,28,0.263902
17,29,0.255437
17,30,0.24092
17,31,0.218964
17,32,0.189746
17,33,0.155667
17,34,0.119661
17,35,0.0858331
17,36,0.0572699
17,37,0.0353548
17,38,0.0202686
17,39,0.0108059
17,40,0.00522845
17,41,0.00219879
17,42,0.000773885
17,43,0.000222912
17,44,5.1995e-05
17,45,9.77309e-06
17,46,1.47488e-06
17,47,1.77789e-07
17,48,1.69616e-08
17,49,1.07213e-09
18,0,0
18,1,5.81016e-09
18,2,6.47249e-08
18,3,5.72513e-07
18,4,4.07479e-06
18,5,2.34783e-05
18,6,0.000109976
18,7,0.000420604
18,8,0.00132308
18,9,0.0034736
18,10,0.00781231
18,11,0.0156052
18,12,0.0286036
18,13,0.0487278
18,14,0.0768625
18,15,0.111946
18,16,0.151046
18,17,0.189746
18,18,0.223385
18,19,0.248403
18,20,0.263538
18,21,0.270231
18,22,0.270802
18,23,0.268601
18,24,0.266074
18,25,0.265065
18,26,0.266075
18,27,0.268601
18,28,0.270802
18,29,0.270231
18,30,0.263538
18,31,0.248403
18,32,0.223385
18,33,0.189746
18,34,0.151046
18,35,0.111946
18,36,0.0768625
18,37,0.0487278
18,38,0.0286036
18,39,0.0156052
18,40,0.00781231
18,41,0.0034736
18,42,0.00132308
18,43,0.000420604
18,44,0.000109976
18,45,2.34783e-05
18,46,4.07479e-06
18,47,5.72509e-07
18,48,6.46764e-08
18,49,5.25374e-09
19,0,0
19,1,1.99098e-08
19,2,1.89436e-07
19,3,1.45372e-06
19,4,9.11013e-06
19,5,4.68385e-05
19,6,0.000198304
19,7,0.000694674
19,8,0.002031
19,9,0.00503783
19,10,0.0108899
19,11,0.0212015
19,12,0.0381038
19,13,0.0635058
19,14,0.0974998
19,15,0.137761
19,16,0.180172
19,17,0.218964
19,18,0.248403
19,19,0.26581
19,20,0.271478
19,21,0.268148
19,22,0.260099
19,23,0.251205
19,24,0.244669
19,25,0.242247
19,26,0.244669
19,27,0.251205
19,28,0.260099
19,29,0.268148
19,30,0.271478
19,31,0.26581
19,32,0.248403
19,33,0.218964
19,34,0.180172
19,35,0.137761
19,36,0.0974998
19,37,0.0635058
19,38,0.0381038
19,39,0.0212015
19,40,0.0108899
19,41,0.00503783
19,42,0.002031
19,43,0.000694673
19,44,0.000198304
19,45,4.68385e-05
19,46,9.11013e-06
19,47,1.45371e-06
19,48,1.89329e-07
19,49,1.91747e-08
20,0,0
20,1,5.23551e-08
20,2,4.38707e-07
20,3,3.00543e-06
20,4,1.70419e-05
20,5,8.02366e-05
20,6,0.000314555
20,7,0.0010315
20,8,0.00285596
20,9,0.00679567
20,10,0.0142778
20,11,0.0272683
20,12,0.0481286
20,13,0.0784258
20,14,0.117366
20,15,0.161549
20,16,0.205181
20,17,0.24092
20,18,0.263538
20,19,0.271478
20,20,0.266345
20,21,0.253162
20,22,0.236916
20,23,0.222312
20,24,0.212323
20,25,0.20879
20,26,0.212323
20,27,0.222312
20,28,0.236916
20,29,0.253162
20,30,0.266345
20,31,0.271478
20,32,0.263538
20,33,0.24092
20,34,0.205181
20,35,0.161549
20,36,0.117366
20,37,0.0784258
20,38,0.0481286
20,39,0.0272683
20,40,0.0142778
20,41,0.00679567
20,42,0.00285595
20,43,0.0010315
20,44,0.000314555
20,45,8.02366e-05
20,46,1.70419e-05
20,47,3.00541e-06
20,48,4.38674e-07
20,49,5.35099e-08
21,0,0
21,1,1.09238e-07
21,2,8.31242e-07
21,3,5.22715e-06
21,4,2.74985e-05
21,5,0.000121217
21,6,0.000448638
21,7,0.00140062
21,8,0.00372634
21,9,0.00860715
21,10,0.0177141
21,11,0.0332911
21,12,0.0577798
21,13,0.0923546
21,14,0.135283
21,15,0.181669
21,16,0.224266
21,17,0.255437
21,18,0.270231
21,19,0.268148
21,20,0.253162
21,21,0.231362
21,22,0.208682
21,23,0.189722
21,24,0.177059
21,25,0.172672
21,26,0.177059
21,27,0.189722
21,28,0.208682
21,29,0.231362
21,30,0.253162
21,31,0.268148
21,32,0.270231
21,33,0.255437
21,34,0.224266
21,35,0.181669
21,36,0.135283
21,37,0.0923546
21,38,0.0577798
21,39,0.0332911
21,40,0.0177141
21,41,0.00860715
21,42,0.00372634
21,43,0.00140062
21,44,0.000448638
21,45,0.000121217
21,46,2.74985e-05
21,47,5.22717e-06
21,48,8.31809e-07
21,49,1.1753e-07
22,0,0
22,1,1.87021e-07
22,2,1.32842e-06
22,3,7.85399e-06
22,4,3.91351e-05
22,5,0.000164464
22,6,0.000583903
22,7,0.00175988
22,8,0.00455161
22,9,0.0102926
22,10,0.0208602
22,11,0.0387157
22,12,0.066302
22,13,0.10426
22,14,0.149843
22,15,0.197142
22,16,0.237967
22,17,0.263902
22,18,0.270802
22,19,0.260099
22,20,0.236916
22,21,0.208681
22,22,0.181395
22,23,0.159067
22,24,0.144124
22,25,0.138506
22,26,0.144124
22,27,0.159067
22,28,0.181395
22,29,0.208682
22,30,0.236916
22,31,0.260099
22,32,0.270802
22,33,0.263902
22,34,0.237967
22,35,0.197142
22,36,0.149843
22,37,0.10426
22,38,0.066302
22,39,0.0387157
22,40,0.0208602
22,41,0.0102926
22,42,0.00455161
22,43,0.00175988
22,44,0.000583903
22,45,0.000164464
22,46,3.91351e-05
22,47,7.85415e-06
22,48,1.33048e-06
22,49,2.09442e-07
23,0,0
23,1,2.69887e-07
23,2,1.83074e-06
23,3,1.03826e-05
23,4,4.98714e-05
23,5,0.000202932
23,6,0.000700546
23,7,0.0020619
23,8,0.00523212
23,9,0.011665
23,10,0.0233987
23,11,0.0430286
23,12,0.0729054
23,13,0.11324
23,14,0.160615
23,15,0.208106
23,16,0.246519
23,17,0.267751
23,18,0.268601
23,19,0.251205
23,20,0.222312
23,21,0.189722
23,22,0.159067
23,23,0.133815
23,24,0.115377
23,25,0.106984
23,26,0.115376
23,27,0.133815
23,28,0.159067
23,29,0.189722
23,30,0.222312
23,31,0.251205
23,32,0.268601
23,33,0.267751
23,34,0.246519
23,35,0.208106
23,36,0.160615
23,37,0.11324
23,38,0.0729054
23,39,0.0430286
23,40,0.0233987
23,41,0.011665
23,42,0.00523212
23,43,0.0020619
23,44,0.000700546
23,45,0.000202932
23,46,4.98714e-05
23,47,1.03829e-05
23,48,1.835e-06
23,49,3.10861e-07
24,0,0
24,1,3.34089e-07
24,2,2.2072e-06
24,3,1.22213e-05
24,4,5.74732e-05
24,5,0.000229532
24,6,0.000779584
24,7,0.00226339
24,8,0.00568139
24,9,0.0125634
24,10,0.025042
24,11,0.0457881
24,12,0.0771037
24,13,0.118878
24,14,0.167092
24,15,0.214323
24,16,0.251221
24,17,0.269422
24,18,0.266074
24,19,0.244669
24,20,0.212323
24,21,0.177059
24,22,0.144124
24,23,0.115376
24,24,0.0904613
24,25,0.0717935
24,26,0.0904613
24,27,0.115377
24,28,0.144124
24,29,0.177059
24,30,0.212323
24,31,0.244669
24,32,0.266074
24,33,0.269422
24,34,0.251221
24,35,0.214323
24,36,0.167092
24,37,0.118878
24,38,0.0771038
24,39,0.0457881
24,40,0.025042
24,41,0.0125634
24,42,0.00568139
24,43,0.00226339
24,44,0.000779584
24,45,0.000229532
24,46,5.74732e-05
24,47,1.22219e-05
24,48,2.21352e-06
24,49,3.91274e-07
25,0,0
25,1,3.58344e-07
25,2,2.34718e-06
25,3,1.28946e-05
25,4,6.02195e-05
25,5,0.000239038
25,6,0.000807591
25,7,0.00233422
25,8,0.005838
25,9,0.012875
25,10,0.0256137
25,11,0.0467473
25,12,0.0785278
25,13,0.120739
25,14,0.169292
25,15,0.216519
25,16,0.252641
25,17,0.269607
25,18,0.265065
25,19,0.242247
25,20,0.20879
25,21,0.172672
25,22,0.138506
25,23,0.106984
25,24,0.0717936
25,25,0.011109
25,26,0.0717936
25,27,0.106984
25,28,0.138506
25,29,0.172672
25,30,0.20879
25,31,0.242247
25,32,0.265065
25,33,0.269607
25,34,0.252642
25,35,0.216519
25,36,0.169292
25,37,0.120739
25,38,0.0785278
25,39,0.0467473
25,40,0.0256137
25,41,0.012875
25,42,0.005838
25,43,0.00233422
25,44,0.000807591
25,45,0.000239038
25,46,6.02196e-05
25,47,1.28953e-05
25,48,2.35434e-06
25,49,4.21987e-07
26,0,0
26,1,3.34089e-07
26,2,2.2072e-06
26,3,1.22213e-05
26,4,5.74732e-05
26,5,0.000229532
26,6,0.000779584
26,7,0.00226339
26,8,0.00568139
26,9,0.0125634
26,10,0.025042
26,11,0.0457881
26,12,0.0771037
26,13,0.118878
26,14,0.167092
26,15,0.214323
26,16,0.251221
26,17,0.269422
26,18,0.266074
26,19,0.244669
26,20,0.212323
26,21,0.177059
26,22,0.144124
26,23,0.115376
26,24,0.0904613
26,25,0.0717935
26,26,0.0904613
26,27,0.115377
26,28,0.144124
26,29,0.177059
26,30,0.212323
26,31,0.244669
26,32,0.266074
26,33,0.269422
26,34,0.251221
26,35,0.214323
26,36,0.167092
26,37,0.118878
26,38,0.0771038
26,39,0.0457881
26,40,0.025042
26,41,0.0125634
26,42,0.00568139
26,43,0.00226339
26,44,0.000779584
26,45,0.000229532
26,46,5.74732e-05
26,47,1.22219e-05
26,48,2.21352e-06
26,49,3.91274e-07
27,0,0
27,1,2.69887e-07
27,2,1.83074e-06
27,3,1.03826e-05
27,4,4.98714e-05
27,5,0.000202932
27,6,0.000700546
27,7,0.0020619
27,8,0.00523212
27,9,0.011665
27,10,0.0233987
27,11,0.0430286
27,12,0.0729054
27,13,0.11324
27,14,0.160615
27,15,0.208106
27,16,0.246519
27,17,0.267751
27,18,0.268601
27,19,0.251205
27,20,0.222312
27,21,0.189722
27,22,0.159067
27,23,0.133815
27,24,0.115377
27,25,0.106984
27,26,0.115376
27,27,0.133815
27,28,0.159067
27,29,0.189722
27,30,0.222312
27,31,0.251205
27,32,0.268601
27,33,0.267751
27,34,0.246519
27,35,0.208106
27,36,0.160615
27,37,0.11324
27,38,0.0729054
27,39,0.0430286
27,40,0.0233987
27,41,0.011665
27,42,0.00523212
27,43,0.0020619
27,44,0.000700546
27,45,0.000202932
27,46,4.98714e-05
27,47,1.03829e-05
27,48,1.835e-06
27,49,3.10861e-07
28,0,0
28,1,1.87021e-07
28,2,1.32842e-06
28,3,7.85399e-06
28,4,3.91351e-05
28,5,0.000164464
28,6,0.000583903
28,7,0.00175988
28,8,0.00455161
28,9,0.0102926
28,10,0.0208602
28,11,0.0387157
28,12,0.066302
28,13,0.10426
28,14,0.149843
28,15,0.197142
28,16,0.237967
28,17,0.263902
28,18,0.270802
28,19,0.260099
28,20,0.236916
28,21,0.208681
28,22,0.181395
28,23,0.159067
28,24,0.144124
28,25,0.138506
28,26,0.144124
28,27,0.159067
28,28,0.181395
28,29,0.208682
28,30,0.236916
28,31,0.260099
28,32,0.270802
28,33,0.263902
28,34,0.237967
28,35,0.197142
28,36,0.149843
28,37,0.10426
28,38,0.066302
28,39,0.0387157
28,40,0.0208602
28,41,0.0102926
28,42,0.00455161
28,43,0.00175988
28,44,0.000583903
28,45,0.000164464
28,46,3.91351e-05
28,47,7.85415e-06
28,48,1.33048e-06
28,49,2.09442e-07
29,0,0
29,1,1.09238e-07
29,2,8.31242e-07
29,3,5.22715e-06
29,4,2.74985e-05
29,5,0.000121217
29,6,0.000448638
29,7,0.00140062
29,8,0.00372634
29,9,0.00860715
29,10,0.0177141
29,11,0.0332911
29,12,0.0577798
29,13,0.0923546
29,14,0.135283
29,15,0.181669
29,16,0.224266
29,17,0.255437
29,18,0.270231
29,19,0.268148
29,20,0.253162
29,21,0.231362
29,22,0.208682
29,23,0.189722
29,24,0.177059
29,25,0.172672
29,26,0.177059
29,27,0.189722
29,28,0.208682
29,29,0.231362
29,30,0.253162
29,31,0.268148
29,32,0.270231
29,33,0.255437
29,34,0.224266
29,35,0.181669
29,36,0.135283
29,37,0.0923546
29,38,0.0577798
29,39,0.0332911
29,40,0.0177141
29,41,0.00860715
29,42,0.00372634
29,43,0.00140062
29,44,0.000448638
29,45,0.000121217
29,46,2.74985e-05
29,47,5.22717e-06
29,48,8.31809e-07
29,49,1.1753e-07
30,0,0
30,1,5.23551e-08
30,2,4.38707e-07
30,3,3.00543e-06
30,4,1.70419e-05
30,5,8.02366e-05
30,6,0.000314555
30,7,0.0010315
30,8,0.00285596
30,9,0.00679567
30,10,0.0142778
30,11,0.0272683
30,12,0.0481286
30,13,0.0784258
30,14,0.117366
30,15,0.161549
30,16,0.205181
30,17,0.24092
30,18,0.263538
30,19,0.271478
30,20,0.266345
30,21,0.253162
30,22,0.236916
30,23,0.222312
30,24,0.212323
30,25,0.20879
30,26,0.212323
30,27,0.222312
30,28,0.236916
30,29,0.253162
30,30,0.266345
30,31,0.271478
30,32,0.263538
30,33,0.24092
30,34,0.205181
30,35,0.161549
30,36,0.117366
30,37,0.0784258
30,38,0.0481286
30,39,0.0272683
30,40,0.0142778
30,41,0.00679567
30,42,0.00285595
30,43,0.0010315
30,44,0.000314555
30,45,8.02366e-05
30,46,1.70419e-05
30,47,3.00541e-06
30,48,4.38674e-07
30,49,5.35099e-08
31,0,0
31,1,1.99098e-08
31,2,1.89436e-07
31,3,1.45372e-06
31,4,9.11013e-06
31,5,4.68385e-05
31,6,0.000198304
31,7,0.000694674
31,8,0.002031
31,9,0.00503783
31,10,0.0108899
31,11,0.0212015
31,12,0.0381038
31,13,0.0635058
31,14,0.0974998
31,15,0.137761
31,16,0.180172
31,17,0.218964
31,18,0.248403
31,19,0.26581
31,20,0.271478
31,21,0.268148
31,22,0.260099
31,23,0.251205
31,24,0.244669
31,25,0.242247
31,26,0.244669
31,27,0.251205
31,28,0.260099
31,29,0.268148
31,30,0.271478
31,31,0.26581
31,32,0.248403
31,33,0.218964
31,34,0.180172
31,35,0.137761
31,36,0.0974998
31,37,0.0635058
31,38,0.0381038
31,39,0.0212015
31,40,0.0108899
31,41,0.00503783
31,42,0.002031
31,43,0.000694673
31,44,0.000198304
31,45,4.68385e-05
31,46,9.11013e-06
31,47,1.45371e-06
31,48,1.89329e-07
31,49,1.91747e-08
32,0,0
32,1,5.81016e-09
32,2,6.47249e-08
32,3,5.72513e-07
32,4,4.07479e-06
32,5,2.34783e-05
32,6,0.000109976
32,7,0.000420604
32,8,0.00132308
32,9,0.0034736
32,10,0.00781231
32,11,0.0156052
32,12,0.0286036
32,13,0.0487278
32,14,0.0768625
32,15,0.111946
32,16,0.151046
32,17,0.189746
32,18,0.223385
32,19,0.248403
32,20,0.263538
32,21,0.270231
32,22,0.270802
32,23,0.268601
32,24,0.266074
32,25,0.265065
32,26,0.266075
32,27,0.268601
32,28,0.270802
32,29,0.270231
32,30,0.263538
32,31,0.248403
32,32,0.223385
32,33,0.189746
32,34,0.151046
32,35,0.111946
32,36,0.0768625
32,37,0.0487278
32,38,0.0286036
32,39,0.0156052
32,40,0.00781231
32,41,0.0034736
32,42,0.00132308
32,43,0.000420604
32,44,0.000109976
32,45,2.34783e-05
32,46,4.07479e-06
32,47,5.72509e-07
32,48,6.46764e-08
32,49,5.25374e-09
33,0,0
33,1,1.26273e-09
33,2,1.69737e-08
33,3,1.7779e-07
33,4,1.47488e-06
33,5,9.77309e-06
33,6,5.1995e-05
33,7,0.000222912
33,8,0.000773885
33,9,0.00219879
33,10,0.00522845
33,11,0.0108059
33,12,0.0202686
33,13,0.0353548
33,14,0.0572699
33,15,0.0858331
33,16,0.119661
33,17,0.155667
33,18,0.189746
33,19,0.218964
33,20,0.24092
33,21,0.255437
33,22,0.263902
33,23,0.267751
33,24,0.269422
33,25,0.269607
33,26,0.269422
33,27,0.267751
33,28,0.263902
33,29,0.255437
33,30,0.24092
33,31,0.218964
33,32,0.189746
33,33,0.155667
33,34,0.119661
33,35,0.0858331
33,36,0.0572699
33,37,0.0353548
33,38,0.0202686
33,39,0.0108059
33,40,0.00522845
33,41,0.00219879
33,42,0.000773885
33,43,0.000222912
33,44,5.1995e-05
33,45,9.77309e-06
33,46,1.47488e-06
33,47,1.77789e-07
33,48,1.69616e-08
33,49,1.07213e-09
34,0,0
34,1,1.9842e-10
34,2,3.3261e-09
34,3,4.23655e-08
34,4,4.19436e-07
34,5,3.27023e-06
34,6,2.02332e-05
34,7,9.97639e-05
34,8,0.000393254
34,9,0.00124632
34,10,0.00322186
34,11,0.00701084
34,12,0.0134966
34,13,0.0240602
34,14,0.040151
34,15,0.0620335
34,16,0.0889712
34,17,0.119661
34,18,0.151046
34,19,0.180172
34,20,0.205181
34,21,0.224266
34,22,0.237967
34,23,0.246519
34,24,0.251221
34,25,0.252642
34,26,0.251221
34,27,0.246519
34,28,0.237967
34,29,0.224266
34,30,0.205181
34,31,0.180172
34,32,0.151046
34,33,0.119661
34,34,0.0889712
34,35,0.0620335
34,36,0.040151
34,37,0.0240602
34,38,0.0134966
34,39,0.00701084
34,40,0.00322186
34,41,0.00124632
34,42,0.000393254
34,43,9.97639e-05
34,44,2.02332e-05
34,45,3.27023e-06
34,46,4.19436e-07
34,47,4.23654e-08
34,48,3.32423e-09
34,49,1.58556e-10
35,0,0
35,1,2.17255e-11
35,2,4.73777e-10
35,3,7.56295e-09
35,4,9.15093e-08
35,5,8.56895e-07
35,6,6.28746e-06
35,7,3.64013e-05
35,8,0.000166887
35,9,0.000607694
35,10,0.00176973
35,11,0.00420072
35,12,0.00846516
35,13,0.0153639
35,14,0.0262009
35,15,0.041895
35,16,0.0620335
35,17,0.0858331
35,18,0.111946
35,19,0.137761
35,20,0.161549
35,21,0.181669
35,22,0.197142
35,23,0.208106
35,24,0.214323
35,25,0.216519
35,26,0.214323
35,27,0.208106
35,28,0.197142
35,29,0.181669
35,30,0.161549
35,31,0.137761
35,32,0.111946
35,33,0.0858331
35,34,0.0620335
35,35,0.041895
35,36,0.0262009
35,37,0.0153639
35,38,0.00846516
35,39,0.00420072
35,40,0.00176973
35,41,0.000607694
35,42,0.000166887
35,43,3.64013e-05
35,44,6.28746e-06
35,45,8.56895e-07
35,46,9.15093e-08
35,47,7.56295e-09
35,48,4.73602e-10
35,49,1.63929e-11
36,0,0
36,1,1.5643e-12
36,2,4.73175e-11
36,3,9.85651e-10
36,4,1.49922e-08
36,5,1.72249e-07
36,6,1.5256e-06
36,7,1.05418e-05
36,8,5.71994e-05
36,9,0.000244537
36,10,0.000826508
36,11,0.00222839
36,12,0.00490947
36,13,0.0092805
36,14,0.0160319
36,15,0.0262009
36,16,0.040151
36,17,0.0572699
36,18,0.0768625
36,19,0.0974998
36,20,0.117366
36,21,0.135283
36,22,0.149843
36,23,0.160615
36,24,0.167092
36,25,0.169292
36,26,0.167092
36,27,0.160615
36,28,0.149843
36,29,0.135283
36,30,0.117366
36,31,0.0974998
36,32,0.0768625
36,33,0.0572699
36,34,0.040151
36,35,0.0262009
36,36,0.0160319
36,37,0.0092805
36,38,0.00490947
36,39,0.00222839
36,40,0.000826508
36,41,0.000244537
36,42,5.71994e-05
36,43,1.05418e-05
36,44,1.5256e-06
36,45,1.72249e-07
36,46,1.49922e-08
36,47,9.85651e-10
36,48,4.73082e-11
36,49,1.11852e-12
37,0,0
37,1,6.63505e-14
37,2,3.12734e-12
37,3,9.05234e-11
37,4,1.80002e-09
37,5,2.60591e-08
37,6,2.8405e-07
37,7,2.37844e-06
37,8,1.54787e-05
37,9,7.87949e-05
37,10,0.000314909
37,11,0.000992683
37,12,0.00249799
37,13,0.0051684
37,14,0.0092805
37,15,0.0153639
37,16,0.0240602
37,17,0.0353548
37,18,0.0487278
37,19,0.0635058
37,20,0.0784258
37,21,0.0923546
37,22,0.10426
37,23,0.11324
37,24,0.118878
37,25,0.120739
37,26,0.118878
37,27,0.11324
37,28,0.10426
37,29,0.0923546
37,30,0.0784258
37,31,0.0635058
37,32,0.0487278
37,33,0.0353548
37,34,0.0240602
37,35,0.0153639
37,36,0.0092805
37,37,0.0051684
37,38,0.00249799
37,39,0.000992683
37,40,0.000314909
37,41,7.87949e-05
37,42,1.54787e-05
37,43,2.37844e-06
37,44,2.84049e-07
37,45,2.60591e-08
37,46,1.80002e-09
37,47,9.05234e-11
37,48,3.12713e-12
37,49,4.51143e-14
38,0,0
38,1,1.25322e-15
38,2,1.22493e-13
38,3,5.53044e-12
38,4,1.52975e-10
38,5,2.89921e-09
38,6,3.98913e-08
38,7,4.12008e-07
38,8,3.25841e-06
38,9,1.99641e-05
38,10,9.53972e-05
38,11,0.000357172
38,12,0.00105496
38,13,0.00249799
38,14,0.00490947
38,15,0.00846517
38,16,0.0134966
38,17,0.0202686
38,18,0.0286036
38,19,0.0381038
38,20,0.0481286
38,21,0.0577798
38,22,0.066302
38,23,0.0729054
38,24,0.0771037
38,25,0.0785278
38,26,0.0771037
38,27,0.0729054
38,28,0.066302
38,29,0.0577798
38,30,0.0481286
38,31,0.0381038
38,32,0.0286036
38,33,0.0202686
38,34,0.0134966
38,35,0.00846516
38,36,0.00490947
38,37,0.00249799
38,38,0.00105496
38,39,0.000357172
38,40,9.53972e-05
38,41,1.99641e-05
38,42,3.25841e-06
38,43,4.12008e-07
38,44,3.98913e-08
38,45,2.89921e-09
38,46,1.52975e-10
38,47,5.53045e-12
38,48,1.22493e-13
38,49,8.12898e-16
39,0,0
39,1,0
39,2,2.14837e-15
39,3,2.01239e-13
39,4,8.68767e-12
39,5,2.29221e-10
39,6,4.13305e-09
39,7,5.39529e-08
39,8,5.27136e-07
39,9,3.93213e-06
39,10,2.26621e-05
39,11,0.000101659
39,12,0.000357172
39,13,0.000992683
39,14,0.00222839
39,15,0.00420072
39,16,0.00701084
39,17,0.0108059
39,18,0.0156052
39,19,0.0212015
39,20,0.0272683
39,21,0.0332911
39,22,0.0387157
39,23,0.0430286
39,24,0.0457881
39,25,0.0467473
39,26,0.0457881
39,27,0.0430286
39,28,0.0387157
39,29,0.0332911
39,30,0.0272683
39,31,0.0212015
39,32,0.0156052
39,33,0.0108059
39,34,0.00701084
39,35,0.00420072
39,36,0.00222839
39,37,0.000992683
39,38,0.000357172
39,39,0.000101659
39,40,2.26621e-05
39,41,3.93213e-06
39,42,5.27136e-07
39,43,5.39529e-08
39,44,4.13305e-09
39,45,2.29222e-10
39,46,8.68767e-12
39,47,2.01239e-13
39,48,2.14837e-15
39,49,0
40,0,0
40,1,0
40,2,0
40,3,3.29417e-15
40,4,2.95151e-13
40,5,1.21597e-11
40,6,3.05407e-10
40,7,5.22811e-09
40,8,6.46139e-08
40,9,5.95987e-07
40,10,4.18571e-06
40,11,2.26621e-05
40,12,9.53972e-05
40,13,0.000314909
40,14,0.000826508
40,15,0.00176973
40,16,0.00322186
40,17,0.00522845
40,18,0.00781231
40,19,0.0108899
40,20,0.0142778
40,21,0.0177141
40,22,0.0208602
40,23,0.0233987
40,24,0.025042
40,25,0.0256137
40,26,0.025042
40,27,0.0233987
40,28,0.0208602
40,29,0.0177141
40,30,0.0142778
40,31,0.0108899
40,32,0.00781231
40,33,0.00522845
40,34,0.00322186
40,35,0.00176973
40,36,0.000826508
40,37,0.000314909
40,38,9.53972e-05
40,39,2.26621e-05
40,40,4.18571e-06
40,41,5.95987e-07
40,42,6.46139e-08
40,43,5.22811e-09
40,44,3.05407e-10
40,45,1.21597e-11
40,46,2.95151e-13
40,47,3.29417e-15
40,48,0
40,49,0
41,0,0
41,1,0
41,2,0
41,3,0
41,4,4.52949e-15
41,5,3.87385e-13
41,6,1.51971e-11
41,7,3.62517e-10
41,8,5.87771e-09
41,9,6.8607e-08
41,10,5.95987e-07
41,11,3.93213e-06
41,12,1.99641e-05
41,13,7.87949e-05
41,14,0.000244537
41,15,0.000607694
41,16,0.00124632
41,17,0.00219879
41,18,0.0034736
41,19,0.00503783
41,20,0.00679567
41,21,0.00860715
41,22,0.0102926
41,23,0.011665
41,24,0.0125634
41,25,0.012875
41,26,0.0125634
41,27,0.011665
41,28,0.0102926
41,29,0.00860715
41,30,0.00679567
41,31,0.00503783
41,32,0.0034736
41,33,0.00219879
41,34,0.00124632
41,35,0.000607694
41,36,0.000244537
41,37,7.87949e-05
41,38,1.99641e-05
41,39,3.93213e-06
41,40,5.95987e-07
41,41,6.8607e-08
41,42,5.87771e-09
41,43,3.62517e-10
41,44,1.51972e-11
41,45,3.87385e-13
41,46,4.52949e-15
41,47,0
41,48,0
41,49,0
42,0,0
42,1,0
42,2,0
42,3,0
42,4,0
42,5,5.59525e-15
42,6,4.55747e-13
42,7,1.69837e-11
42,8,3.83788e-10
42,9,5.87771e-09
42,10,6.46139e-08
42,11,5.27136e-07
42,12,3.25841e-06
42,13,1.54787e-05
42,14,5.71994e-05
42,15,0.000166887
42,16,0.000393254
42,17,0.000773885
42,18,0.00132308
42,19,0.002031
42,20,0.00285595
42,21,0.00372634
42,22,0.00455161
42,23,0.00523212
42,24,0.00568139
42,25,0.005838
42,26,0.00568139
42,27,0.00523212
42,28,0.00455161
42,29,0.00372634
42,30,0.00285595
42,31,0.002031
42,32,0.00132308
42,33,0.000773885
42,34,0.000393254
42,35,0.000166887
42,36,5.71994e-05
42,37,1.54787e-05
42,38,3.25841e-06
42,39,5.27136e-07
42,40,6.46139e-08
42,41,5.87771e-09
42,42,3.83788e-10
42,43,1.69837e-11
42,44,4.55747e-13
42,45,5.59525e-15
42,46,0
42,47,0
42,48,0
42,49,0
43,0,0
43,1,0
43,2,0
43,3,0
43,4,0
43,5,0
43,6,6.21694e-15
43,7,4.81067e-13
43,8,1.69837e-11
43,9,3.62517e-10
43,10,5.22811e-09
43,11,5.39529e-08
43,12,4.12008e-07
43,13,2.37844e-06
43,14,1.05418e-05
43,15,3.64013e-05
43,16,9.97639e-05
43,17,0.000222912
43,18,0.000420604
43,19,0.000694673
43,20,0.0010315
43,21,0.00140062
43,22,0.00175988
43,23,0.0020619
43,24,0.00226339
43,25,0.00233422
43,26,0.00226339
43,27,0.0020619
43,28,0.00175988
43,29,0.00140062
43,30,0.0010315
43,31,0.000694673
43,32,0.000420604
43,33,0.000222912
43,34,9.97639e-05
43,35,3.64013e-05
43,36,1.05418e-05
43,37,2.37844e-06
43,38,4.12008e-07
43,39,5.39529e-08
43,40,5.22811e-09
43,41,3.62517e-10
43,42,1.69837e-11
43,43,4.81067e-13
43,44,6.21694e-15
43,45,0
43,46,0
43,47,0
43,48,0
43,49,0
44,0,0
44,1,0
44,2,0
44,3,0
44,4,0
44,5,0
44,6,0
44,7,6.21694e-15
44,8,4.55747e-13
44,9,1.51972e-11
44,10,3.05407e-10
44,11,4.13305e-09
44,12,3.98913e-08
44,13,2.84049e-07
44,14,1.5256e-06
44,15,6.28747e-06
44,16,2.02332e-05
44,17,5.1995e-05
44,18,0.000109976
44,19,0.000198304
44,20,0.000314555
44,21,0.000448638
44,22,0.000583903
44,23,0.000700545
44,24,0.000779584
44,25,0.000807591
44,26,0.000779584
44,27,0.000700545
44,28,0.000583903
44,29,0.000448638
44,30,0.000314555
44,31,0.000198304
44,32,0.000109976
44,33,5.1995e-05
44,34,2.02332e-05
44,35,6.28746e-06
44,36,1.5256e-06
44,37,2.84049e-07
44,38,3.98913e-08
44,39,4.13305e-09
44,40,3.05407e-10
44,41,1.51972e-11
44,42,4.55747e-13
44,43,6.21694e-15
44,44,0
44,45,0
44,46,0
44,47,0
44,48,0
44,49,0
45,0,0
45,1,0
45,2,0
45,3,0
45,4,0
45,5,0
45,6,0
45,7,0
45,8,5.59525e-15
45,9,3.87385e-13
45,10,1.21597e-11
45,11,2.29222e-10
45,12,2.89921e-09
45,13,2.60591e-08
45,14,1.72249e-07
45,15,8.56895e-07
45,16,3.27023e-06
45,17,9.77309e-06
45,18,2.34783e-05
45,19,4.68384e-05
45,20,8.02366e-05
45,21,0.000121217
45,22,0.000164464
45,23,0.000202932
45,24,0.000229532
45,25,0.000239038
45,26,0.000229532
45,27,0.000202932
45,28,0.000164464
45,29,0.000121217
45,30,8.02366e-05
45,31,4.68385e-05
45,32,2.34783e-05
45,33,9.77309e-06
45,34,3.27023e-06
45,35,8.56895e-07
45,36,1.72249e-07
45,37,2.60591e-08
45,38,2.89921e-09
45,39,2.29222e-10
45,40,1.21597e-11
45,41,3.87385e-13
45,42,5.59525e-15
45,43,0
45,44,0
45,45,0
45,46,0
45,47,0
45,48,0
45,49,0
46,0,0
46,1,0
46,2,0
46,3,0
46,4,0
46,5,0
46,6,0
46,7,0
46,8,0
46,9,4.52949e-15
46,10,2.95151e-13
46,11,8.68767e-12
46,12,1.52975e-10
46,13,1.80002e-09
46,14,1.49922e-08
46,15,9.15093e-08
46,16,4.19436e-07
46,17,1.47488e-06
46,18,4.07479e-06
46,19,9.11013e-06
46,20,1.70419e-05
46,21,2.74985e-05
46,22,3.91351e-05
46,23,4.98714e-05
46,24,5.74732e-05
46,25,6.02196e-05
46,26,5.74732e-05
46,27,4.98714e-05
46,28,3.91351e-05
46,29,2.74985e-05
46,30,1.70419e-05
46,31,9.11013e-06
46,32,4.07479e-06
46,33,1.47488e-06
46,34,4.19436e-07
46,35,9.15093e-08
46,36,1.49922e-08
46,37,1.80002e-09
46,38,1.52975e-10
46,39,8.68767e-12
46,40,2.95151e-13
46,41,4.52949e-15
46,42,0
46,43,0
46,44,0
46,45,0
46,46,0
46,47,0
46,48,0
46,49,0
47,0,0
47,1,0
47,2,0
47,3,0
47,4,0
47,5,0
47,6,0
47,7,0
47,8,0
47,9,0
47,10,3.29417e-15
47,11,2.01239e-13
47,12,5.53045e-12
47,13,9.05234e-11
47,14,9.85651e-10
47,15,7.56295e-09
47,16,4.23654e-08
47,17,1.77789e-07
47,18,5.72509e-07
47,19,1.45371e-06
47,20,3.00541e-06
47,21,5.22717e-06
47,22,7.85414e-06
47,23,1.03829e-05
47,24,1.22219e-05
47,25,1.28953e-05
47,26,1.22219e-05
47,27,1.03829e-05
47,28,7.85414e-06
47,29,5.22717e-06
47,30,3.00541e-06
47,31,1.45371e-06
47,32,5.72509e-07
47,33,1.77789e-07
47,34,4.23654e-08
47,35,7.56295e-09
47,36,9.85651e-10
47,37,9.05234e-11
47,38,5.53045e-12
47,39,2.01239e-13
47,40,3.29417e-15
47,41,0
47,42,0
47,43,0
47,44,0
47,45,0
47,46,0
47,47,0
47,48,0
47,49,0
48,0,0
48,1,0
48,2,0
48,3,0
48,4,0
48,5,0
48,6,0
48,7,0
48,8,0
48,9,0
48,10,0
48,11,2.14837e-15
48,12,1.22493e-13
48,13,3.12713e-12
48,14,4.73082e-11
48,15,4.73602e-10
48,16,3.32423e-09
48,17,1.69616e-08
48,18,6.46764e-08
48,19,1.8933e-07
48,20,4.38674e-07
48,21,8.31809e-07
48,22,1.33048e-06
48,23,1.835e-06
48,24,2.21352e-06
48,25,2.35434e-06
48,26,2.21352e-06
48,27,1.835e-06
48,28,1.33048e-06
48,29,8.31809e-07
48,30,4.38674e-07
48,31,1.89329e-07
48,32,6.46764e-08
48,33,1.69616e-08
48,34,3.32423e-09
48,35,4.73602e-10
48,36,4.73082e-11
48,37,3.12713e-12
48,38,1.22493e-13
48,39,2.14837e-15
48,40,0
48,41,0
48,42,0
48,43,0
48,44,0
48,45,0
48,46,0
48,47,0
48,48,0
48,49,0
49,0,0
49,1,0
49,2,0
49,3,0
49,4,0
49,5,0
49,6,0
49,7,0
49,8,0
49,9,0
49,10,0
49,11,0
49,12,8.12898e-16
49,13,4.51143e-14
49,14,1.11852e-12
49,15,1.63929e-11
49,16,1.58556e-10
49,17,1.07213e-09
49,18,5.25374e-09
49,19,1.91747e-08
49,20,5.35099e-08
49,21,1.1753e-07
49,22,2.09442e-07
49,23,3.10861e-07
49,24,3.91274e-07
49,25,4.21987e-07
49,26,3.91274e-07
49,27,3.10861e-07
49,28,2.09442e-07
49,29,1.1753e-07
49,30,5.35099e-08
49,31,1.91747e-08
49,32,5.25374e-09
49,33,1.07213e-09
49,34,1.58556e-10
49,35,1.63929e-11
49,36,1.11852e-12
49,37,4.51144e-14
49,38,8.12898e-16
49,39,0
49,40,0
49,41,0
49,42,0
49,43,0
49,44,0
49,45,0
49,46,0
49,47,0
49,48,0
49,49,0
