0,0,0
0,1,0
0,2,0
0,3,0
0,4,0
0,5,0
0,6,0
0,7,0
0,8,0
0,9,0
0,10,0
0,11,0
0,12,0
0,13,0
0,14,0
0,15,0
0,16,0
0,17,0
0,18,0
0,19,0
0,20,0
0,21,0
0,22,0
0,23,0
0,24,0
0,25,0
0,26,0
0,27,0
0,28,0
0,29,0
0,30,0
0,31,0
0,32,0
0,33,0
0,34,0
0,35,0
0,36,0
0,37,0
0,38,0
0,39,0
0,40,0
0,41,0
0,42,0
0,43,0
0,44,0
0,45,0
0,46,0
0,47,0
0,48,0
0,49,0
1,0,0
1,1,0
1,2,0
1,3,0
1,4,0
1,5,0
1,6,0
1,7,0
1,8,0
1,9,3.45474e-16
1,10,2.24817e-14
1,11,6.62669e-13
1,12,1.1724e-11
1,13,1.39175e-10
1,14,1.17522e-09
1,15,7.31509e-09
1,16,3.44162e-08
1,17,1.25047e-07
1,18,3.58878e-07
1,19,8.35198e-07
1,20,1.62249e-06
1,21,2.70326e-06
1,22,3.94501e-06
1,23,5.11806e-06
1,24,5.96136e-06
1,25,6.26846e-06
1,26,5.96136e-06
1,27,5.11806e-06
1,28,3.94501e-06
1,29,2.70326e-06
1,30,1.62249e-06
1,31,8.35198e-07
1,32,3.58878e-07
1,33,1.25047e-07
1,34,3.44162e-08
1,35,7.31509e-09
1,36,1.17522e-09
1,37,1.39175e-10
1,38,1.1724e-11
1,39,6.6267e-13
1,40,2.24817e-14
1,41,3.45474e-16
1,42,0
1,43,0
1,44,0
1,45,0
1,46,0
1,47,0
1,48,0
1,49,0
2,0,0
2,1,0
2,2,0
2,3,0
2,4,0
2,5,0
2,6,0
2,7,0
2,8,4.87728e-16
2,9,3.37225e-14
2,10,1.06014e-12
2,11,2.00856e-11
2,12,2.56428e-10
2,13,2.33873e-09
2,14,1.57856e-08
2,15,8.07824e-08
2,16,3.19687e-07
2,17,9.98087e-07
2,18,2.51689e-06
2,19,5.27033e-06
2,20,9.42894e-06
2,21,1.47644e-05
2,22,2.05958e-05
2,23,2.59155e-05
2,24,2.96555e-05
2,25,3.10028e-05
2,26,2.96555e-05
2,27,2.59155e-05
2,28,2.05958e-05
2,29,1.47644e-05
2,30,9.42894e-06
2,31,5.27033e-06
2,32,2.51689e-06
2,33,9.98086e-07
2,34,3.19687e-07
2,35,8.07824e-08
2,36,1.57856e-08
2,37,2.33873e-09
2,38,2.56428e-10
2,39,2.00856e-11
2,40,1.06014e-12
2,41,3.37225e-14
2,42,4.87728e-16
2,43,0
2,44,0
2,45,0
2,46,0
2,47,0
2,48,0
2,49,0
3,0,0
3,1,0
3,2,0
3,3,0
3,4,0
3,5,0
3,6,0
3,7,6.23208e-16
3,8,4.56246e-14
3,9,1.5236e-12
3,10,3.07688e-11
3,11,4.20196e-10
3,12,4.11396e-09
3,13,2.99037e-08
3,14,1.65199e-07
3,15,7.06342e-07
3,16,2.37901e-06
3,17,6.44396e-06
3,18,1.44039e-05
3,19,2.73545e-05
3,20,4.53504e-05
3,21,6.70204e-05
3,22,8.96133e-05
3,23,0.000109551
3,24,0.000123271
3,25,0.000128164
3,26,0.000123271
3,27,0.000109551
3,28,8.96133e-05
3,29,6.70204e-05
3,30,4.53504e-05
3,31,2.73545e-05
3,32,1.44039e-05
3,33,6.44396e-06
3,34,2.37901e-06
3,35,7.06342e-07
3,36,1.65199e-07
3,37,2.99037e-08
3,38,4.11396e-09
3,39,4.20196e-10
3,40,3.07688e-11
3,41,1.5236e-12
3,42,4.56246e-14
3,43,6.23208e-16
3,44,0
3,45,0
3,46,0
3,47,0
3,48,0
3,49,0
4,0,0
4,1,0
4,2,0
4,3,0
4,4,0
4,5,0
4,6,7.2161e-16
4,7,5.57634e-14
4,8,1.9714e-12
4,9,4.2278e-11
4,10,6.15113e-10
4,11,6.43652e-09
4,12,5.01516e-08
4,13,2.97661e-07
4,14,1.36866e-06
4,15,4.95118e-06
4,16,1.4345e-05
4,17,3.40667e-05
4,18,6.82362e-05
4,19,0.000118743
4,20,0.000183965
4,21,0.000258222
4,22,0.000332511
4,23,0.000396179
4,24,0.000439177
4,25,0.000454376
4,26,0.000439177
4,27,0.000396179
4,28,0.000332511
4,29,0.000258222
4,30,0.000183965
4,31,0.000118743
4,32,6.82362e-05
4,33,3.40667e-05
4,34,1.4345e-05
4,35,4.95118e-06
4,36,1.36866e-06
4,37,2.97661e-07
4,38,5.01516e-08
4,39,6.43652e-09
4,40,6.15113e-10
4,41,4.2278e-11
4,42,1.9714e-12
4,43,5.57634e-14
4,44,7.2161e-16
4,45,0
4,46,0
4,47,0
4,48,0
4,49,0
5,0,0
5,1,0
5,2,0
5,3,0
5,4,0
5,5,7.5769e-16
5,6,6.16332e-14
5,7,2.29975e-12
5,8,5.22025e-11
5,9,8.06272e-10
5,10,8.98271e-09
5,11,7.47249e-08
5,12,4.74554e-07
5,13,2.3373e-06
5,14,9.04918e-06
5,15,2.79566e-05
5,16,7.03152e-05
5,17,0.000147908
5,18,0.000268433
5,19,0.000432404
5,20,0.000631162
5,21,0.000846888
5,22,0.00105532
5,23,0.00122955
5,24,0.00134541
5,25,0.00138603
5,26,0.00134541
5,27,0.00122955
5,28,0.00105532
5,29,0.000846888
5,30,0.000631162
5,31,0.000432404
5,32,0.000268433
5,33,0.000147908
5,34,7.03152e-05
5,35,2.79566e-05
5,36,9.04918e-06
5,37,2.3373e-06
5,38,4.74554e-07
5,39,7.47249e-08
5,40,8.98271e-09
5,41,8.06272e-10
5,42,5.22025e-11
5,43,2.29975e-12
5,44,6.16333e-14
5,45,7.5769e-16
5,46,0
5,47,0
5,48,0
5,49,0
6,0,0
6,1,0
6,2,0
6,3,0
6,4,7.2161e-16
6,5,6.16332e-14
6,6,2.42071e-12
6,7,5.79901e-11
6,8,9.47821e-10
6,9,1.12054e-08
6,10,9.91732e-08
6,11,6.71539e-07
6,12,3.53103e-06
6,13,1.45887e-05
6,14,4.79493e-05
6,15,0.000127483
6,16,0.000280905
6,17,0.00052936
6,18,0.00088108
6,19,0.00132784
6,20,0.0018419
6,21,0.00237899
6,22,0.00288356
6,23,0.00329713
6,24,0.00356881
6,25,0.0036634
6,26,0.00356881
6,27,0.00329713
6,28,0.00288356
6,29,0.00237899
6,30,0.0018419
6,31,0.00132784
6,32,0.00088108
6,33,0.00052936
6,34,0.000280905
6,35,0.000127483
6,36,4.79493e-05
6,37,1.45887e-05
6,38,3.53103e-06
6,39,6.71539e-07
6,40,9.91732e-08
6,41,1.12054e-08
6,42,9.47821e-10
6,43,5.79901e-11
6,44,2.42071e-12
6,45,6.16333e-14
6,46,7.2161e-16
6,47,0
6,48,0
6,49,0
7,0,0
7,1,0
7,2,0
7,3,6.23208e-16
7,4,5.57634e-14
7,5,2.29975e-12
7,6,5.79901e-11
7,7,1.00022e-09
7,8,1.25111e-08
7,9,1.17449e-07
7,10,8.45405e-07
7,11,4.73225e-06
7,12,2.0815e-05
7,13,7.26662e-05
7,14,0.000204049
7,15,0.000470572
7,16,0.000918722
7,17,0.00157333
7,18,0.00243574
7,19,0.00347501
7,20,0.00462552
7,21,0.00579477
7,22,0.00687022
7,23,0.00773938
7,24,0.00830461
7,25,0.00850077
7,26,0.00830461
7,27,0.00773938
7,28,0.00687022
7,29,0.00579477
7,30,0.00462552
7,31,0.00347501
7,32,0.00243574
7,33,0.00157333
7,34,0.000918722
7,35,0.000470572
7,36,0.000204049
7,37,7.26662e-05
7,38,2.0815e-05
7,39,4.73225e-06
7,40,8.45405e-07
7,41,1.17449e-07
7,42,1.25111e-08
7,43,1.00022e-09
7,44,5.79901e-11
7,45,2.29975e-12
7,46,5.57634e-14
7,47,6.23208e-16
7,48,0
7,49,0
8,0,0
8,1,0
8,2,4.87728e-16
8,3,4.56246e-14
8,4,1.9714e-12
8,5,5.22025e-11
8,6,9.47821e-10
8,7,1.25111e-08
8,8,1.24246e-07
8,9,9.48211e-07
8,10,5.63694e-06
8,11,2.63468e-05
8,12,9.75934e-05
8,13,0.000289439
8,14,0.000699068
8,15,0.0014139
8,16,0.00248641
8,17,0.00394265
8,18,0.00577113
8,19,0.00789718
8,20,0.0101931
8,21,0.0124801
8,22,0.0145512
8,23,0.0162066
8,24,0.0172737
8,25,0.0176436
8,26,0.0172737
8,27,0.0162066
8,28,0.0145512
8,29,0.0124801
8,30,0.0101931
8,31,0.00789718
8,32,0.00577113
8,33,0.00394265
8,34,0.00248641
8,35,0.0014139
8,36,0.000699067
8,37,0.000289439
8,38,9.75934e-05
8,39,2.63468e-05
8,40,5.63694e-06
8,41,9.48211e-07
8,42,1.24246e-07
8,43,1.25111e-08
8,44,9.47821e-10
8,45,5.22025e-11
8,46,1.9714e-12
8,47,4.56246e-14
8,48,4.87728e-16
8,49,0
9,0,0
9,1,3.45474e-16
9,2,3.37225e-14
9,3,1.5236e-12
9,4,4.2278e-11
9,5,8.06272e-10
9,6,1.12054e-08
9,7,1.17449e-07
9,8,9.48211e-07
9,9,5.97468e-06
9,10,2.96305e-05
9,11,0.000116394
9,12,0.000364859
9,13,0.000924755
9,14,0.00194184
9,15,0.00350906
9,16,0.00569526
9,17,0.00855334
9,18,0.0120396
9,19,0.0160038
9,20,0.0202076
9,21,0.024317
9,22,0.0279869
9,23,0.0308806
9,24,0.0327325
9,25,0.0333698
9,26,0.0327325
9,27,0.0308806
9,28,0.0279869
9,29,0.024317
9,30,0.0202076
9,31,0.0160038
9,32,0.0120396
9,33,0.00855334
9,34,0.00569526
9,35,0.00350906
9,36,0.00194184
9,37,0.000924754
9,38,0.000364859
9,39,0.000116394
9,40,2.96305e-05
9,41,5.97468e-06
9,42,9.48211e-07
9,43,1.17449e-07
9,44,1.12054e-08
9,45,8.06272e-10
9,46,4.2278e-11
9,47,1.5236e-12
9,48,3.37225e-14
9,49,2.07285e-16
10,0,0
10,1,2.24817e-14
10,2,1.06014e-12
10,3,3.07688e-11
10,4,6.15113e-10
10,5,8.98271e-09
10,6,9.91732e-08
10,7,8.45405e-07
10,8,5.63694e-06
10,9,2.96305e-05
10,10,0.000123417
10,11,0.000409466
10,12,0.0010925
10,13,0.00239209
10,14,0.00445805
10,15,0.00741935
10,16,0.011454
10,17,0.0166313
10,18,0.0228008
10,19,0.0296786
10,20,0.0367951
10,21,0.0435972
10,22,0.0495573
10,23,0.0541718
10,24,0.0571015
10,25,0.0580949
10,26,0.0571015
10,27,0.0541718
10,28,0.0495573
10,29,0.0435972
10,30,0.0367951
10,31,0.0296786
10,32,0.0228008
10,33,0.0166313
10,34,0.011454
10,35,0.00741935
10,36,0.00445805
10,37,0.00239209
10,38,0.0010925
10,39,0.000409465
10,40,0.000123417
10,41,2.96305e-05
10,42,5.63694e-06
10,43,8.45405e-07
10,44,9.91732e-08
10,45,8.98271e-09
10,46,6.15113e-10
10,47,3.07688e-11
10,48,1.06006e-12
10,49,1.409e-14
11,0,0
11,1,6.62669e-13
11,2,2.00856e-11
11,3,4.20196e-10
11,4,6.43652e-09
11,5,7.47249e-08
11,6,6.71539e-07
11,7,4.73225e-06
11,8,2.63468e-05
11,9,0.000116394
11,10,0.000409465
11,11,0.0011547
11,12,0.0026525
11,13,0.0051317
11,14,0.00879721
11,15,0.014003
11,16,0.0210486
11,17,0.0298285
11,18,0.039998
11,19,0.0509897
11,20,0.0619636
11,21,0.0721751
11,22,0.0808598
11,23,0.087462
11,24,0.0915796
11,25,0.0929719
11,26,0.0915796
11,27,0.087462
11,28,0.0808598
11,29,0.0721751
11,30,0.0619636
11,31,0.0509897
11,32,0.039998
11,33,0.0298285
11,34,0.0210486
11,35,0.014003
11,36,0.00879721
11,37,0.0051317
11,38,0.0026525
11,39,0.0011547
11,40,0.000409465
11,41,0.000116394
11,42,2.63468e-05
11,43,4.73225e-06
11,44,6.71539e-07
11,45,7.47249e-08
11,46,6.43652e-09
11,47,4.20196e-10
11,48,2.0081e-11
11,49,4.35068e-13
12,0,0
12,1,1.1724e-11
12,2,2.56428e-10
12,3,4.11396e-09
12,4,5.01516e-08
12,5,4.74554e-07
12,6,3.53103e-06
12,7,2.0815e-05
12,8,9.75934e-05
12,9,0.000364859
12,10,0.0010925
12,11,0.0026525
12,12,0.00537542
12,13,0.00956091
12,14,0.0157488
12,15,0.0245712
12,16,0.0360714
12,17,0.0497928
12,18,0.0651233
12,19,0.0809316
12,20,0.0961141
12,21,0.109734
12,22,0.120896
12,23,0.129211
12,24,0.13424
12,25,0.135972
12,26,0.13424
12,27,0.129211
12,28,0.120896
12,29,0.109734
12,30,0.0961141
12,31,0.0809316
12,32,0.0651233
12,33,0.0497928
12,34,0.0360714
12,35,0.0245712
12,36,0.0157488
12,37,0.00956091
12,38,0.00537543
12,39,0.0026525
12,40,0.0010925
12,41,0.000364859
12,42,9.75934e-05
12,43,2.0815e-05
12,44,3.53103e-06
12,45,4.74554e-07
12,46,5.01516e-08
12,47,4.11395e-09
12,48,2.56311e-10
12,49,8.089e-12
13,0,0
13,1,1.39175e-10
13,2,2.33873e-09
13,3,2.99037e-08
13,4,2.97661e-07
13,5,2.3373e-06
13,6,1.45887e-05
13,7,7.26662e-05
13,8,0.000289439
13,9,0.000924754
13,10,0.00239209
13,11,0.0051317
13,12,0.00956091
13,13,0.0163696
13,14,0.0265367
13,15,0.0404223
13,16,0.0574798
13,17,0.0770378
13,18,0.0978271
13,19,0.118136
13,20,0.13685
13,21,0.152717
13,22,0.165258
13,23,0.174197
13,24,0.179485
13,25,0.18127
13,26,0.179485
13,27,0.174196
13,28,0.165258
13,29,0.152717
13,30,0.13685
13,31,0.118136
13,32,0.0978271
13,33,0.0770378
13,34,0.0574798
13,35,0.0404223
13,36,0.0265367
13,37,0.0163695
13,38,0.00956091
13,39,0.0051317
13,40,0.00239209
13,41,0.000924754
13,42,0.000289439
13,43,7.26662e-05
13,44,1.45887e-05
13,45,2.3373e-06
13,46,2.97661e-07
13,47,2.99036e-08
13,48,2.33701e-09
13,49,1.01262e-10
14,0,0
14,1,1.17522e-09
14,2,1.57856e-08
14,3,1.65199e-07
14,4,1.36866e-06
14,5,9.04918e-06
14,6,4.79493e-05
14,7,0.000204049
14,8,0.000699067
14,9,0.00194184
14,10,0.00445805
14,11,0.00879721
14,12,0.0157488
14,13,0.0265367
14,14,0.0419882
14,15,0.0617029
14,16,0.084892
14,17,0.110314
14,18,0.135578
14,19,0.158977
14,20,0.179108
14,21,0.194959
14,22,0.206813
14,23,0.214569
14,24,0.219123
14,25,0.220464
14,26,0.219123
14,27,0.214569
14,28,0.206813
14,29,0.194959
14,30,0.179108
14,31,0.158977
14,32,0.135578
14,33,0.110314
14,34,0.084892
14,35,0.0617029
14,36,0.0419882
14,37,0.0265367
14,38,0.0157488
14,39,0.00879721
14,40,0.00445805
14,41,0.00194184
14,42,0.000699067
14,43,0.000204049
14,44,4.79493e-05
14,45,9.04918e-06
14,46,1.36866e-06
14,47,1.65198e-07
14,48,1.57693e-08
14,49,9.05026e-10
15,0,0
15,1,7.31509e-09
15,2,8.07824e-08
15,3,7.06343e-07
15,4,4.95118e-06
15,5,2.79566e-05
15,6,0.000127483
15,7,0.000470572
15,8,0.0014139
15,9,0.00350906
15,10,0.00741935
15,11,0.014003
15,12,0.0245712
15,13,0.0404223
15,14,0.0617029
15,15,0.0876165
15,16,0.116893
15,17,0.146731
15,18,0.174298
15,19,0.197941
15,20,0.216011
15,21,0.228907
15,22,0.237162
15,23,0.241897
15,24,0.244329
15,25,0.244952
15,26,0.244329
15,27,0.241897
15,28,0.237162
15,29,0.228907
15,30,0.216011
15,31,0.197941
15,32,0.174298
15,33,0.146731
15,34,0.116893
15,35,0.0876165
15,36,0.0617029
15,37,0.0404223
15,38,0.0245712
15,39,0.014003
15,40,0.00741935
15,41,0.00350906
15,42,0.0014139
15,43,0.000470572
15,44,0.000127483
15,45,2.79566e-05
15,46,4.95118e-06
15,47,7.06336e-07
15,48,8.06786e-08
15,49,5.9839e-09
16,0,0
16,1,3.44163e-08
16,2,3.19688e-07
16,3,2.37901e-06
16,4,1.4345e-05
16,5,7.03152e-05
16,6,0.000280905
16,7,0.000918722
16,8,0.00248641
16,9,0.00569526
16,10,0.011454
16,11,0.0210486
16,12,0.0360714
16,13,0.0574798
16,14,0.084892
16,15,0.116893
16,16,0.150575
16,17,0.18207
16,18,0.208736
16,19,0.228499
16,20,0.241039
16,21,0.247838
16,22,0.250116
16,23,0.250405
16,24,0.24967
16,25,0.249492
16,26,0.24967
16,27,0.250405
16,28,0.250116
16,29,0.247838
16,30,0.241039
16,31,0.228499
16,32,0.208736
16,33,0.18207
16,34,0.150575
16,35,0.116893
16,36,0.084892
16,37,0.0574798
16,38,0.0360714
16,39,0.0210486
16,40,0.011454
16,41,0.00569526
16,42,0.00248641
16,43,0.000918722
16,44,0.000280905
16,45,7.03152e-05
16,46,1.4345e-05
16,47,2.37898e-06
16,48,3.1924e-07
16,49,2.9997e-08
17,0,0
17,1,1.25047e-07
17,2,9.98087e-07
17,3,6.44396e-06
17,4,3.40667e-05
17,5,0.000147908
17,6,0.00052936
17,7,0.00157333
17,8,0.00394265
17,9,0.00855334
17,10,0.0166313
17,11,0.0298285
17,12,0.0497928
17,13,0.0770378
17,14,0.110314
17,15,0.146731
17,16,0.18207
17,17,0.212162
17,18,0.233992
17,19,0.246396
17,20,0.250822
17,21,0.24933
17,22,0.244862
17,23,0.23989
17,24,0.236114
17,25,0.23482
17,26,0.236114
17,27,0.23989
17,28,0.244862
17,29,0.24933
17,30,0.250822
17,31,0.246396
17,32,0.233992
17,33,0.212162
17,34,0.18207
17,35,0.146731
17,36,0.110314
17,37,0.0770378
17,38,0.0497928
17,39,0.0298285
17,40,0.0166313
17,41,0.00855334
17,42,0.00394265
17,43,0.00157333
17,44,0.00052936
17,45,0.000147908
17,46,3.40667e-05
17,47,6.44383e-06
17,48,9.96849e-07
17,49,1.1632e-07
18,0,0
18,1,3.58878e-07
18,2,2.51689e-06
18,3,1.44039e-05
18,4,6.82362e-05
18,5,0.000268433
18,6,0.00088108
18,7,0.00243574
18,8,0.00577113
18,9,0.0120396
18,10,0.0228008
18,11,0.039998
18,12,0.0651233
18,13,0.0978271
18,14,0.135578
18,15,0.174298
18,16,0.208736
18,17,0.233992
18,18,0.24786
18,19,0.250939
18,20,0.245733
18,21,0.235918
18,22,0.224943
18,23,0.215412
18,24,0.20911
18,25,0.20689
18,26,0.20911
18,27,0.215412
18,28,0.224942
18,29,0.235918
18,30,0.245733
18,31,0.250939
18,32,0.24786
18,33,0.233992
18,34,0.208736
18,35,0.174298
18,36,0.135578
18,37,0.0978271
18,38,0.0651233
18,39,0.039998
18,40,0.0228008
18,41,0.0120396
18,42,0.00577113
18,43,0.00243574
18,44,0.00088108
18,45,0.000268433
18,46,6.82362e-05
18,47,1.44036e-05
18,48,2.51522e-06
18,49,3.55959e-07
19,0,0
19,1,8.35198e-07
19,2,5.27033e-06
19,3,2.73545e-05
19,4,0.000118743
19,5,0.000432404
19,6,0.00132784
19,7,0.00347501
19,8,0.00789718
19,9,0.0160038
19,10,0.0296786
19,11,0.0509897
19,12,0.0809316
19,13,0.118136
19,14,0.158977
19,15,0.197941
19,16,0.228499
19,17,0.246396
19,18,0.250939
19,19,0.243914
19,20,0.229793
19,21,0.212947
19,22,0.197015
19,23,0.184476
19,24,0.176461
19,25,0.173811
19,26,0.176461
19,27,0.184476
19,28,0.197015
19,29,0.212947
19,30,0.229793
19,31,0.243914
19,32,0.250939
19,33,0.246396
19,34,0.228499
19,35,0.197941
19,36,0.158977
19,37,0.118136
19,38,0.0809316
19,39,0.0509897
19,40,0.0296786
19,41,0.0160038
19,42,0.00789718
19,43,0.00347501
19,44,0.00132784
19,45,0.000432404
19,46,0.000118743
19,47,2.73543e-05
19,48,5.27242e-06
19,49,8.79344e-07
20,0,0
20,1,1.62249e-06
20,2,9.42894e-06
20,3,4.53504e-05
20,4,0.000183965
20,5,0.000631162
20,6,0.0018419
20,7,0.00462552
20,8,0.0101931
20,9,0.0202076
20,10,0.0367951
20,11,0.0619636
20,12,0.0961141
20,13,0.13685
20,14,0.179108
20,15,0.216011
20,16,0.241039
20,17,0.250822
20,18,0.245733
20,19,0.229793
20,20,0.208572
20,21,0.186752
20,22,0.168001
20,23,0.153749
20,24,0.145119
20,25,0.142103
20,26,0.145119
20,27,0.153749
20,28,0.168001
20,29,0.186752
20,30,0.208572
20,31,0.229793
20,32,0.245733
20,33,0.250822
20,34,0.241039
20,35,0.216011
20,36,0.179108
20,37,0.13685
20,38,0.0961141
20,39,0.0619636
20,40,0.0367951
20,41,0.0202076
20,42,0.0101931
20,43,0.00462552
20,44,0.0018419
20,45,0.000631162
20,46,0.000183965
20,47,4.53517e-05
20,48,9.44646e-06
20,49,1.79891e-06
21,0,0
21,1,2.70326e-06
21,2,1.47644e-05
21,3,6.70204e-05
21,4,0.000258222
21,5,0.000846889
21,6,0.00237899
21,7,0.00579477
21,8,0.0124802
21,9,0.024317
21,10,0.0435972
21,11,0.0721751
21,12,0.109734
21,13,0.152717
21,14,0.194959
21,15,0.228907
21,16,0.247838
21,17,0.24933
21,18,0.235918
21,19,0.212947
21,20,0.186752
21,21,0.162232
21,22,0.142011
21,23,0.127272
21,24,0.118231
21,25,0.115138
21,26,0.118231
21,27,0.127272
21,28,0.142011
21,29,0.162232
21,30,0.186752
21,31,0.212947
21,32,0.235918
21,33,0.24933
21,34,0.247838
21,35,0.228907
21,36,0.194959
21,37,0.152717
21,38,0.109734
21,39,0.0721751
21,40,0.0435972
21,41,0.024317
21,42,0.0124801
21,43,0.00579477
21,44,0.00237899
21,45,0.000846889
21,46,0.000258222
21,47,6.70256e-05
21,48,1.48161e-05
21,49,3.12543e-06
22,0,0
22,1,3.94501e-06
22,2,2.05958e-05
22,3,8.96133e-05
22,4,0.000332511
22,5,0.00105532
22,6,0.00288356
22,7,0.00687022
22,8,0.0145512
22,9,0.0279869
22,10,0.0495573
22,11,0.0808598
22,12,0.120896
22,13,0.165258
22,14,0.206813
22,15,0.237162
22,16,0.250116
22,17,0.244862
22,18,0.224943
22,19,0.197015
22,20,0.168001
22,21,0.142011
22,22,0.121387
22,23,0.106189
22,24,0.0965832
22,25,0.0929179
22,26,0.0965832
22,27,0.106189
22,28,0.121387
22,29,0.142011
22,30,0.168001
22,31,0.197016
22,32,0.224943
22,33,0.244862
22,34,0.250116
22,35,0.237162
22,36,0.206813
22,37,0.165258
22,38,0.120896
22,39,0.0808598
22,40,0.0495573
22,41,0.0279869
22,42,0.0145512
22,43,0.00687022
22,44,0.00288356
22,45,0.00105532
22,46,0.000332512
22,47,8.96253e-05
22,48,2.07001e-05
22,49,4.70933e-06
23,0,0
23,1,5.11806e-06
23,2,2.59155e-05
23,3,0.000109551
23,4,0.000396179
23,5,0.00122955
23,6,0.00329713
23,7,0.00773938
23,8,0.0162066
23,9,0.0308806
23,10,0.0541718
23,11,0.087462
23,12,0.12921
23,13,0.174196
23,14,0.214569
23,15,0.241898
23,16,0.250405
23,17,0.23989
23,18,0.215412
23,19,0.184476
23,20,0.153749
23,21,0.127272
23,22,0.106189
23,23,0.0900665
23,24,0.0784166
23,25,0.0727535
23,26,0.0784167
23,27,0.0900664
23,28,0.106189
23,29,0.127272
23,30,0.153749
23,31,0.184476
23,32,0.215412
23,33,0.23989
23,34,0.250405
23,35,0.241897
23,36,0.214569
23,37,0.174196
23,38,0.129211
23,39,0.087462
23,40,0.0541718
23,41,0.0308806
23,42,0.0162066
23,43,0.00773938
23,44,0.00329713
23,45,0.00122955
23,46,0.000396181
23,47,0.000109572
23,48,2.60801e-05
23,49,6.24835e-06
24,0,0
24,1,5.96136e-06
24,2,2.96555e-05
24,3,0.000123271
24,4,0.000439177
24,5,0.00134541
24,6,0.00356881
24,7,0.00830461
24,8,0.0172737
24,9,0.0327325
24,10,0.0571015
24,11,0.0915796
24,12,0.13424
24,13,0.179485
24,14,0.219123
24,15,0.244329
24,16,0.24967
24,17,0.236114
24,18,0.20911
24,19,0.176461
24,20,0.145119
24,21,0.118231
24,22,0.0965831
24,23,0.0784167
24,24,0.0619577
24,25,0.0484488
24,26,0.0619578
24,27,0.0784166
24,28,0.0965831
24,29,0.118231
24,30,0.145119
24,31,0.176461
24,32,0.20911
24,33,0.236114
24,34,0.24967
24,35,0.24433
24,36,0.219123
24,37,0.179485
24,38,0.13424
24,39,0.0915796
24,40,0.0571015
24,41,0.0327325
24,42,0.0172737
24,43,0.00830461
24,44,0.00356881
24,45,0.00134541
24,46,0.00043918
24,47,0.000123298
24,48,2.98685e-05
24,49,7.37516e-06
25,0,0
25,1,6.26846e-06
25,2,3.10028e-05
25,3,0.000128164
25,4,0.000454376
25,5,0.00138603
25,6,0.0036634
25,7,0.00850077
25,8,0.0176436
25,9,0.0333698
25,10,0.0580949
25,11,0.0929719
25,12,0.135972
25,13,0.18127
25,14,0.220464
25,15,0.244952
25,16,0.249492
25,17,0.23482
25,18,0.20689
25,19,0.173811
25,20,0.142103
25,21,0.115138
25,22,0.092918
25,23,0.0727537
25,24,0.0484487
25,25,0.00218749
25,26,0.0484486
25,27,0.0727538
25,28,0.0929181
25,29,0.115138
25,30,0.142103
25,31,0.173811
25,32,0.20689
25,33,0.23482
25,34,0.249492
25,35,0.244952
25,36,0.220464
25,37,0.18127
25,38,0.135972
25,39,0.0929719
25,40,0.0580949
25,41,0.0333698
25,42,0.0176436
25,43,0.00850077
25,44,0.0036634
25,45,0.00138603
25,46,0.000454379
25,47,0.000128195
25,48,3.12346e-05
25,49,7.78931e-06
26,0,0
26,1,5.96136e-06
26,2,2.96555e-05
26,3,0.000123271
26,4,0.000439177
26,5,0.00134541
26,6,0.00356881
26,7,0.00830461
26,8,0.0172737
26,9,0.0327325
26,10,0.0571015
26,11,0.0915796
26,12,0.13424
26,13,0.179485
26,14,0.219123
26,15,0.244329
26,16,0.24967
26,17,0.236114
26,18,0.20911
26,19,0.176461
26,20,0.145119
26,21,0.118231
26,22,0.0965831
26,23,0.0784167
26,24,0.0619577
26,25,0.0484488
26,26,0.0619578
26,27,0.0784166
26,28,0.0965831
26,29,0.118231
26,30,0.145119
26,31,0.176461
26,32,0.20911
26,33,0.236114
26,34,0.24967
26,35,0.24433
26,36,0.219123
26,37,0.179485
26,38,0.13424
26,39,0.0915796
26,40,0.0571015
26,41,0.0327325
26,42,0.0172737
26,43,0.00830461
26,44,0.00356881
26,45,0.00134541
26,46,0.00043918
26,47,0.000123298
26,48,2.98685e-05
26,49,7.37516e-06
27,0,0
27,1,5.11806e-06
27,2,2.59155e-05
27,3,0.000109551
27,4,0.000396179
27,5,0.00122955
27,6,0.00329713
27,7,0.00773938
27,8,0.0162066
27,9,0.0308806
27,10,0.0541718
27,11,0.087462
27,12,0.12921
27,13,0.174196
27,14,0.214569
27,15,0.241898
27,16,0.250405
27,17,0.23989
27,18,0.215412
27,19,0.184476
27,20,0.153749
27,21,0.127272
27,22,0.106189
27,23,0.0900665
27,24,0.0784166
27,25,0.0727535
27,26,0.0784167
27,27,0.0900664
27,28,0.106189
27,29,0.127272
27,30,0.153749
27,31,0.184476
27,32,0.215412
27,33,0.23989
27,34,0.250405
27,35,0.241897
27,36,0.214569
27,37,0.174196
27,38,0.129211
27,39,0.087462
27,40,0.0541718
27,41,0.0308806
27,42,0.0162066
27,43,0.00773938
27,44,0.00329713
27,45,0.00122955
27,46,0.000396181
27,47,0.000109572
27,48,2.60801e-05
27,49,6.24835e-06
28,0,0
28,1,3.94501e-06
28,2,2.05958e-05
28,3,8.96133e-05
28,4,0.000332511
28,5,0.00105532
28,6,0.00288356
28,7,0.00687022
28,8,0.0145512
28,9,0.0279869
28,10,0.0495573
28,11,0.0808598
28,12,0.120896
28,13,0.165258
28,14,0.206813
28,15,0.237162
28,16,0.250116
28,17,0.244862
28,18,0.224943
28,19,0.197015
28,20,0.168001
28,21,0.142011
28,22,0.121387
28,23,0.106189
28,24,0.0965832
28,25,0.0929179
28,26,0.0965832
28,27,0.106189
28,28,0.121387
28,29,0.142011
28,30,0.168001
28,31,0.197016
28,32,0.224943
28,33,0.244862
28,34,0.250116
28,35,0.237162
28,36,0.206813
28,37,0.165258
28,38,0.120896
28,39,0.0808598
28,40,0.0495573
28,41,0.0279869
28,42,0.0145512
28,43,0.00687022
28,44,0.00288356
28,45,0.00105532
28,46,0.000332512
28,47,8.96253e-05
28,48,2.07001e-05
28,49,4.70933e-06
29,0,0
29,1,2.70326e-06
29,2,1.47644e-05
29,3,6.70204e-05
29,4,0.000258222
29,5,0.000846889
29,6,0.00237899
29,7,0.00579477
29,8,0.0124802
29,9,0.024317
29,10,0.0435972
29,11,0.0721751
29,12,0.109734
29,13,0.152717
29,14,0.194959
29,15,0.228907
29,16,0.247838
29,17,0.24933
29,18,0.235918
29,19,0.212947
29,20,0.186752
29,21,0.162232
29,22,0.142011
29,23,0.127272
29,24,0.118231
29,25,0.115138
29,26,0.118231
29,27,0.127272
29,28,0.142011
29,29,0.162232
29,30,0.186752
29,31,0.212947
29,32,0.235918
29,33,0.24933
29,34,0.247838
29,35,0.228907
29,36,0.194959
29,37,0.152717
29,38,0.109734
29,39,0.0721751
29,40,0.0435972
29,41,0.024317
29,42,0.0124801
29,43,0.00579477
29,44,0.00237899
29,45,0.000846889
29,46,0.000258222
29,47,6.70256e-05
29,48,1.48161e-05
29,49,3.12543e-06
30,0,0
30,1,1.62249e-06
30,2,9.42894e-06
30,3,4.53504e-05
30,4,0.000183965
30,5,0.000631162
30,6,0.0018419
30,7,0.00462552
30,8,0.0101931
30,9,0.0202076
30,10,0.0367951
30,11,0.0619636
30,12,0.0961141
30,13,0.13685
30,14,0.179108
30,15,0.216011
30,16,0.241039
30,17,0.250822
30,18,0.245733
30,19,0.229793
30,20,0.208572
30,21,0.186752
30,22,0.168001
30,23,0.153749
30,24,0.145119
30,25,0.142103
30,26,0.145119
30,27,0.153749
30,28,0.168001
30,29,0.186752
30,30,0.208572
30,31,0.229793
30,32,0.245733
30,33,0.250822
30,34,0.241039
30,35,0.216011
30,36,0.179108
30,37,0.13685
30,38,0.0961141
30,39,0.0619636
30,40,0.0367951
30,41,0.0202076
30,42,0.0101931
30,43,0.00462552
30,44,0.0018419
30,45,0.000631162
30,46,0.000183965
30,47,4.53517e-05
30,48,9.44646e-06
30,49,1.79891e-06
31,0,0
31,1,8.35198e-07
31,2,5.27033e-06
31,3,2.73545e-05
31,4,0.000118743
31,5,0.000432404
31,6,0.00132784
31,7,0.00347501
31,8,0.00789718
31,9,0.0160038
31,10,0.0296786
31,11,0.0509897
31,12,0.0809316
31,13,0.118136
31,14,0.158977
31,15,0.197941
31,16,0.228499
31,17,0.246396
31,18,0.250939
31,19,0.243914
31,20,0.229793
31,21,0.212947
31,22,0.197015
31,23,0.184476
31,24,0.176461
31,25,0.173811
31,26,0.176461
31,27,0.184476
31,28,0.197015
31,29,0.212947
31,30,0.229793
31,31,0.243914
31,32,0.250939
31,33,0.246396
31,34,0.228499
31,35,0.197941
31,36,0.158977
31,37,0.118136
31,38,0.0809316
31,39,0.0509897
31,40,0.0296786
31,41,0.0160038
31,42,0.00789718
31,43,0.00347501
31,44,0.00132784
31,45,0.000432404
31,46,0.000118743
31,47,2.73543e-05
31,48,5.27242e-06
31,49,8.79344e-07
32,0,0
32,1,3.58878e-07
32,2,2.51689e-06
32,3,1.44039e-05
32,4,6.82362e-05
32,5,0.000268433
32,6,0.00088108
32,7,0.00243574
32,8,0.00577113
32,9,0.0120396
32,10,0.0228008
32,11,0.039998
32,12,0.0651233
32,13,0.0978271
32,14,0.135578
32,15,0.174298
32,16,0.208736
32,17,0.233992
32,18,0.24786
32,19,0.250939
32,20,0.245733
32,21,0.235918
32,22,0.224943
32,23,0.215412
32,24,0.20911
32,25,0.20689
32,26,0.20911
32,27,0.215412
32,28,0.224942
32,29,0.235918
32,30,0.245733
32,31,0.250939
32,32,0.24786
32,33,0.233992
32,34,0.208736
32,35,0.174298
32,36,0.135578
32,37,0.0978271
32,38,0.0651233
32,39,0.039998
32,40,0.0228008
32,41,0.0120396
32,42,0.00577113
32,43,0.00243574
32,44,0.00088108
32,45,0.000268433
32,46,6.82362e-05
32,47,1.44036e-05
32,48,2.51522e-06
32,49,3.55959e-07
33,0,0
33,1,1.25047e-07
33,2,9.98087e-07
33,3,6.44396e-06
33,4,3.40667e-05
33,5,0.000147908
33,6,0.00052936
33,7,0.00157333
33,8,0.00394265
33,9,0.00855334
33,10,0.0166313
33,11,0.0298285
33,12,0.0497928
33,13,0.0770378
33,14,0.110314
33,15,0.146731
33,16,0.18207
33,17,0.212162
33,18,0.233992
33,19,0.246396
33,20,0.250822
33,21,0.24933
33,22,0.244862
33,23,0.23989
33,24,0.236114
33,25,0.23482
33,26,0.236114
33,27,0.23989
33,28,0.244862
33,29,0.24933
33,30,0.250822
33,31,0.246396
33,32,0.233992
33,33,0.212162
33,34,0.18207
33,35,0.146731
33,36,0.110314
33,37,0.0770378
33,38,0.0497928
33,39,0.0298285
33,40,0.0166313
33,41,0.00855334
33,42,0.00394265
33,43,0.00157333
33,44,0.00052936
33,45,0.000147908
33,46,3.40667e-05
33,47,6.44383e-06
33,48,9.96849e-07
33,49,1.1632e-07
34,0,0
34,1,3.44163e-08
34,2,3.19688e-07
34,3,2.37901e-06
34,4,1.4345e-05
34,5,7.03152e-05
34,6,0.000280905
34,7,0.000918722
34,8,0.00248641
34,9,0.00569526
34,10,0.011454
34,11,0.0210486
34,12,0.0360714
34,13,0.0574798
34,14,0.084892
34,15,0.116893
34,16,0.150575
34,17,0.18207
34,18,0.208736
34,19,0.228499
34,20,0.241039
34,21,0.247838
34,22,0.250116
34,23,0.250405
34,24,0.24967
34,25,0.249492
34,26,0.24967
34,27,0.250405
34,28,0.250116
34,29,0.247838
34,30,0.241039
34,31,0.228499
34,32,0.208736
34,33,0.18207
34,34,0.150575
34,35,0.116893
34,36,0.084892
34,37,0.0574798
34,38,0.0360714
34,39,0.0210486
34,40,0.011454
34,41,0.00569526
34,42,0.00248641
34,43,0.000918722
34,44,0.000280905
34,45,7.03152e-05
34,46,1.4345e-05
34,47,2.37898e-06
34,48,3.1924e-07
34,49,2.9997e-08
35,0,0
35,1,7.31509e-09
35,2,8.07824e-08
35,3,7.06343e-07
35,4,4.95118e-06
35,5,2.79566e-05
35,6,0.000127483
35,7,0.000470572
35,8,0.0014139
35,9,0.00350906
35,10,0.00741935
35,11,0.014003
35,12,0.0245712
35,13,0.0404223
35,14,0.0617029
35,15,0.0876165
35,16,0.116893
35,17,0.146731
35,18,0.174298
35,19,0.197941
35,20,0.216011
35,21,0.228907
35,22,0.237162
35,23,0.241897
35,24,0.244329
35,25,0.244952
35,26,0.244329
35,27,0.241897
35,28,0.237162
35,29,0.228907
35,30,0.216011
35,31,0.197941
35,32,0.174298
35,33,0.146731
35,34,0.116893
35,35,0.0876165
35,36,0.0617029
35,37,0.0404223
35,38,0.0245712
35,39,0.014003
35,40,0.00741935
35,41,0.00350906
35,42,0.0014139
35,43,0.000470572
35,44,0.000127483
35,45,2.79566e-05
35,46,4.95118e-06
35,47,7.06336e-07
35,48,8.06786e-08
35,49,5.9839e-09
36,0,0
36,1,1.17522e-09
36,2,1.57856e-08
36,3,1.65199e-07
36,4,1.36866e-06
36,5,9.04918e-06
36,6,4.79493e-05
36,7,0.000204049
36,8,0.000699067
36,9,0.00194184
36,10,0.00445805
36,11,0.00879721
36,12,0.0157488
36,13,0.0265367
36,14,0.0419882
36,15,0.0617029
36,16,0.084892
36,17,0.110314
36,18,0.135578
36,19,0.158977
36,20,0.179108
36,21,0.194959
36,22,0.206813
36,23,0.214569
36,24,0.219123
36,25,0.220464
36,26,0.219123
36,27,0.214569
36,28,0.206813
36,29,0.194959
36,30,0.179108
36,31,0.158977
36,32,0.135578
36,33,0.110314
36,34,0.084892
36,35,0.0617029
36,36,0.0419882
36,37,0.0265367
36,38,0.0157488
36,39,0.00879721
36,40,0.00445805
36,41,0.00194184
36,42,0.000699067
36,43,0.000204049
36,44,4.79493e-05
36,45,9.04918e-06
36,46,1.36866e-06
36,47,1.65198e-07
36,48,1.57693e-08
36,49,9.05026e-10
37,0,0
37,1,1.39175e-10
37,2,2.33873e-09
37,3,2.99037e-08
37,4,2.97661e-07
37,5,2.3373e-06
37,6,1.45887e-05
37,7,7.26662e-05
37,8,0.000289439
37,9,0.000924754
37,10,0.00239209
37,11,0.0051317
37,12,0.00956091
37,13,0.0163696
37,14,0.0265367
37,15,0.0404223
37,16,0.0574798
37,17,0.0770378
37,18,0.0978271
37,19,0.118136
37,20,0.13685
37,21,0.152717
37,22,0.165258
37,23,0.174197
37,24,0.179485
37,25,0.18127
37,26,0.179485
37,27,0.174196
37,28,0.165258
37,29,0.152717
37,30,0.13685
37,31,0.118136
37,32,0.0978271
37,33,0.0770378
37,34,0.0574798
37,35,0.0404223
37,36,0.0265367
37,37,0.0163695
37,38,0.00956091
37,39,0.0051317
37,40,0.00239209
37,41,0.000924754
37,42,0.000289439
37,43,7.26662e-05
37,44,1.45887e-05
37,45,2.3373e-06
37,46,2.97661e-07
37,47,2.99036e-08
37,48,2.33701e-09
37,49,1.01262e-10
38,0,0
38,1,1.1724e-11
38,2,2.56428e-10
38,3,4.11396e-09
38,4,5.01516e-08
38,5,4.74554e-07
38,6,3.53103e-06
38,7,2.0815e-05
38,8,9.75934e-05
38,9,0.000364859
38,10,0.0010925
38,11,0.0026525
38,12,0.00537542
38,13,0.00956091
38,14,0.0157488
38,15,0.0245712
38,16,0.0360714
38,17,0.0497928
38,18,0.0651233
38,19,0.0809316
38,20,0.0961141
38,21,0.109734
38,22,0.120896
38,23,0.129211
38,24,0.13424
38,25,0.135972
38,26,0.13424
38,27,0.129211
38,28,0.120896
38,29,0.109734
38,30,0.0961141
38,31,0.0809316
38,32,0.0651233
38,33,0.0497928
38,34,0.0360714
38,35,0.0245712
38,36,0.0157488
38,37,0.00956091
38,38,0.00537543
38,39,0.0026525
38,40,0.0010925
38,41,0.000364859
38,42,9.75934e-05
38,43,2.0815e-05
38,44,3.53103e-06
38,45,4.74554e-07
38,46,5.01516e-08
38,47,4.11395e-09
38,48,2.56311e-10
38,49,8.089e-12
39,0,0
39,1,6.62669e-13
39,2,2.00856e-11
39,3,4.20196e-10
39,4,6.43652e-09
39,5,7.47249e-08
39,6,6.71539e-07
39,7,4.73225e-06
39,8,2.63468e-05
39,9,0.000116394
39,10,0.000409465
39,11,0.0011547
39,12,0.0026525
39,13,0.0051317
39,14,0.00879721
39,15,0.014003
39,16,0.0210486
39,17,0.0298285
39,18,0.039998
39,19,0.0509897
39,20,0.0619636
39,21,0.0721751
39,22,0.0808598
39,23,0.087462
39,24,0.0915796
39,25,0.0929719
39,26,0.0915796
39,27,0.087462
39,28,0.0808598
39,29,0.0721751
39,30,0.0619636
39,31,0.0509897
39,32,0.039998
39,33,0.0298285
39,34,0.0210486
39,35,0.014003
39,36,0.00879721
39,37,0.0051317
39,38,0.0026525
39,39,0.0011547
39,40,0.000409465
39,41,0.000116394
39,42,2.63468e-05
39,43,4.73225e-06
39,44,6.71539e-07
39,45,7.47249e-08
39,46,6.43652e-09
39,47,4.20196e-10
39,48,2.0081e-11
39,49,4.35068e-13
40,0,0
40,1,2.24817e-14
40,2,1.06014e-12
40,3,3.07688e-11
40,4,6.15113e-10
40,5,8.98271e-09
40,6,9.91732e-08
40,7,8.45405e-07
40,8,5.63694e-06
40,9,2.96305e-05
40,10,0.000123417
40,11,0.000409466
40,12,0.0010925
40,13,0.00239209
40,14,0.00445805
40,15,0.00741935
40,16,0.011454
40,17,0.0166313
40,18,0.0228008
40,19,0.0296786
40,20,0.0367951
40,21,0.0435972
40,22,0.0495573
40,23,0.0541718
40,24,0.0571015
40,25,0.0580949
40,26,0.0571015
40,27,0.0541718
40,28,0.0495573
40,29,0.0435972
40,30,0.0367951
40,31,0.0296786
40,32,0.0228008
40,33,0.0166313
40,34,0.011454
40,35,0.00741935
40,36,0.00445805
40,37,0.00239209
40,38,0.0010925
40,39,0.000409465
40,40,0.000123417
40,41,2.96305e-05
40,42,5.63694e-06
40,43,8.45405e-07
40,44,9.91732e-08
40,45,8.98271e-09
40,46,6.15113e-10
40,47,3.07688e-11
40,48,1.06006e-12
40,49,1.409e-14
41,0,0
41,1,3.45474e-16
41,2,3.37225e-14
41,3,1.5236e-12
41,4,4.2278e-11
41,5,8.06272e-10
41,6,1.12054e-08
41,7,1.17449e-07
41,8,9.48211e-07
41,9,5.97468e-06
41,10,2.96305e-05
41,11,0.000116394
41,12,0.000364859
41,13,0.000924755
41,14,0.00194184
41,15,0.00350906
41,16,0.00569526
41,17,0.00855334
41,18,0.0120396
41,19,0.0160038
41,20,0.0202076
41,21,0.024317
41,22,0.0279869
41,23,0.0308806
41,24,0.0327325
41,25,0.0333698
41,26,0.0327325
41,27,0.0308806
41,28,0.0279869
41,29,0.024317
41,30,0.0202076
41,31,0.0160038
41,32,0.0120396
41,33,0.00855334
41,34,0.00569526
41,35,0.00350906
41,36,0.00194184
41,37,0.000924754
41,38,0.000364859
41,39,0.000116394
41,40,2.96305e-05
41,41,5.97468e-06
41,42,9.48211e-07
41,43,1.17449e-07
41,44,1.12054e-08
41,45,8.06272e-10
41,46,4.2278e-11
41,47,1.5236e-12
41,48,3.37225e-14
41,49,2.07285e-16
42,0,0
42,1,0
42,2,4.87728e-16
42,3,4.56246e-14
42,4,1.9714e-12
42,5,5.22025e-11
42,6,9.47821e-10
42,7,1.25111e-08
42,8,1.24246e-07
42,9,9.48211e-07
42,10,5.63694e-06
42,11,2.63468e-05
42,12,9.75934e-05
42,13,0.000289439
42,14,0.000699068
42,15,0.0014139
42,16,0.00248641
42,17,0.00394265
42,18,0.00577113
42,19,0.00789718
42,20,0.0101931
42,21,0.0124801
42,22,0.0145512
42,23,0.0162066
42,24,0.0172737
42,25,0.0176436
42,26,0.0172737
42,27,0.0162066
42,28,0.0145512
42,29,0.0124801
42,30,0.0101931
42,31,0.00789718
42,32,0.00577113
42,33,0.00394265
42,34,0.00248641
42,35,0.0014139
42,36,0.000699067
42,37,0.000289439
42,38,9.75934e-05
42,39,2.63468e-05
42,40,5.63694e-06
42,41,9.48211e-07
42,42,1.24246e-07
42,43,1.25111e-08
42,44,9.47821e-10
42,45,5.22025e-11
42,46,1.9714e-12
42,47,4.56246e-14
42,48,4.87728e-16
42,49,0
43,0,0
43,1,0
43,2,0
43,3,6.23208e-16
43,4,5.57634e-14
43,5,2.29975e-12
43,6,5.79901e-11
43,7,1.00022e-09
43,8,1.25111e-08
43,9,1.17449e-07
43,10,8.45405e-07
43,11,4.73225e-06
43,12,2.0815e-05
43,13,7.26662e-05
43,14,0.000204049
43,15,0.000470572
43,16,0.000918722
43,17,0.00157333
43,18,0.00243574
43,19,0.00347501
43,20,0.00462552
43,21,0.00579477
43,22,0.00687022
43,23,0.00773938
43,24,0.00830461
43,25,0.00850077
43,26,0.00830461
43,27,0.00773938
43,28,0.00687022
43,29,0.00579477
43,30,0.00462552
43,31,0.00347501
43,32,0.00243574
43,33,0.00157333
43,34,0.000918722
43,35,0.000470572
43,36,0.000204049
43,37,7.26662e-05
43,38,2.0815e-05
43,39,4.73225e-06
43,40,8.45405e-07
43,41,1.17449e-07
43,42,1.25111e-08
43,43,1.00022e-09
43,44,5.79901e-11
43,45,2.29975e-12
43,46,5.57634e-14
43,47,6.23208e-16
43,48,0
43,49,0
44,0,0
44,1,0
44,2,0
44,3,0
44,4,7.2161e-16
44,5,6.16332e-14
44,6,2.42071e-12
44,7,5.79901e-11
44,8,9.47821e-10
44,9,1.12054e-08
44,10,9.91732e-08
44,11,6.71539e-07
44,12,3.53103e-06
44,13,1.45887e-05
44,14,4.79493e-05
44,15,0.000127483
44,16,0.000280905
44,17,0.00052936
44,18,0.00088108
44,19,0.00132784
44,20,0.0018419
44,21,0.00237899
44,22,0.00288356
44,23,0.00329713
44,24,0.00356881
44,25,0.0036634
44,26,0.00356881
44,27,0.00329713
44,28,0.00288356
44,29,0.00237899
44,30,0.0018419
44,31,0.00132784
44,32,0.00088108
44,33,0.00052936
44,34,0.000280905
44,35,0.000127483
44,36,4.79493e-05
44,37,1.45887e-05
44,38,3.53103e-06
44,39,6.71539e-07
44,40,9.91732e-08
44,41,1.12054e-08
44,42,9.47821e-10
44,43,5.79901e-11
44,44,2.42071e-12
44,45,6.16333e-14
44,46,7.2161e-16
44,47,0
44,48,0
44,49,0
45,0,0
45,1,0
45,2,0
45,3,0
45,4,0
45,5,7.5769e-16
45,6,6.16332e-14
45,7,2.29975e-12
45,8,5.22025e-11
45,9,8.06272e-10
45,10,8.98271e-09
45,11,7.47249e-08
45,12,4.74554e-07
45,13,2.3373e-06
45,14,9.04918e-06
45,15,2.79566e-05
45,16,7.03152e-05
45,17,0.000147908
45,18,0.000268433
45,19,0.000432404
45,20,0.000631162
45,21,0.000846888
45,22,0.00105532
45,23,0.00122955
45,24,0.00134541
45,25,0.00138603
45,26,0.00134541
45,27,0.00122955
45,28,0.00105532
45,29,0.000846888
45,30,0.000631162
45,31,0.000432404
45,32,0.000268433
45,33,0.000147908
45,34,7.03152e-05
45,35,2.79566e-05
45,36,9.04918e-06
45,37,2.3373e-06
45,38,4.74554e-07
45,39,7.47249e-08
45,40,8.98271e-09
45,41,8.06272e-10
45,42,5.22025e-11
45,43,2.29975e-12
45,44,6.16333e-14
45,45,7.5769e-16
45,46,0
45,47,0
45,48,0
45,49,0
46,0,0
46,1,0
46,2,0
46,3,0
46,4,0
46,5,0
46,6,7.2161e-16
46,7,5.57634e-14
46,8,1.9714e-12
46,9,4.2278e-11
46,10,6.15113e-10
46,11,6.43652e-09
46,12,5.01516e-08
46,13,2.97661e-07
46,14,1.36866e-06
46,15,4.95118e-06
46,16,1.4345e-05
46,17,3.40667e-05
46,18,6.82362e-05
46,19,0.000118743
46,20,0.000183965
46,21,0.000258222
46,22,0.000332512
46,23,0.000396181
46,24,0.00043918
46,25,0.000454379
46,26,0.00043918
46,27,0.000396181
46,28,0.000332512
46,29,0.000258222
46,30,0.000183965
46,31,0.000118743
46,32,6.82362e-05
46,33,3.40667e-05
46,34,1.4345e-05
46,35,4.95118e-06
46,36,1.36866e-06
46,37,2.97661e-07
46,38,5.01516e-08
46,39,6.43652e-09
46,40,6.15113e-10
46,41,4.2278e-11
46,42,1.9714e-12
46,43,5.57634e-14
46,44,7.2161e-16
46,45,0
46,46,0
46,47,0
46,48,0
46,49,0
47,0,0
47,1,0
47,2,0
47,3,0
47,4,0
47,5,0
47,6,0
47,7,6.23208e-16
47,8,4.56246e-14
47,9,1.5236e-12
47,10,3.07688e-11
47,11,4.20196e-10
47,12,4.11395e-09
47,13,2.99036e-08
47,14,1.65198e-07
47,15,7.06336e-07
47,16,2.37898e-06
47,17,6.44383e-06
47,18,1.44036e-05
47,19,2.73543e-05
47,20,4.53517e-05
47,21,6.70256e-05
47,22,8.96253e-05
47,23,0.000109572
47,24,0.000123298
47,25,0.000128195
47,26,0.000123298
47,27,0.000109572
47,28,8.96253e-05
47,29,6.70256e-05
47,30,4.53517e-05
47,31,2.73543e-05
47,32,1.44036e-05
47,33,6.44383e-06
47,34,2.37898e-06
47,35,7.06336e-07
47,36,1.65198e-07
47,37,2.99036e-08
47,38,4.11395e-09
47,39,4.20196e-10
47,40,3.07688e-11
47,41,1.5236e-12
47,42,4.56246e-14
47,43,6.23208e-16
47,44,0
47,45,0
47,46,0
47,47,0
47,48,0
47,49,0
48,0,0
48,1,0
48,2,0
48,3,0
48,4,0
48,5,0
48,6,0
48,7,0
48,8,4.87728e-16
48,9,3.37225e-14
48,10,1.06006e-12
48,11,2.0081e-11
48,12,2.56311e-10
48,13,2.33701e-09
48,14,1.57693e-08
48,15,8.06786e-08
48,16,3.1924e-07
48,17,9.96849e-07
48,18,2.51522e-06
48,19,5.27242e-06
48,20,9.44646e-06
48,21,1.48161e-05
48,22,2.07001e-05
48,23,2.60801e-05
48,24,2.98685e-05
48,25,3.12346e-05
48,26,2.98685e-05
48,27,2.60801e-05
48,28,2.07001e-05
48,29,1.48161e-05
48,30,9.44646e-06
48,31,5.27242e-06
48,32,2.51522e-06
48,33,9.96849e-07
48,34,3.1924e-07
48,35,8.06786e-08
48,36,1.57693e-08
48,37,2.33701e-09
48,38,2.56311e-10
48,39,2.0081e-11
48,40,1.06006e-12
48,41,3.37225e-14
48,42,4.87728e-16
48,43,0
48,44,0
48,45,0
48,46,0
48,47,0
48,48,0
48,49,0
49,0,0
49,1,0
49,2,0
49,3,0
49,4,0
49,5,0
49,6,0
49,7,0
49,8,0
49,9,2.07285e-16
49,10,1.409e-14
49,11,4.35068e-13
49,12,8.089e-12
49,13,1.01262e-10
49,14,9.05026e-10
49,15,5.9839e-09
49,16,2.9997e-08
49,17,1.1632e-07
49,18,3.55959e-07
49,19,8.79344e-07
49,20,1.79891e-06
49,21,3.12543e-06
49,22,4.70933e-06
49,23,6.24835e-06
49,24,7.37516e-06
49,25,7.78931e-06
49,26,7.37516e-06
49,27,6.24835e-06
49,28,4.70933e-06
49,29,3.12543e-06
49,30,1.79891e-06
49,31,8.79344e-07
49,32,3.55959e-07
49,33,1.1632e-07
49,34,2.9997e-08
49,35,5.9839e-09
49,36,9.05026e-10
49,37,1.01262e-10
49,38,8.089e-12
49,39,4.35068e-13
49,40,1.409e-14
49,41,2.07285e-16
49,42,0
49,43,0
49,44,0
49,45,0
49,46,0
49,47,0
49,48,0
49,49,0
